100
0.0 170.33041092099418 153.46141015636772 138.96781915664073 151.45897487708902 178.01746809513838 127.0542713324666 154.3654888681998 154.54498364958465 131.75390143938853 125.82554871056715 148.80254739444064 184.67479006636137 158.88451082208917 145.0702612180813 157.7314650737153 154.3654888681998 157.6129370717583 166.3983900208281 145.0702612180813 142.33397672418235 152.54518788570982 158.88451082208917 151.01198890498983 151.45897487708902 170.33041092099418 122.71070576455168 140.35766925244985 150.6446648363236 153.86402135243634 143.36214293714156 157.7866409942447 142.00089882222693 133.85110848869505 138.66765213533566 152.05250686993858 151.17146434389159 151.5171434811328 131.75390143938853 142.33397672418235 138.66765213533566 156.8599679000883 143.36214293714156 171.20180730450286 133.85110848869505 161.63515389606556 135.38220496862021 116.31338618680815 161.63515389606556 139.19377928343445 134.08558133304487 134.08558133304487 148.07190696971176 148.0872141784071 155.27235735299584 142.33397672418235 168.96652907927958 170.33041092099418 167.8610265382838 161.63515389606556 166.3983900208281 168.12323814917156 168.96652907927958 142.27796958966027 170.33041092099418 122.71070576455168 167.8610265382838 151.42950971922411 156.5729169108424 138.96781915664073 127.0542713324666 144.1227701733291 156.46225782383436 148.07190696971176 157.2981090889189 151.45897487708902 142.27796958966027 143.8401628187496 170.33041092099418 155.27235735299584 168.96652907927958 184.67479006636137 157.7314650737153 153.86402135243634 141.40350026654966 141.03215028645397 125.82554871056715 184.67479006636137 148.0872141784071 162.6208194781782 156.5111479087585 142.00089882222693 143.8401628187496 156.5729169108424 137.39691118889672 176.99977123214433 157.6129370717583 140.3441068570374 143.36214293714156 170.3979827874362
170.33041092099418 0.0 181.48492463473278 116.31338618680815 139.19377928343445 130.25847341485223 168.0065375432611 133.85110848869505 130.25847341485223 156.5111479087585 149.55054455186718 153.86402135243634 170.65842726201205 139.71841781626242 154.54498364958465 154.53658715492466 143.8401628187496 156.97125503519788 164.10958500300526 160.73938584386798 142.27796958966027 152.05250686993858 184.67479006636137 143.36214293714156 143.36214293714156 150.6446648363236 152.71980229635804 127.06000686477074 143.36214293714156 153.23049814123283 162.6208194781782 134.08558133304487 137.22405815467022 166.3983900208281 157.7314650737153 143.36214293714156 137.52122644149765 170.33041092099418 157.7866409942447 152.71980229635804 122.71070576455168 138.66765213533566 156.5729169108424 122.71070576455168 151.5171434811328 143.36214293714156 163.54823923724618 176.99977123214433 154.3654888681998 142.00089882222693 153.46141015636772 143.71837474643058 155.27235735299584 168.96652907927958 156.8599679000883 143.71837474643058 134.08680537190207 132.2586365192381 134.14919002123406 137.39691118889672 158.37234151999127 125.82554871056715 145.0702612180813 137.22405815467022 152.05250686993858 153.86402135243634 145.08577093227964 139.20876037753308 142.00089882222693 166.3983900208281 144.38515292195646 141.40350026654966 137.22405815467022 156.5729169108424 134.08558133304487 142.33397672418235 154.53658715492466 149.55054455186718 154.54498364958465 121.37741256906116 140.35766925244985 150.6446648363236 142.00089882222693 147.9503008112936 127.0542713324666 127.06000686477074 148.07190696971176 116.31338618680815 127.0542713324666 157.7314650737153 151.5171434811328 158.88451082208917 177.39860067038583 154.54498364958465 151.45897487708902 139.1416458385922 170.3979827874362 155.27235735299584 134.08558133304487 142.00089882222693
153.46141015636772 181.48492463473278 0.0 144.1227701733291 152.05250686993858 140.3441068570374 128.22394214335583 155.27235735299584 156.97125503519788 152.05250686993858 143.8401628187496 142.3692224169033 153.23049814123283 177.39860067038583 134.14919002123406 161.63515389606556 153.23049814123283 142.33397672418235 127.0542713324666 143.8401628187496 152.54518788570982 153.06503553879364 145.08577093227964 135.38220496862021 147.9503008112936 156.46225782383436 156.97125503519788 128.22394214335583 170.65842726201205 158.88451082208917 149.55054455186718 164.10958500300526 157.7314650737153 167.8610265382838 152.54518788570982 128.22394214335583 153.23049814123283 119.49260263783088 147.9503008112936 133.4064380146251 166.3983900208281 154.54498364958465 163.54823923724618 122.71070576455168 138.96781915664073 143.36214293714156 158.37234151999127 151.45897487708902 142.00089882222693 137.22405815467022 116.31338618680815 151.17146434389159 127.06000686477074 139.1416458385922 141.40350026654966 145.0702612180813 160.73938584386798 158.37234151999127 116.31338618680815 163.54823923724618 167.8610265382838 137.39691118889672 158.88451082208917 148.07190696971176 168.05014099952476 166.3983900208281 181.48492463473278 156.8599679000883 158.37234151999127 156.76863093476638 142.33397672418235 128.22394214335583 140.35766925244985 144.1227701733291 137.22405815467022 134.08558133304487 148.0872141784071 127.06000686477074 121.37741256906116 141.03215028645397 128.22394214335583 177.39860067038583 137.52122644149765 157.2981090889189 141.40350026654966 134.08558133304487 133.4064380146251 133.4064380146251 145.08577093227964 184.67479006636137 151.17146434389159 143.71837474643058 144.1227701733291 167.8610265382838 153.86402135243634 142.27796958966027 127.06000686477074 168.0065375432611 157.7314650737153 156.76863093476638
138.96781915664073 116.31338618680815 144.1227701733291 0.0 168.0065375432611 149.50317119068546 150.6446648363236 156.76863093476638 154.3654888681998 161.63515389606556 153.46141015636772 143.8401628187496 176.99977123214433 144.1227701733291 170.33041092099418 142.3692224169033 156.97125503519788 139.71841781626242 156.76863093476638 156.97125503519788 167.8610265382838 154.53658715492466 132.2586365192381 142.33397672418235 168.96652907927958 134.08680537190207 142.33397672418235 155.27235735299584 154.3654888681998 142.27796958966027 156.97125503519788 139.71841781626242 168.12323814917156 127.06000686477074 133.4064380146251 178.01746809513838 138.66765213533566 151.5171434811328 145.08577093227964 156.46225782383436 168.0065375432611 147.9503008112936 152.54518788570982 168.12323814917156 168.0065375432611 134.08558133304487 181.48492463473278 163.54823923724618 157.2981090889189 157.7866409942447 135.38220496862021 160.73938584386798 148.0872141784071 152.05250686993858 119.49260263783088 170.65842726201205 139.20876037753308 147.9503008112936 132.2586365192381 150.6446648363236 133.4064380146251 158.88451082208917 140.3441068570374 158.88451082208917 152.05250686993858 157.6129370717583 181.48492463473278 157.4150754882926 168.96652907927958 137.22405815467022 178.01746809513838 158.37234151999127 170.3979827874362 138.96781915664073 131.75390143938853 148.0872141784071 140.35766925244985 137.39691118889672 141.03215028645397 156.5729169108424 153.06503553879364 137.52122644149765 133.4064380146251 152.71980229635804 167.8610265382838 130.25847341485223 156.46225782383436 143.36214293714156 156.46225782383436 133.85110848869505 137.22405815467022 168.96652907927958 139.71841781626242 128.22394214335583 161.63515389606556 155.27235735299584 162.6208194781782 141.40350026654966 171.20180730450286 155.9157699094493
151.45897487708902 139.19377928343445 152.05250686993858 168.0065375432611 0.0 128.22394214335583 143.36214293714156 140.3441068570374 128.22394214335583 157.6129370717583 116.31338618680815 121.37741256906116 158.37234151999127 144.38515292195646 139.20876037753308 134.08558133304487 134.08680537190207 134.14919002123406 144.38515292195646 152.71980229635804 139.19377928343445 148.07190696971176 161.63515389606556 184.67479006636137 145.08577093227964 151.42950971922411 150.6446648363236 154.54498364958465 181.48492463473278 142.33397672418235 151.45897487708902 133.85110848869505 168.05014099952476 140.3441068570374 167.8610265382838 137.39691118889672 152.54518788570982 134.08558133304487 164.10958500300526 144.1227701733291 158.88451082208917 151.5171434811328 144.38515292195646 142.00089882222693 143.36214293714156 137.39691118889672 145.08577093227964 177.39860067038583 141.03215028645397 152.71980229635804 155.9157699094493 161.63515389606556 153.86402135243634 178.01746809513838 181.48492463473278 141.03215028645397 164.10958500300526 119.49260263783088 125.82554871056715 164.10958500300526 170.33041092099418 158.88451082208917 121.37741256906116 148.0872141784071 151.01198890498983 147.9503008112936 171.20180730450286 153.46141015636772 139.1416458385922 138.96781915664073 151.17146434389159 139.71841781626242 133.85110848869505 151.5171434811328 139.1416458385922 157.6129370717583 176.99977123214433 156.97125503519788 148.80254739444064 168.05014099952476 171.20180730450286 158.37234151999127 152.54518788570982 149.50317119068546 156.97125503519788 137.22405815467022 149.55054455186718 158.37234151999127 144.1227701733291 156.76863093476638 141.68958190068554 138.96781915664073 154.3654888681998 157.6129370717583 134.14919002123406 158.37234151999127 139.1416458385922 116.31338618680815 134.08558133304487 156.46225782383436
178.01746809513838 130.25847341485223 140.3441068570374 149.50317119068546 128.22394214335583 0.0 122.71070576455168 177.39860067038583 181.48492463473278 184.67479006636137 151.42950971922411 157.4150754882926 140.35766925244985 127.0542713324666 119.49260263783088 128.22394214335583 142.3692224169033 184.67479006636137 164.10958500300526 171.20180730450286 177.39860067038583 156.76863093476638 151.42950971922411 156.97125503519788 128.22394214335583 154.53658715492466 149.55054455186718 168.12323814917156 170.33041092099418 138.96781915664073 153.46141015636772 130.25847341485223 152.54518788570982 141.68958190068554 148.07190696971176 154.3654888681998 170.65842726201205 142.3692224169033 176.99977123214433 142.00089882222693 139.71841781626242 152.05250686993858 166.3983900208281 119.49260263783088 160.73938584386798 142.27796958966027 133.85110848869505 176.99977123214433 143.71837474643058 170.65842726201205 178.01746809513838 153.46141015636772 170.3979827874362 138.66765213533566 163.54823923724618 139.71841781626242 158.37234151999127 153.23049814123283 153.06503553879364 162.6208194781782 149.50317119068546 142.00089882222693 148.0872141784071 137.22405815467022 154.53658715492466 122.71070576455168 143.36214293714156 153.06503553879364 127.06000686477074 157.6129370717583 181.48492463473278 149.55054455186718 141.40350026654966 140.3441068570374 150.6446648363236 131.75390143938853 142.3692224169033 170.33041092099418 145.08577093227964 162.6208194781782 132.2586365192381 152.05250686993858 150.6446648363236 154.3654888681998 137.52122644149765 127.06000686477074 134.08680537190207 142.33397672418235 131.75390143938853 151.5171434811328 127.06000686477074 119.49260263783088 142.3692224169033 135.38220496862021 154.53658715492466 184.67479006636137 151.17146434389159 156.46225782383436 134.14919002123406 134.14919002123406
127.0542713324666 168.0065375432611 128.22394214335583 150.6446648363236 143.36214293714156 122.71070576455168 0.0 130.25847341485223 139.71841781626242 122.71070576455168 140.35766925244985 139.71841781626242 176.99977123214433 176.99977123214433 130.25847341485223 148.0872141784071 167.8610265382838 127.0542713324666 176.99977123214433 141.40350026654966 142.27796958966027 170.33041092099418 128.22394214335583 151.5171434811328 140.3441068570374 156.5729169108424 155.9157699094493 152.54518788570982 154.53658715492466 152.54518788570982 145.0702612180813 140.3441068570374 132.2586365192381 155.9157699094493 155.9157699094493 168.96652907927958 143.8401628187496 139.1416458385922 168.05014099952476 177.39860067038583 162.6208194781782 133.4064380146251 135.38220496862021 158.88451082208917 156.97125503519788 153.23049814123283 143.36214293714156 156.97125503519788 139.20876037753308 140.3441068570374 151.42950971922411 154.53658715492466 142.3692224169033 127.0542713324666 171.20180730450286 130.25847341485223 144.38515292195646 131.75390143938853 130.25847341485223 176.99977123214433 147.9503008112936 157.4150754882926 156.5111479087585 151.5171434811328 139.19377928343445 139.19377928343445 138.96781915664073 152.71980229635804 139.20876037753308 140.3441068570374 137.22405815467022 141.03215028645397 142.33397672418235 153.06503553879364 151.5171434811328 137.22405815467022 145.08577093227964 160.73938584386798 130.25847341485223 153.86402135243634 152.54518788570982 163.54823923724618 116.31338618680815 154.3654888681998 141.68958190068554 143.36214293714156 156.5729169108424 148.0872141784071 158.88451082208917 151.17146434389159 116.31338618680815 143.8401628187496 149.55600991064136 139.20876037753308 157.4150754882926 130.25847341485223 178.01746809513838 121.37741256906116 135.38220496862021 141.40350026654966
154.3654888681998 133.85110848869505 155.27235735299584 156.76863093476638 140.3441068570374 177.39860067038583 130.25847341485223 0.0 148.80254739444064 151.17146434389159 133.85110848869505 141.40350026654966 133.85110848869505 153.46141015636772 140.35766925244985 121.37741256906116 158.88451082208917 160.73938584386798 170.65842726201205 148.07190696971176 142.33397672418235 142.27796958966027 164.10958500300526 164.10958500300526 119.49260263783088 168.96652907927958 178.01746809513838 153.46141015636772 144.1227701733291 142.33397672418235 157.7314650737153 132.2586365192381 168.12323814917156 151.45897487708902 156.97125503519788 125.82554871056715 157.4150754882926 160.73938584386798 170.65842726201205 141.40350026654966 142.00089882222693 170.33041092099418 142.27796958966027 151.45897487708902 151.5171434811328 160.73938584386798 142.00089882222693 153.46141015636772 152.05250686993858 168.0065375432611 163.54823923724618 168.12323814917156 149.55600991064136 152.54518788570982 153.23049814123283 167.8610265382838 168.12323814917156 176.99977123214433 145.0702612180813 142.00089882222693 154.3654888681998 176.99977123214433 138.96781915664073 127.06000686477074 132.2586365192381 142.27796958966027 139.1416458385922 121.37741256906116 167.8610265382838 168.12323814917156 119.49260263783088 156.76863093476638 152.71980229635804 137.52122644149765 155.27235735299584 166.3983900208281 170.3979827874362 170.33041092099418 151.5171434811328 167.8610265382838 150.6446648363236 142.27796958966027 149.50317119068546 152.54518788570982 152.54518788570982 147.9503008112936 127.0542713324666 151.45897487708902 141.68958190068554 139.1416458385922 144.1227701733291 158.88451082208917 156.46225782383436 133.4064380146251 152.71980229635804 178.01746809513838 167.8610265382838 149.55054455186718 139.19377928343445 148.0872141784071
154.54498364958465 130.25847341485223 156.97125503519788 154.3654888681998 128.22394214335583 181.48492463473278 139.71841781626242 148.80254739444064 0.0 157.4150754882926 168.12323814917156 132.2586365192381 168.0065375432611 142.00089882222693 153.23049814123283 152.05250686993858 139.1416458385922 160.73938584386798 151.5171434811328 143.8401628187496 133.4064380146251 167.8610265382838 138.96781915664073 157.6129370717583 166.3983900208281 163.54823923724618 140.35766925244985 139.19377928343445 157.7314650737153 170.33041092099418 121.37741256906116 151.01198890498983 145.08577093227964 127.0542713324666 128.22394214335583 156.5111479087585 132.2586365192381 145.08577093227964 151.17146434389159 150.6446648363236 134.08558133304487 168.05014099952476 142.3692224169033 134.08680537190207 134.08680537190207 177.39860067038583 166.3983900208281 145.08577093227964 134.14919002123406 168.12323814917156 121.37741256906116 162.6208194781782 149.50317119068546 137.39691118889672 168.12323814917156 143.36214293714156 149.55054455186718 184.67479006636137 157.7866409942447 142.33397672418235 151.5171434811328 142.00089882222693 158.37234151999127 148.07190696971176 154.53658715492466 152.05250686993858 151.45897487708902 153.86402135243634 178.01746809513838 157.7314650737153 138.66765213533566 157.7866409942447 153.06503553879364 153.06503553879364 130.25847341485223 149.55600991064136 164.10958500300526 170.33041092099418 154.53658715492466 157.7314650737153 116.31338618680815 149.50317119068546 121.37741256906116 148.0872141784071 168.0065375432611 153.86402135243634 168.0065375432611 161.63515389606556 139.19377928343445 162.6208194781782 164.10958500300526 164.10958500300526 145.0702612180813 155.27235735299584 164.10958500300526 122.71070576455168 134.08680537190207 168.0065375432611 133.85110848869505 156.5729169108424
131.75390143938853 156.5111479087585 152.05250686993858 161.63515389606556 157.6129370717583 184.67479006636137 122.71070576455168 151.17146434389159 157.4150754882926 0.0 151.17146434389159 152.54518788570982 153.23049814123283 143.8401628187496 170.65842726201205 170.33041092099418 151.17146434389159 152.05250686993858 139.20876037753308 143.71837474643058 127.0542713324666 149.55600991064136 141.68958190068554 151.5171434811328 154.3654888681998 141.68958190068554 157.6129370717583 170.33041092099418 178.01746809513838 116.31338618680815 157.7314650737153 156.5729169108424 177.39860067038583 140.3441068570374 142.3692224169033 142.3692224169033 130.25847341485223 156.46225782383436 134.14919002123406 170.65842726201205 158.88451082208917 181.48492463473278 138.66765213533566 149.50317119068546 156.8599679000883 134.08558133304487 168.12323814917156 149.55054455186718 156.5111479087585 132.2586365192381 137.39691118889672 141.03215028645397 153.86402135243634 141.03215028645397 157.7314650737153 150.6446648363236 139.1416458385922 145.08577093227964 184.67479006636137 135.38220496862021 133.85110848869505 156.76863093476638 158.37234151999127 145.0702612180813 166.3983900208281 154.54498364958465 151.42950971922411 158.37234151999127 153.06503553879364 145.0702612180813 137.39691118889672 170.3979827874362 127.0542713324666 156.46225782383436 134.08558133304487 170.3979827874362 170.33041092099418 154.3654888681998 154.3654888681998 127.06000686477074 144.1227701733291 137.52122644149765 134.14919002123406 125.82554871056715 116.31338618680815 128.22394214335583 157.2981090889189 139.20876037753308 141.40350026654966 153.86402135243634 138.66765213533566 144.38515292195646 177.39860067038583 153.46141015636772 134.14919002123406 162.6208194781782 158.88451082208917 128.22394214335583 166.3983900208281 168.0065375432611
125.82554871056715 149.55054455186718 143.8401628187496 153.46141015636772 116.31338618680815 151.42950971922411 140.35766925244985 133.85110848869505 168.12323814917156 151.17146434389159 0.0 160.73938584386798 143.8401628187496 160.73938584386798 119.49260263783088 141.40350026654966 139.71841781626242 162.6208194781782 150.6446648363236 156.76863093476638 150.6446648363236 142.00089882222693 153.23049814123283 156.8599679000883 140.35766925244985 168.05014099952476 142.33397672418235 168.96652907927958 157.7866409942447 157.6129370717583 151.17146434389159 156.8599679000883 148.07190696971176 156.8599679000883 148.07190696971176 143.71837474643058 161.63515389606556 151.42950971922411 137.52122644149765 153.06503553879364 176.99977123214433 152.05250686993858 161.63515389606556 171.20180730450286 158.88451082208917 132.2586365192381 133.4064380146251 144.1227701733291 128.22394214335583 151.42950971922411 144.1227701733291 156.5729169108424 144.1227701733291 151.5171434811328 153.06503553879364 156.5111479087585 163.54823923724618 134.08680537190207 170.33041092099418 157.2981090889189 168.05014099952476 139.71841781626242 157.4150754882926 170.33041092099418 168.96652907927958 156.46225782383436 139.1416458385922 156.5729169108424 141.68958190068554 184.67479006636137 176.99977123214433 161.63515389606556 142.27796958966027 167.8610265382838 168.0065375432611 137.22405815467022 178.01746809513838 154.53658715492466 119.49260263783088 157.6129370717583 168.96652907927958 142.00089882222693 139.19377928343445 132.2586365192381 150.6446648363236 154.53658715492466 164.10958500300526 170.33041092099418 143.36214293714156 151.01198890498983 131.75390143938853 148.07190696971176 158.37234151999127 144.1227701733291 151.42950971922411 148.80254739444064 130.25847341485223 155.27235735299584 119.49260263783088 122.71070576455168
148.80254739444064 153.86402135243634 142.3692224169033 143.8401628187496 121.37741256906116 157.4150754882926 139.71841781626242 141.40350026654966 132.2586365192381 152.54518788570982 160.73938584386798 0.0 130.25847341485223 167.8610265382838 176.99977123214433 142.27796958966027 158.37234151999127 162.6208194781782 137.22405815467022 132.2586365192381 138.96781915664073 152.05250686993858 145.0702612180813 130.25847341485223 148.07190696971176 127.06000686477074 171.20180730450286 153.06503553879364 164.10958500300526 154.54498364958465 152.54518788570982 138.96781915664073 154.54498364958465 157.2981090889189 156.5111479087585 133.85110848869505 151.01198890498983 143.36214293714156 144.1227701733291 167.8610265382838 168.05014099952476 139.71841781626242 134.08558133304487 133.4064380146251 160.73938584386798 158.88451082208917 137.22405815467022 142.27796958966027 151.17146434389159 132.2586365192381 137.22405815467022 184.67479006636137 142.00089882222693 158.37234151999127 152.05250686993858 168.96652907927958 143.71837474643058 144.38515292195646 137.52122644149765 130.25847341485223 148.0872141784071 122.71070576455168 178.01746809513838 154.53658715492466 157.7866409942447 151.42950971922411 157.4150754882926 176.99977123214433 161.63515389606556 135.38220496862021 163.54823923724618 138.96781915664073 148.0872141784071 132.2586365192381 127.0542713324666 163.54823923724618 142.3692224169033 158.88451082208917 176.99977123214433 143.71837474643058 151.01198890498983 131.75390143938853 151.01198890498983 158.37234151999127 138.66765213533566 132.2586365192381 133.85110848869505 163.54823923724618 166.3983900208281 151.17146434389159 149.55054455186718 148.80254739444064 156.8599679000883 134.08558133304487 156.76863093476638 157.7314650737153 139.19377928343445 156.97125503519788 156.76863093476638 152.71980229635804
184.67479006636137 170.65842726201205 153.23049814123283 176.99977123214433 158.37234151999127 140.35766925244985 176.99977123214433 133.85110848869505 168.0065375432611 153.23049814123283 143.8401628187496 130.25847341485223 0.0 170.65842726201205 141.03215028645397 119.49260263783088 170.3979827874362 131.75390143938853 162.6208194781782 150.6446648363236 145.0702612180813 144.38515292195646 153.23049814123283 139.71841781626242 142.33397672418235 127.0542713324666 134.08680537190207 134.08680537190207 156.5111479087585 168.12323814917156 134.14919002123406 134.08680537190207 152.71980229635804 143.36214293714156 140.3441068570374 145.08577093227964 161.63515389606556 141.68958190068554 137.52122644149765 153.06503553879364 156.76863093476638 149.55054455186718 125.82554871056715 153.06503553879364 137.39691118889672 158.88451082208917 133.85110848869505 164.10958500300526 140.35766925244985 121.37741256906116 157.2981090889189 116.31338618680815 170.3979827874362 178.01746809513838 142.00089882222693 162.6208194781782 139.19377928343445 121.37741256906116 168.96652907927958 151.45897487708902 116.31338618680815 153.06503553879364 143.71837474643058 138.66765213533566 170.33041092099418 141.03215028645397 157.2981090889189 161.63515389606556 139.20876037753308 168.0065375432611 153.06503553879364 156.76863093476638 157.4150754882926 141.40350026654966 152.71980229635804 168.12323814917156 144.38515292195646 137.22405815467022 127.0542713324666 138.96781915664073 133.4064380146251 156.76863093476638 156.5111479087585 134.08558133304487 152.71980229635804 156.5111479087585 155.27235735299584 168.05014099952476 168.96652907927958 142.27796958966027 133.85110848869505 158.37234151999127 119.49260263783088 141.68958190068554 157.4150754882926 133.4064380146251 168.05014099952476 168.12323814917156 150.6446648363236 170.33041092099418
158.88451082208917 139.71841781626242 177.39860067038583 144.1227701733291 144.38515292195646 127.0542713324666 176.99977123214433 153.46141015636772 142.00089882222693 143.8401628187496 160.73938584386798 167.8610265382838 170.65842726201205 0.0 177.39860067038583 181.48492463473278 153.86402135243634 153.46141015636772 148.07190696971176 155.27235735299584 127.06000686477074 154.54498364958465 157.7314650737153 157.7314650737153 170.33041092099418 149.55054455186718 135.38220496862021 181.48492463473278 143.8401628187496 154.54498364958465 171.20180730450286 135.38220496862021 151.45897487708902 125.82554871056715 163.54823923724618 176.99977123214433 154.3654888681998 162.6208194781782 132.2586365192381 139.71841781626242 140.3441068570374 150.6446648363236 148.0872141784071 171.20180730450286 140.3441068570374 155.27235735299584 147.9503008112936 140.3441068570374 161.63515389606556 151.5171434811328 162.6208194781782 119.49260263783088 144.38515292195646 157.4150754882926 155.9157699094493 143.8401628187496 145.0702612180813 156.46225782383436 156.46225782383436 164.10958500300526 151.42950971922411 134.08680537190207 155.27235735299584 157.7314650737153 119.49260263783088 162.6208194781782 162.6208194781782 144.1227701733291 145.0702612180813 141.40350026654966 125.82554871056715 157.7314650737153 184.67479006636137 143.8401628187496 132.2586365192381 140.35766925244985 153.46141015636772 170.33041092099418 143.36214293714156 143.36214293714156 157.2981090889189 137.39691118889672 121.37741256906116 156.76863093476638 139.1416458385922 139.1416458385922 132.2586365192381 157.7314650737153 139.20876037753308 170.3979827874362 166.3983900208281 170.65842726201205 153.06503553879364 151.01198890498983 157.7314650737153 141.40350026654966 168.05014099952476 134.14919002123406 142.33397672418235 128.22394214335583
145.0702612180813 154.54498364958465 134.14919002123406 170.33041092099418 139.20876037753308 119.49260263783088 130.25847341485223 140.35766925244985 153.23049814123283 170.65842726201205 119.49260263783088 176.99977123214433 141.03215028645397 177.39860067038583 0.0 157.7866409942447 149.55054455186718 138.96781915664073 130.25847341485223 149.50317119068546 144.38515292195646 148.0872141784071 151.42950971922411 156.8599679000883 178.01746809513838 156.46225782383436 121.37741256906116 142.00089882222693 155.27235735299584 167.8610265382838 156.97125503519788 152.54518788570982 154.3654888681998 134.14919002123406 139.20876037753308 171.20180730450286 127.0542713324666 143.36214293714156 125.82554871056715 143.71837474643058 152.05250686993858 133.85110848869505 157.7866409942447 137.52122644149765 149.55054455186718 154.53658715492466 170.3979827874362 137.52122644149765 155.27235735299584 134.08680537190207 170.3979827874362 125.82554871056715 137.52122644149765 158.88451082208917 157.4150754882926 170.65842726201205 153.23049814123283 139.1416458385922 137.52122644149765 153.06503553879364 141.68958190068554 161.63515389606556 167.8610265382838 154.53658715492466 143.71837474643058 125.82554871056715 122.71070576455168 133.85110848869505 163.54823923724618 148.0872141784071 171.20180730450286 116.31338618680815 130.25847341485223 156.5111479087585 151.17146434389159 158.88451082208917 145.08577093227964 133.85110848869505 164.10958500300526 150.6446648363236 127.06000686477074 144.38515292195646 157.6129370717583 141.40350026654966 122.71070576455168 119.49260263783088 142.27796958966027 142.27796958966027 163.54823923724618 155.9157699094493 152.71980229635804 137.52122644149765 178.01746809513838 170.65842726201205 155.9157699094493 137.39691118889672 153.46141015636772 151.01198890498983 148.80254739444064 158.88451082208917
157.7314650737153 154.53658715492466 161.63515389606556 142.3692224169033 134.08558133304487 128.22394214335583 148.0872141784071 121.37741256906116 152.05250686993858 170.33041092099418 141.40350026654966 142.27796958966027 119.49260263783088 181.48492463473278 157.7866409942447 0.0 148.0872141784071 137.52122644149765 134.08680537190207 144.1227701733291 144.38515292195646 157.2981090889189 160.73938584386798 155.9157699094493 139.1416458385922 148.80254739444064 122.71070576455168 133.85110848869505 149.55600991064136 153.23049814123283 134.08680537190207 161.63515389606556 162.6208194781782 133.4064380146251 142.33397672418235 157.6129370717583 137.39691118889672 148.0872141784071 156.5111479087585 125.82554871056715 139.19377928343445 177.39860067038583 137.39691118889672 125.82554871056715 154.3654888681998 168.05014099952476 171.20180730450286 141.40350026654966 135.38220496862021 139.71841781626242 141.40350026654966 149.55054455186718 130.25847341485223 137.52122644149765 133.4064380146251 147.9503008112936 161.63515389606556 142.33397672418235 148.07190696971176 168.05014099952476 158.88451082208917 171.20180730450286 145.08577093227964 134.08680537190207 156.97125503519788 154.3654888681998 152.54518788570982 130.25847341485223 156.5729169108424 135.38220496862021 156.97125503519788 153.86402135243634 127.06000686477074 132.2586365192381 168.0065375432611 122.71070576455168 133.4064380146251 153.23049814123283 149.55600991064136 156.46225782383436 158.88451082208917 125.82554871056715 156.5111479087585 131.75390143938853 153.23049814123283 139.19377928343445 156.8599679000883 181.48492463473278 119.49260263783088 139.1416458385922 127.06000686477074 134.08558133304487 151.5171434811328 116.31338618680815 156.97125503519788 134.08680537190207 176.99977123214433 137.52122644149765 142.33397672418235 154.54498364958465
154.3654888681998 143.8401628187496 153.23049814123283 156.97125503519788 134.08680537190207 142.3692224169033 167.8610265382838 158.88451082208917 139.1416458385922 151.17146434389159 139.71841781626242 158.37234151999127 170.3979827874362 153.86402135243634 149.55054455186718 148.0872141784071 0.0 137.39691118889672 178.01746809513838 151.01198890498983 168.0065375432611 168.05014099952476 156.76863093476638 148.80254739444064 150.6446648363236 154.54498364958465 176.99977123214433 170.33041092099418 177.39860067038583 142.00089882222693 170.65842726201205 139.20876037753308 157.7866409942447 157.6129370717583 184.67479006636137 141.03215028645397 181.48492463473278 156.46225782383436 142.33397672418235 132.2586365192381 152.54518788570982 125.82554871056715 156.5729169108424 132.2586365192381 139.71841781626242 138.66765213533566 156.8599679000883 162.6208194781782 128.22394214335583 178.01746809513838 139.1416458385922 157.6129370717583 140.3441068570374 143.36214293714156 138.96781915664073 157.4150754882926 160.73938584386798 138.66765213533566 149.50317119068546 155.27235735299584 156.5111479087585 153.06503553879364 168.0065375432611 163.54823923724618 184.67479006636137 154.53658715492466 153.06503553879364 154.53658715492466 142.27796958966027 170.3979827874362 142.27796958966027 170.3979827874362 139.1416458385922 134.08558133304487 152.71980229635804 151.5171434811328 151.5171434811328 135.38220496862021 141.03215028645397 161.63515389606556 128.22394214335583 161.63515389606556 158.88451082208917 157.7314650737153 151.17146434389159 156.8599679000883 171.20180730450286 145.08577093227964 119.49260263783088 143.71837474643058 128.22394214335583 152.71980229635804 156.5111479087585 121.37741256906116 181.48492463473278 148.07190696971176 137.39691118889672 141.68958190068554 178.01746809513838 151.45897487708902
157.6129370717583 156.97125503519788 142.33397672418235 139.71841781626242 134.14919002123406 184.67479006636137 127.0542713324666 160.73938584386798 160.73938584386798 152.05250686993858 162.6208194781782 162.6208194781782 131.75390143938853 153.46141015636772 138.96781915664073 137.52122644149765 137.39691118889672 0.0 139.19377928343445 154.3654888681998 134.08558133304487 170.33041092099418 181.48492463473278 143.36214293714156 145.08577093227964 142.27796958966027 128.22394214335583 141.03215028645397 139.71841781626242 158.37234151999127 156.76863093476638 156.46225782383436 145.0702612180813 154.53658715492466 142.00089882222693 178.01746809513838 170.65842726201205 149.50317119068546 154.54498364958465 148.07190696971176 141.03215028645397 147.9503008112936 151.5171434811328 157.2981090889189 153.06503553879364 156.97125503519788 139.20876037753308 168.12323814917156 143.71837474643058 156.46225782383436 143.36214293714156 154.54498364958465 145.08577093227964 141.40350026654966 139.20876037753308 156.5111479087585 127.0542713324666 152.05250686993858 127.0542713324666 156.46225782383436 140.3441068570374 156.97125503519788 155.9157699094493 139.1416458385922 139.20876037753308 142.00089882222693 156.46225782383436 142.00089882222693 151.45897487708902 157.7866409942447 156.97125503519788 156.46225782383436 139.71841781626242 144.38515292195646 171.20180730450286 176.99977123214433 156.5111479087585 168.12323814917156 161.63515389606556 145.0702612180813 142.27796958966027 125.82554871056715 184.67479006636137 142.33397672418235 142.00089882222693 153.86402135243634 145.0702612180813 132.2586365192381 170.65842726201205 133.4064380146251 138.96781915664073 152.05250686993858 151.45897487708902 157.2981090889189 119.49260263783088 164.10958500300526 135.38220496862021 142.27796958966027 141.03215028645397 143.71837474643058
166.3983900208281 164.10958500300526 127.0542713324666 156.76863093476638 144.38515292195646 164.10958500300526 176.99977123214433 170.65842726201205 151.5171434811328 139.20876037753308 150.6446648363236 137.22405815467022 162.6208194781782 148.07190696971176 130.25847341485223 134.08680537190207 178.01746809513838 139.19377928343445 0.0 157.2981090889189 177.39860067038583 157.4150754882926 153.23049814123283 149.50317119068546 157.7314650737153 184.67479006636137 160.73938584386798 161.63515389606556 178.01746809513838 154.54498364958465 157.2981090889189 134.14919002123406 148.07190696971176 143.8401628187496 122.71070576455168 143.8401628187496 145.08577093227964 130.25847341485223 156.76863093476638 137.52122644149765 119.49260263783088 137.39691118889672 163.54823923724618 135.38220496862021 168.96652907927958 157.2981090889189 166.3983900208281 137.22405815467022 154.53658715492466 142.27796958966027 155.27235735299584 152.05250686993858 143.8401628187496 176.99977123214433 142.33397672418235 170.33041092099418 153.23049814123283 125.82554871056715 170.33041092099418 142.33397672418235 170.3979827874362 138.66765213533566 145.08577093227964 139.19377928343445 161.63515389606556 154.53658715492466 161.63515389606556 168.96652907927958 145.0702612180813 163.54823923724618 168.12323814917156 148.0872141784071 181.48492463473278 153.86402135243634 127.06000686477074 131.75390143938853 148.0872141784071 153.06503553879364 148.0872141784071 162.6208194781782 152.54518788570982 142.27796958966027 149.55054455186718 133.4064380146251 156.97125503519788 151.17146434389159 156.5729169108424 157.4150754882926 158.88451082208917 137.22405815467022 134.08558133304487 168.12323814917156 177.39860067038583 170.65842726201205 140.3441068570374 181.48492463473278 155.9157699094493 158.37234151999127 119.49260263783088 162.6208194781782
145.0702612180813 160.73938584386798 143.8401628187496 156.97125503519788 152.71980229635804 171.20180730450286 141.40350026654966 148.07190696971176 143.8401628187496 143.71837474643058 156.76863093476638 132.2586365192381 150.6446648363236 155.27235735299584 149.50317119068546 144.1227701733291 151.01198890498983 154.3654888681998 157.2981090889189 0.0 170.3979827874362 132.2586365192381 144.38515292195646 151.5171434811328 142.3692224169033 153.46141015636772 153.46141015636772 140.35766925244985 157.7314650737153 142.3692224169033 157.4150754882926 156.97125503519788 134.08558133304487 134.14919002123406 168.96652907927958 138.96781915664073 181.48492463473278 134.14919002123406 158.88451082208917 156.8599679000883 170.3979827874362 151.17146434389159 178.01746809513838 153.86402135243634 151.42950971922411 157.6129370717583 135.38220496862021 168.0065375432611 142.33397672418235 151.01198890498983 154.3654888681998 134.08680537190207 178.01746809513838 168.0065375432611 138.66765213533566 148.80254739444064 133.85110848869505 177.39860067038583 116.31338618680815 130.25847341485223 153.23049814123283 122.71070576455168 154.54498364958465 151.5171434811328 153.06503553879364 143.8401628187496 147.9503008112936 168.12323814917156 168.12323814917156 148.07190696971176 133.4064380146251 162.6208194781782 137.39691118889672 142.00089882222693 147.9503008112936 154.3654888681998 148.80254739444064 148.0872141784071 127.06000686477074 149.55054455186718 154.3654888681998 143.71837474643058 166.3983900208281 139.1416458385922 134.08680537190207 140.3441068570374 157.6129370717583 119.49260263783088 139.19377928343445 155.27235735299584 134.08558133304487 141.40350026654966 155.9157699094493 168.12323814917156 148.80254739444064 142.3692224169033 133.4064380146251 170.3979827874362 152.05250686993858 170.65842726201205
142.33397672418235 142.27796958966027 152.54518788570982 167.8610265382838 139.19377928343445 177.39860067038583 142.27796958966027 142.33397672418235 133.4064380146251 127.0542713324666 150.6446648363236 138.96781915664073 145.0702612180813 127.06000686477074 144.38515292195646 144.38515292195646 168.0065375432611 134.08558133304487 177.39860067038583 170.3979827874362 0.0 142.27796958966027 156.46225782383436 168.05014099952476 127.06000686477074 145.0702612180813 184.67479006636137 181.48492463473278 130.25847341485223 142.33397672418235 168.12323814917156 151.42950971922411 139.71841781626242 138.66765213533566 155.9157699094493 156.46225782383436 156.5111479087585 144.38515292195646 151.01198890498983 144.38515292195646 177.39860067038583 168.96652907927958 134.08680537190207 140.3441068570374 152.05250686993858 170.65842726201205 176.99977123214433 153.46141015636772 170.3979827874362 153.46141015636772 151.5171434811328 127.0542713324666 135.38220496862021 139.71841781626242 154.54498364958465 158.37234151999127 119.49260263783088 176.99977123214433 156.76863093476638 164.10958500300526 140.3441068570374 171.20180730450286 153.46141015636772 154.53658715492466 150.6446648363236 168.96652907927958 127.0542713324666 142.00089882222693 148.80254739444064 143.8401628187496 132.2586365192381 121.37741256906116 139.1416458385922 131.75390143938853 157.7866409942447 149.50317119068546 125.82554871056715 132.2586365192381 132.2586365192381 153.06503553879364 157.7866409942447 139.71841781626242 149.55600991064136 139.19377928343445 142.00089882222693 140.35766925244985 167.8610265382838 138.66765213533566 156.5729169108424 142.3692224169033 168.12323814917156 140.35766925244985 139.19377928343445 161.63515389606556 139.1416458385922 149.55054455186718 155.27235735299584 142.3692224169033 157.7866409942447 127.06000686477074
