100
0.0 96.38821814429723 95.50184317566325 100.8326659455103 111.27481360138398 115.743536350304 104.56942068219948 98.72015705770345 118.60573099895295 94.08955608781224 113.19082484760801 98.32617729892851 124.41890560460978 92.72513132785468 91.81825968063333 92.72513132785468 114.02492070230853 92.59135921169236 99.32002675082089 109.107218076347 88.87991345650352 64.49978765096759 94.41847413924916 124.41890560460978 94.41847413924916 88.35804473955038 109.71267925685963 109.4089735556713 88.86869927510328 114.02492070230853 109.71267925685963 130.79669400475484 115.743536350304 103.88301522478285 122.46939646729085 98.72015705770345 111.27481360138398 108.33605686625377 76.95767608845395 102.90287460547732 114.82632220997752 88.86869927510328 96.8016419946494 92.24164012839141 94.17079261806349 118.60573099895295 103.4693767398472 115.743536350304 64.49978765096759 88.86869927510328 114.02492070230853 96.8016419946494 132.4960643102721 118.60573099895295 113.07213948978153 104.56942068219948 126.09357156391616 106.98840123667956 80.24669977854404 92.59135921169236 93.29281725223596 94.47346270250675 94.58361695412343 104.71220217230025 105.62640553016352 109.107218076347 88.87991345650352 130.79669400475484 105.62640553016352 103.55573299062706 104.56942068219948 109.71267925685963 80.80735075508053 80.24669977854404 118.60573099895295 135.80246842617154 80.80735075508053 109.97130499140344 64.7627055467915 106.23182084654457 94.47346270250675 99.32002675082089 126.09357156391616 77.66405445212504 98.18720777547787 92.84263347567133 104.56942068219948 80.80735075508053 113.07213948978153 115.743536350304 100.8326659455103 102.90287460547732 102.90287460547732 80.80735075508053 109.71267925685963 102.73946400566321 108.33605686625377 93.99492810389346 101.73850286133079 130.79669400475484
96.38821814429723 0.0 103.4693767398472 88.87991345650352 106.03524488542897 80.80735075508053 110.03631502034737 103.4693767398472 94.1872036809402 103.93441553206513 93.99492810389346 88.35804473955038 88.65607116869003 79.83403391199192 88.65607116869003 91.81825968063333 96.8016419946494 106.77501284423538 104.71220217230025 109.97130499140344 130.79669400475484 94.58361695412343 132.4960643102721 98.32617729892851 109.4089735556713 94.1872036809402 79.83403391199192 70.80904494020123 94.58361695412343 78.90259877303406 102.73946400566321 90.48243307552973 113.07213948978153 109.42793420869106 80.80426859799806 109.97130499140344 78.59038716654307 109.71267925685963 92.59135921169236 103.55573299062706 132.4960643102721 98.72015705770345 109.107218076347 104.56942068219948 106.03524488542897 99.32002675082089 92.72513132785468 102.90287460547732 106.03524488542897 95.50184317566325 98.18720777547787 113.11248196185358 113.19082484760801 111.54187417033468 103.55573299062706 92.84263347567133 90.0785552168636 107.86209355402049 135.80246842617154 113.07213948978153 135.80246842617154 92.59135921169236 79.00498624039854 111.54187417033468 111.54187417033468 92.36431420076426 88.00948365612108 90.0785552168636 106.23182084654457 115.743536350304 108.33605686625377 104.57560422008801 104.56942068219948 113.19082484760801 88.86869927510328 104.56942068219948 98.32617729892851 86.77819586642684 103.93441553206513 90.0785552168636 106.77501284423538 64.7627055467915 98.72015705770345 64.49978765096759 80.80426859799806 80.80735075508053 80.80426859799806 98.72015705770345 96.91772583878259 91.81825968063333 135.80246842617154 77.66405445212504 88.65607116869003 64.49978765096759 92.36431420076426 114.02492070230853 89.64063072015128 103.93441553206513 109.71267925685963 94.08955608781224
95.50184317566325 103.4693767398472 0.0 103.55573299062706 132.4960643102721 130.79669400475484 88.86869927510328 92.59135921169236 93.99492810389346 106.98840123667956 88.35804473955038 107.06214100045253 80.80426859799806 114.82632220997752 106.98840123667956 78.90259877303406 70.80904494020123 79.00498624039854 101.80938895705297 118.60573099895295 92.59135921169236 100.8326659455103 97.7799654885937 70.80904494020123 86.77819586642684 93.29281725223596 80.80426859799806 130.79669400475484 92.84263347567133 70.80904494020123 103.93441553206513 111.54187417033468 92.59135921169236 96.91772583878259 88.00948365612108 79.30352746384746 107.236139952457 109.42793420869106 109.107218076347 94.58361695412343 118.60573099895295 109.71267925685963 77.66405445212504 91.83408310200836 88.35804473955038 89.64063072015128 99.32002675082089 96.46903273308189 114.82632220997752 110.03631502034737 94.41847413924916 79.83403391199192 102.73946400566321 106.03524488542897 88.00948365612108 104.57560422008801 96.38821814429723 80.80426859799806 94.17079261806349 98.32617729892851 122.46939646729085 92.6054642540788 93.99492810389346 110.97417451086162 96.38821814429723 122.46939646729085 88.35804473955038 110.97417451086162 111.54187417033468 124.41890560460978 80.24669977854404 109.4089735556713 107.236139952457 109.97130499140344 104.71220217230025 96.38821814429723 107.06214100045253 106.23182084654457 98.32617729892851 113.11248196185358 77.66405445212504 80.80735075508053 80.80735075508053 111.54187417033468 88.86869927510328 111.27481360138398 64.49978765096759 106.98840123667956 105.62640553016352 96.38821814429723 93.99492810389346 101.73850286133079 96.46903273308189 132.4960643102721 91.81825968063333 111.27481360138398 98.18720777547787 126.09357156391616 96.46903273308189 106.98840123667956
100.8326659455103 88.87991345650352 103.55573299062706 0.0 113.11248196185358 97.7799654885937 70.80904494020123 90.48243307552973 79.83403391199192 88.35804473955038 70.80904494020123 132.4960643102721 103.4693767398472 95.50184317566325 90.0785552168636 92.72513132785468 124.41890560460978 96.46903273308189 88.65607116869003 88.00948365612108 88.86869927510328 103.88301522478285 108.33605686625377 92.24164012839141 64.49978765096759 78.59038716654307 86.1233674962326 86.77819586642684 64.7627055467915 105.62640553016352 89.64063072015128 86.1233674962326 108.33605686625377 92.72513132785468 109.4089735556713 111.54187417033468 114.02492070230853 106.03524488542897 94.47346270250675 70.80904494020123 92.84263347567133 88.87991345650352 114.31144761455128 88.87991345650352 107.236139952457 107.86209355402049 92.36431420076426 92.72513132785468 91.83408310200836 115.743536350304 79.83403391199192 106.77501284423538 108.84798101192335 103.55573299062706 107.86209355402049 86.1233674962326 108.33605686625377 94.41847413924916 64.7627055467915 94.1872036809402 95.50184317566325 92.6054642540788 80.24669977854404 92.24164012839141 107.86209355402049 79.83403391199192 78.90259877303406 79.00498624039854 118.60573099895295 104.71220217230025 98.32617729892851 104.71220217230025 109.71267925685963 92.24164012839141 113.07213948978153 110.97417451086162 102.73946400566321 92.24164012839141 96.91772583878259 110.03631502034737 93.99492810389346 77.66405445212504 96.8016419946494 115.743536350304 86.1233674962326 94.17079261806349 107.236139952457 124.41890560460978 77.66405445212504 102.73946400566321 93.99492810389346 78.59038716654307 109.97130499140344 103.93441553206513 76.95767608845395 88.87991345650352 109.0534007794225 94.08955608781224 79.00498624039854 94.41847413924916
111.27481360138398 106.03524488542897 132.4960643102721 113.11248196185358 0.0 88.35804473955038 109.42793420869106 100.8326659455103 95.50184317566325 94.08955608781224 106.03524488542897 115.743536350304 110.7274985039636 80.24669977854404 92.0581406566478 70.80904494020123 130.79669400475484 113.19082484760801 94.58361695412343 92.72513132785468 105.62640553016352 79.00498624039854 86.77819586642684 114.02492070230853 77.66405445212504 78.90259877303406 96.8016419946494 135.80246842617154 109.107218076347 106.98840123667956 109.0534007794225 98.72015705770345 109.4089735556713 104.71220217230025 94.17079261806349 100.8326659455103 103.4693767398472 130.79669400475484 106.03524488542897 92.24164012839141 76.95767608845395 111.54187417033468 78.59038716654307 91.81825968063333 104.57560422008801 96.91772583878259 109.42793420869106 94.47346270250675 94.17079261806349 96.8016419946494 100.8326659455103 91.51137999514162 99.32002675082089 110.03631502034737 124.41890560460978 91.81825968063333 92.36431420076426 77.66405445212504 88.87991345650352 110.97417451086162 96.38821814429723 93.99492810389346 110.03631502034737 76.95767608845395 79.30352746384746 86.77819586642684 92.6054642540788 110.97417451086162 106.03524488542897 113.19082484760801 114.31144761455128 87.97157502132029 99.32002675082089 90.48243307552973 106.23182084654457 86.77819586642684 92.36431420076426 110.03631502034737 92.24164012839141 106.23182084654457 93.99492810389346 64.7627055467915 94.41847413924916 76.95767608845395 92.24164012839141 94.1872036809402 94.1872036809402 97.7799654885937 92.59135921169236 93.99492810389346 94.17079261806349 98.32617729892851 115.743536350304 94.17079261806349 114.82632220997752 93.29281725223596 124.41890560460978 101.80938895705297 80.24669977854404 89.64063072015128
115.743536350304 80.80735075508053 130.79669400475484 97.7799654885937 88.35804473955038 0.0 70.80904494020123 102.90287460547732 108.33605686625377 77.66405445212504 109.97130499140344 107.236139952457 109.0534007794225 92.36431420076426 94.1872036809402 126.09357156391616 80.24669977854404 92.84263347567133 96.8016419946494 94.1872036809402 97.7799654885937 89.64063072015128 92.72513132785468 94.58361695412343 80.80735075508053 122.46939646729085 135.80246842617154 104.71220217230025 80.80735075508053 113.19082484760801 98.72015705770345 110.7274985039636 87.97157502132029 86.77819586642684 102.90287460547732 106.03524488542897 110.7274985039636 92.24164012839141 122.46939646729085 92.84263347567133 113.11248196185358 77.66405445212504 109.42793420869106 80.24669977854404 111.27481360138398 91.51137999514162 91.81825968063333 80.80735075508053 79.83403391199192 106.23182084654457 99.32002675082089 64.49978765096759 94.17079261806349 114.82632220997752 64.49978765096759 92.84263347567133 78.90259877303406 94.17079261806349 91.51137999514162 78.90259877303406 122.46939646729085 103.88301522478285 103.88301522478285 110.97417451086162 86.77819586642684 130.79669400475484 111.27481360138398 94.08955608781224 108.84798101192335 95.50184317566325 87.97157502132029 78.59038716654307 104.56942068219948 88.86869927510328 87.97157502132029 80.24669977854404 124.41890560460978 94.58361695412343 111.27481360138398 106.98840123667956 109.71267925685963 90.0785552168636 92.24164012839141 88.35804473955038 80.24669977854404 80.80735075508053 76.95767608845395 88.90558644516616 88.86869927510328 80.24669977854404 122.46939646729085 118.60573099895295 99.32002675082089 107.06214100045253 104.57560422008801 76.95767608845395 107.236139952457 104.57560422008801 109.0534007794225 95.50184317566325
104.56942068219948 110.03631502034737 88.86869927510328 70.80904494020123 109.42793420869106 70.80904494020123 0.0 88.87991345650352 87.97157502132029 135.80246842617154 88.65607116869003 94.58361695412343 106.77501284423538 99.32002675082089 92.6054642540788 94.1872036809402 64.7627055467915 104.56942068219948 109.97130499140344 88.86869927510328 114.02492070230853 88.86869927510328 106.03524488542897 113.19082484760801 103.88301522478285 92.0581406566478 88.87991345650352 93.29281725223596 109.42793420869106 104.56942068219948 92.0581406566478 86.1233674962326 64.49978765096759 79.30352746384746 89.64063072015128 101.73850286133079 114.82632220997752 104.56942068219948 107.86209355402049 103.88301522478285 80.24669977854404 108.84798101192335 109.107218076347 111.54187417033468 108.84798101192335 88.86869927510328 102.90287460547732 79.83403391199192 92.36431420076426 135.80246842617154 79.00498624039854 91.83408310200836 92.24164012839141 110.03631502034737 90.48243307552973 94.58361695412343 109.71267925685963 92.84263347567133 78.90259877303406 96.8016419946494 106.23182084654457 88.86869927510328 107.236139952457 118.60573099895295 94.41847413924916 90.0785552168636 88.35804473955038 90.0785552168636 107.236139952457 103.93441553206513 94.58361695412343 98.72015705770345 91.83408310200836 102.90287460547732 106.98840123667956 107.236139952457 79.30352746384746 98.18720777547787 94.41847413924916 106.77501284423538 64.49978765096759 104.57560422008801 96.91772583878259 88.00948365612108 96.46903273308189 64.7627055467915 104.57560422008801 109.4089735556713 92.72513132785468 92.6054642540788 88.87991345650352 96.91772583878259 104.71220217230025 77.66405445212504 79.00498624039854 109.0534007794225 111.27481360138398 103.88301522478285 80.24669977854404 94.08955608781224
98.72015705770345 103.4693767398472 92.59135921169236 90.48243307552973 100.8326659455103 102.90287460547732 88.87991345650352 0.0 114.82632220997752 106.23182084654457 111.54187417033468 88.86869927510328 101.80938895705297 113.11248196185358 101.73850286133079 94.47346270250675 108.33605686625377 126.09357156391616 111.27481360138398 88.35804473955038 106.77501284423538 80.24669977854404 93.99492810389346 93.29281725223596 96.46903273308189 110.97417451086162 90.48243307552973 105.62640553016352 99.32002675082089 92.24164012839141 80.80735075508053 130.79669400475484 111.27481360138398 106.77501284423538 109.71267925685963 98.72015705770345 106.03524488542897 124.41890560460978 106.77501284423538 106.77501284423538 95.50184317566325 77.66405445212504 89.64063072015128 87.97157502132029 94.58361695412343 92.59135921169236 103.93441553206513 94.17079261806349 113.07213948978153 92.84263347567133 80.24669977854404 132.4960643102721 92.59135921169236 109.42793420869106 113.07213948978153 92.36431420076426 76.95767608845395 86.77819586642684 106.77501284423538 106.98840123667956 94.47346270250675 109.71267925685963 94.08955608781224 108.33605686625377 89.64063072015128 92.59135921169236 107.236139952457 111.54187417033468 114.82632220997752 88.00948365612108 124.41890560460978 96.8016419946494 80.80735075508053 78.90259877303406 109.97130499140344 87.97157502132029 92.59135921169236 93.29281725223596 105.62640553016352 77.66405445212504 114.82632220997752 109.107218076347 98.32617729892851 94.08955608781224 113.11248196185358 101.73850286133079 103.55573299062706 98.18720777547787 88.00948365612108 118.60573099895295 114.02492070230853 109.97130499140344 102.73946400566321 106.23182084654457 90.48243307552973 92.24164012839141 109.4089735556713 80.24669977854404 77.66405445212504 78.90259877303406
118.60573099895295 94.1872036809402 93.99492810389346 79.83403391199192 95.50184317566325 108.33605686625377 87.97157502132029 114.82632220997752 0.0 103.4693767398472 96.46903273308189 103.55573299062706 93.29281725223596 80.80735075508053 90.0785552168636 114.82632220997752 110.03631502034737 104.56942068219948 70.80904494020123 111.27481360138398 108.84798101192335 103.93441553206513 108.33605686625377 109.97130499140344 109.71267925685963 98.18720777547787 135.80246842617154 109.107218076347 105.62640553016352 111.27481360138398 113.11248196185358 106.77501284423538 113.19082484760801 109.42793420869106 109.42793420869106 106.98840123667956 104.57560422008801 94.17079261806349 94.41847413924916 94.58361695412343 105.62640553016352 109.97130499140344 113.19082484760801 109.107218076347 92.59135921169236 88.35804473955038 91.83408310200836 100.8326659455103 108.33605686625377 106.98840123667956 102.90287460547732 94.58361695412343 94.41847413924916 70.80904494020123 98.32617729892851 89.64063072015128 94.41847413924916 98.18720777547787 113.07213948978153 122.46939646729085 107.86209355402049 102.73946400566321 80.80735075508053 64.7627055467915 110.03631502034737 126.09357156391616 94.58361695412343 103.4693767398472 88.87991345650352 70.80904494020123 80.80735075508053 94.1872036809402 111.54187417033468 88.87991345650352 87.97157502132029 106.77501284423538 96.8016419946494 92.24164012839141 94.1872036809402 108.84798101192335 111.27481360138398 92.0581406566478 89.64063072015128 96.91772583878259 92.72513132785468 97.7799654885937 101.73850286133079 107.86209355402049 113.07213948978153 135.80246842617154 88.87991345650352 88.87991345650352 92.72513132785468 96.38821814429723 79.83403391199192 92.24164012839141 79.83403391199192 109.42793420869106 109.97130499140344 109.107218076347
94.08955608781224 103.93441553206513 106.98840123667956 88.35804473955038 94.08955608781224 77.66405445212504 135.80246842617154 106.23182084654457 103.4693767398472 0.0 86.1233674962326 97.7799654885937 91.81825968063333 103.93441553206513 109.0534007794225 79.30352746384746 113.11248196185358 91.81825968063333 114.31144761455128 96.8016419946494 86.77819586642684 93.29281725223596 92.59135921169236 95.50184317566325 104.57560422008801 90.0785552168636 94.58361695412343 109.107218076347 92.6054642540788 109.97130499140344 88.00948365612108 118.60573099895295 99.32002675082089 111.54187417033468 106.98840123667956 88.86869927510328 124.41890560460978 103.4693767398472 78.59038716654307 126.09357156391616 109.97130499140344 101.73850286133079 113.07213948978153 108.84798101192335 79.83403391199192 103.88301522478285 78.90259877303406 76.95767608845395 108.84798101192335 91.81825968063333 101.80938895705297 105.62640553016352 92.6054642540788 64.49978765096759 79.83403391199192 92.0581406566478 108.84798101192335 87.97157502132029 92.59135921169236 95.50184317566325 94.1872036809402 92.59135921169236 99.32002675082089 78.59038716654307 113.19082484760801 110.97417451086162 88.90558644516616 88.87991345650352 111.54187417033468 91.51137999514162 109.4089735556713 109.107218076347 109.107218076347 94.17079261806349 98.72015705770345 122.46939646729085 89.64063072015128 111.54187417033468 130.79669400475484 88.00948365612108 94.17079261806349 92.36431420076426 113.11248196185358 101.80938895705297 79.00498624039854 76.95767608845395 97.7799654885937 103.93441553206513 88.90558644516616 109.42793420869106 92.6054642540788 104.56942068219948 88.87991345650352 98.72015705770345 80.24669977854404 92.72513132785468 88.87991345650352 124.41890560460978 88.90558644516616 91.81825968063333
113.19082484760801 93.99492810389346 88.35804473955038 70.80904494020123 106.03524488542897 109.97130499140344 88.65607116869003 111.54187417033468 96.46903273308189 86.1233674962326 0.0 126.09357156391616 92.59135921169236 105.62640553016352 94.1872036809402 107.86209355402049 107.06214100045253 88.86869927510328 88.00948365612108 114.82632220997752 101.73850286133079 97.7799654885937 114.31144761455128 98.18720777547787 108.33605686625377 96.8016419946494 92.24164012839141 94.17079261806349 101.80938895705297 78.90259877303406 88.86869927510328 106.98840123667956 106.77501284423538 88.86869927510328 109.42793420869106 93.99492810389346 100.8326659455103 79.30352746384746 88.00948365612108 70.80904494020123 96.46903273308189 98.32617729892851 64.49978765096759 107.06214100045253 113.07213948978153 126.09357156391616 94.47346270250675 135.80246842617154 114.82632220997752 118.60573099895295 80.24669977854404 99.32002675082089 111.27481360138398 96.91772583878259 106.03524488542897 92.36431420076426 91.51137999514162 103.55573299062706 106.23182084654457 88.65607116869003 93.29281725223596 107.06214100045253 101.73850286133079 86.1233674962326 109.97130499140344 94.41847413924916 109.0534007794225 86.1233674962326 89.64063072015128 98.72015705770345 92.72513132785468 89.64063072015128 122.46939646729085 87.97157502132029 98.32617729892851 106.98840123667956 110.97417451086162 102.73946400566321 110.97417451086162 109.0534007794225 97.7799654885937 111.54187417033468 109.42793420869106 92.59135921169236 91.51137999514162 79.00498624039854 94.58361695412343 109.42793420869106 106.23182084654457 88.90558644516616 114.31144761455128 96.38821814429723 79.00498624039854 79.00498624039854 109.97130499140344 92.0581406566478 109.97130499140344 92.36431420076426 106.23182084654457 97.7799654885937
98.32617729892851 88.35804473955038 107.06214100045253 132.4960643102721 115.743536350304 107.236139952457 94.58361695412343 88.86869927510328 103.55573299062706 97.7799654885937 126.09357156391616 0.0 110.97417451086162 107.86209355402049 94.17079261806349 94.47346270250675 96.91772583878259 107.86209355402049 92.24164012839141 102.90287460547732 108.33605686625377 78.90259877303406 122.46939646729085 115.743536350304 96.38821814429723 94.58361695412343 109.97130499140344 100.8326659455103 70.80904494020123 106.03524488542897 124.41890560460978 105.62640553016352 91.81825968063333 114.82632220997752 90.48243307552973 94.08955608781224 86.77819586642684 109.97130499140344 103.93441553206513 109.42793420869106 91.83408310200836 64.7627055467915 132.4960643102721 98.72015705770345 91.81825968063333 101.80938895705297 94.47346270250675 86.1233674962326 104.57560422008801 92.59135921169236 113.07213948978153 103.4693767398472 118.60573099895295 114.31144761455128 114.82632220997752 111.54187417033468 132.4960643102721 118.60573099895295 88.35804473955038 108.33605686625377 79.83403391199192 90.48243307552973 114.31144761455128 78.59038716654307 124.41890560460978 92.84263347567133 86.1233674962326 114.02492070230853 132.4960643102721 89.64063072015128 64.49978765096759 92.36431420076426 94.47346270250675 109.71267925685963 106.03524488542897 80.24669977854404 108.84798101192335 109.4089735556713 111.27481360138398 89.64063072015128 98.32617729892851 90.0785552168636 79.83403391199192 79.00498624039854 103.55573299062706 88.35804473955038 87.97157502132029 109.107218076347 96.91772583878259 79.00498624039854 92.24164012839141 96.46903273308189 88.00948365612108 101.73850286133079 108.33605686625377 107.06214100045253 103.88301522478285 108.84798101192335 98.72015705770345 130.79669400475484
124.41890560460978 88.65607116869003 80.80426859799806 103.4693767398472 110.7274985039636 109.0534007794225 106.77501284423538 101.80938895705297 93.29281725223596 91.81825968063333 92.59135921169236 110.97417451086162 0.0 80.80735075508053 92.6054642540788 114.31144761455128 113.11248196185358 88.65607116869003 70.80904494020123 80.80735075508053 113.07213948978153 124.41890560460978 102.90287460547732 94.47346270250675 87.97157502132029 124.41890560460978 113.07213948978153 92.59135921169236 91.81825968063333 105.62640553016352 113.19082484760801 92.24164012839141 130.79669400475484 76.95767608845395 88.00948365612108 96.46903273308189 96.46903273308189 104.57560422008801 96.8016419946494 80.80735075508053 89.64063072015128 113.11248196185358 88.86869927510328 114.82632220997752 93.29281725223596 93.29281725223596 80.24669977854404 105.62640553016352 106.77501284423538 102.90287460547732 95.50184317566325 109.71267925685963 109.42793420869106 110.03631502034737 86.77819586642684 111.54187417033468 98.72015705770345 92.59135921169236 91.81825968063333 91.83408310200836 96.38821814429723 94.58361695412343 86.1233674962326 106.98840123667956 130.79669400475484 110.97417451086162 113.19082484760801 96.8016419946494 106.03524488542897 92.84263347567133 106.77501284423538 88.90558644516616 64.7627055467915 79.30352746384746 99.32002675082089 78.59038716654307 96.46903273308189 110.97417451086162 64.49978765096759 99.32002675082089 113.11248196185358 93.99492810389346 111.27481360138398 104.56942068219948 104.56942068219948 91.81825968063333 94.17079261806349 91.81825968063333 107.86209355402049 92.24164012839141 91.83408310200836 113.11248196185358 105.62640553016352 114.82632220997752 111.27481360138398 94.47346270250675 87.97157502132029 79.00498624039854 64.7627055467915 111.54187417033468
92.72513132785468 79.83403391199192 114.82632220997752 95.50184317566325 80.24669977854404 92.36431420076426 99.32002675082089 113.11248196185358 80.80735075508053 103.93441553206513 105.62640553016352 107.86209355402049 80.80735075508053 0.0 88.86869927510328 88.86869927510328 103.93441553206513 100.8326659455103 107.236139952457 106.98840123667956 96.38821814429723 124.41890560460978 88.35804473955038 94.58361695412343 88.86869927510328 90.48243307552973 88.35804473955038 114.02492070230853 114.02492070230853 80.80735075508053 107.06214100045253 94.47346270250675 103.4693767398472 97.7799654885937 101.73850286133079 80.24669977854404 92.84263347567133 113.07213948978153 88.35804473955038 93.99492810389346 110.97417451086162 98.18720777547787 92.24164012839141 88.65607116869003 94.41847413924916 110.03631502034737 130.79669400475484 95.50184317566325 109.97130499140344 115.743536350304 92.24164012839141 88.35804473955038 94.08955608781224 113.07213948978153 100.8326659455103 88.00948365612108 113.19082484760801 64.7627055467915 111.27481360138398 76.95767608845395 94.1872036809402 109.107218076347 77.66405445212504 100.8326659455103 130.79669400475484 89.64063072015128 96.46903273308189 94.47346270250675 106.98840123667956 111.27481360138398 94.1872036809402 124.41890560460978 107.06214100045253 113.11248196185358 130.79669400475484 94.47346270250675 114.02492070230853 70.80904494020123 90.0785552168636 94.47346270250675 96.38821814429723 135.80246842617154 64.49978765096759 94.08955608781224 70.80904494020123 92.36431420076426 94.41847413924916 88.87991345650352 76.95767608845395 79.00498624039854 105.62640553016352 94.17079261806349 106.23182084654457 105.62640553016352 113.11248196185358 104.71220217230025 109.42793420869106 122.46939646729085 115.743536350304 132.4960643102721
91.81825968063333 88.65607116869003 106.98840123667956 90.0785552168636 92.0581406566478 94.1872036809402 92.6054642540788 101.73850286133079 90.0785552168636 109.0534007794225 94.1872036809402 94.17079261806349 92.6054642540788 88.86869927510328 0.0 88.90558644516616 91.81825968063333 114.02492070230853 80.24669977854404 115.743536350304 110.03631502034737 122.46939646729085 79.00498624039854 110.97417451086162 64.7627055467915 88.87991345650352 96.91772583878259 78.90259877303406 111.54187417033468 96.38821814429723 79.00498624039854 96.38821814429723 111.54187417033468 107.236139952457 109.97130499140344 89.64063072015128 101.80938895705297 86.77819586642684 109.0534007794225 110.97417451086162 94.41847413924916 103.93441553206513 111.54187417033468 78.59038716654307 108.84798101192335 98.72015705770345 88.87991345650352 98.32617729892851 94.58361695412343 106.23182084654457 113.19082484760801 109.4089735556713 107.236139952457 92.84263347567133 96.38821814429723 79.83403391199192 92.59135921169236 92.84263347567133 126.09357156391616 95.50184317566325 99.32002675082089 108.33605686625377 88.35804473955038 97.7799654885937 87.97157502132029 126.09357156391616 109.107218076347 109.4089735556713 92.59135921169236 90.0785552168636 101.80938895705297 104.71220217230025 110.03631502034737 88.87991345650352 90.48243307552973 64.7627055467915 109.42793420869106 107.86209355402049 88.86869927510328 104.57560422008801 111.27481360138398 114.31144761455128 109.42793420869106 97.7799654885937 96.46903273308189 124.41890560460978 94.47346270250675 124.41890560460978 107.236139952457 80.80735075508053 80.80426859799806 78.90259877303406 124.41890560460978 106.77501284423538 88.65607116869003 126.09357156391616 80.80426859799806 111.54187417033468 88.00948365612108 80.80426859799806
92.72513132785468 91.81825968063333 78.90259877303406 92.72513132785468 70.80904494020123 126.09357156391616 94.1872036809402 94.47346270250675 114.82632220997752 79.30352746384746 107.86209355402049 94.47346270250675 114.31144761455128 88.86869927510328 88.90558644516616 0.0 103.4693767398472 86.77819586642684 92.84263347567133 96.38821814429723 114.02492070230853 88.87991345650352 130.79669400475484 114.31144761455128 87.97157502132029 115.743536350304 103.88301522478285 92.36431420076426 88.00948365612108 92.36431420076426 115.743536350304 79.83403391199192 64.49978765096759 93.99492810389346 86.77819586642684 96.46903273308189 90.0785552168636 97.7799654885937 96.46903273308189 96.38821814429723 107.86209355402049 99.32002675082089 102.73946400566321 100.8326659455103 99.32002675082089 103.88301522478285 78.90259877303406 88.90558644516616 104.57560422008801 88.65607116869003 64.7627055467915 93.29281725223596 105.62640553016352 88.90558644516616 102.90287460547732 102.73946400566321 79.30352746384746 94.41847413924916 110.03631502034737 99.32002675082089 92.84263347567133 107.86209355402049 92.72513132785468 96.8016419946494 106.98840123667956 88.00948365612108 106.03524488542897 92.59135921169236 86.1233674962326 104.57560422008801 106.98840123667956 108.33605686625377 79.00498624039854 130.79669400475484 109.107218076347 111.27481360138398 79.00498624039854 90.0785552168636 92.72513132785468 107.86209355402049 111.27481360138398 104.71220217230025 109.71267925685963 132.4960643102721 113.11248196185358 104.57560422008801 94.47346270250675 109.107218076347 88.86869927510328 103.88301522478285 98.32617729892851 110.97417451086162 92.72513132785468 79.00498624039854 98.32617729892851 103.93441553206513 109.4089735556713 88.87991345650352 124.41890560460978 94.08955608781224
114.02492070230853 96.8016419946494 70.80904494020123 124.41890560460978 130.79669400475484 80.24669977854404 64.7627055467915 108.33605686625377 110.03631502034737 113.11248196185358 107.06214100045253 96.91772583878259 113.11248196185358 103.93441553206513 91.81825968063333 103.4693767398472 0.0 132.4960643102721 94.58361695412343 64.49978765096759 86.1233674962326 124.41890560460978 111.54187417033468 94.41847413924916 86.1233674962326 91.81825968063333 92.0581406566478 92.6054642540788 86.77819586642684 92.24164012839141 97.7799654885937 96.46903273308189 90.0785552168636 89.64063072015128 104.56942068219948 97.7799654885937 92.72513132785468 110.7274985039636 109.4089735556713 96.91772583878259 94.47346270250675 126.09357156391616 92.59135921169236 96.91772583878259 91.83408310200836 122.46939646729085 104.57560422008801 93.99492810389346 111.54187417033468 89.64063072015128 91.83408310200836 113.11248196185358 104.71220217230025 130.79669400475484 102.90287460547732 110.03631502034737 64.49978765096759 106.23182084654457 94.1872036809402 78.90259877303406 98.72015705770345 90.0785552168636 94.58361695412343 109.97130499140344 113.07213948978153 101.73850286133079 98.18720777547787 91.83408310200836 79.83403391199192 88.86869927510328 78.59038716654307 114.02492070230853 91.51137999514162 88.00948365612108 109.42793420869106 124.41890560460978 80.80735075508053 94.58361695412343 126.09357156391616 95.50184317566325 79.83403391199192 93.29281725223596 94.47346270250675 96.38821814429723 106.03524488542897 110.03631502034737 106.98840123667956 106.77501284423538 94.08955608781224 107.236139952457 130.79669400475484 94.41847413924916 103.88301522478285 111.54187417033468 109.0534007794225 88.86869927510328 98.32617729892851 91.81825968063333 92.6054642540788 111.27481360138398
92.59135921169236 106.77501284423538 79.00498624039854 96.46903273308189 113.19082484760801 92.84263347567133 104.56942068219948 126.09357156391616 104.56942068219948 91.81825968063333 88.86869927510328 107.86209355402049 88.65607116869003 100.8326659455103 114.02492070230853 86.77819586642684 132.4960643102721 0.0 104.57560422008801 92.24164012839141 109.97130499140344 64.7627055467915 88.00948365612108 113.07213948978153 126.09357156391616 79.30352746384746 91.83408310200836 97.7799654885937 88.90558644516616 111.27481360138398 126.09357156391616 95.50184317566325 92.6054642540788 107.236139952457 126.09357156391616 115.743536350304 110.03631502034737 130.79669400475484 103.93441553206513 130.79669400475484 109.71267925685963 109.42793420869106 110.7274985039636 92.24164012839141 107.236139952457 92.59135921169236 132.4960643102721 101.73850286133079 103.55573299062706 88.87991345650352 92.84263347567133 103.4693767398472 110.7274985039636 108.33605686625377 91.51137999514162 99.32002675082089 114.02492070230853 80.80735075508053 110.03631502034737 114.02492070230853 92.36431420076426 80.80426859799806 88.00948365612108 88.00948365612108 101.80938895705297 98.32617729892851 80.24669977854404 114.82632220997752 102.73946400566321 91.83408310200836 109.0534007794225 78.90259877303406 107.86209355402049 94.58361695412343 107.86209355402049 135.80246842617154 132.4960643102721 88.65607116869003 114.31144761455128 78.90259877303406 96.46903273308189 106.77501284423538 88.35804473955038 86.77819586642684 90.48243307552973 109.107218076347 109.71267925685963 88.35804473955038 93.99492810389346 107.06214100045253 92.6054642540788 118.60573099895295 98.32617729892851 89.64063072015128 122.46939646729085 105.62640553016352 96.8016419946494 92.6054642540788 106.23182084654457 92.36431420076426
99.32002675082089 104.71220217230025 101.80938895705297 88.65607116869003 94.58361695412343 96.8016419946494 109.97130499140344 111.27481360138398 70.80904494020123 114.31144761455128 88.00948365612108 92.24164012839141 70.80904494020123 107.236139952457 80.24669977854404 92.84263347567133 94.58361695412343 104.57560422008801 0.0 78.90259877303406 113.19082484760801 109.0534007794225 103.55573299062706 70.80904494020123 80.80426859799806 92.6054642540788 109.4089735556713 91.83408310200836 88.86869927510328 114.82632220997752 111.54187417033468 64.7627055467915 87.97157502132029 106.23182084654457 103.93441553206513 103.88301522478285 109.4089735556713 80.24669977854404 106.03524488542897 64.49978765096759 91.81825968063333 64.49978765096759 79.00498624039854 114.31144761455128 76.95767608845395 95.50184317566325 101.80938895705297 94.47346270250675 109.42793420869106 91.81825968063333 89.64063072015128 107.236139952457 86.77819586642684 98.72015705770345 79.30352746384746 88.87991345650352 114.02492070230853 99.32002675082089 92.59135921169236 96.91772583878259 106.77501284423538 132.4960643102721 94.08955608781224 126.09357156391616 107.236139952457 64.49978765096759 89.64063072015128 135.80246842617154 78.90259877303406 135.80246842617154 79.00498624039854 124.41890560460978 126.09357156391616 88.90558644516616 96.91772583878259 90.48243307552973 88.90558644516616 122.46939646729085 92.59135921169236 107.236139952457 99.32002675082089 90.48243307552973 114.02492070230853 115.743536350304 79.83403391199192 110.7274985039636 91.81825968063333 109.0534007794225 109.0534007794225 78.90259877303406 92.59135921169236 99.32002675082089 109.42793420869106 94.08955608781224 78.90259877303406 92.84263347567133 76.95767608845395 92.72513132785468 108.33605686625377 110.7274985039636
109.107218076347 109.97130499140344 118.60573099895295 88.00948365612108 92.72513132785468 94.1872036809402 88.86869927510328 88.35804473955038 111.27481360138398 96.8016419946494 114.82632220997752 102.90287460547732 80.80735075508053 106.98840123667956 115.743536350304 96.38821814429723 64.49978765096759 92.24164012839141 78.90259877303406 0.0 80.80426859799806 91.81825968063333 103.4693767398472 79.83403391199192 91.83408310200836 101.80938895705297 88.87991345650352 103.55573299062706 94.1872036809402 102.73946400566321 90.0785552168636 115.743536350304 109.0534007794225 94.58361695412343 103.88301522478285 111.27481360138398 94.41847413924916 106.98840123667956 79.00498624039854 79.30352746384746 80.24669977854404 88.65607116869003 102.90287460547732 108.33605686625377 102.73946400566321 88.90558644516616 80.24669977854404 106.03524488542897 113.07213948978153 114.02492070230853 109.0534007794225 108.33605686625377 88.86869927510328 109.107218076347 94.58361695412343 104.71220217230025 101.73850286133079 88.90558644516616 113.11248196185358 122.46939646729085 109.97130499140344 130.79669400475484 124.41890560460978 88.87991345650352 70.80904494020123 98.32617729892851 110.7274985039636 102.90287460547732 95.50184317566325 99.32002675082089 88.65607116869003 92.0581406566478 98.18720777547787 76.95767608845395 109.71267925685963 79.30352746384746 107.06214100045253 111.27481360138398 113.11248196185358 109.107218076347 130.79669400475484 113.19082484760801 94.58361695412343 113.07213948978153 79.00498624039854 92.59135921169236 110.7274985039636 109.71267925685963 94.08955608781224 96.46903273308189 106.77501284423538 135.80246842617154 89.64063072015128 109.0534007794225 91.83408310200836 103.4693767398472 109.0534007794225 91.81825968063333 80.80735075508053 80.80426859799806
88.87991345650352 130.79669400475484 92.59135921169236 88.86869927510328 105.62640553016352 97.7799654885937 114.02492070230853 106.77501284423538 108.84798101192335 86.77819586642684 101.73850286133079 108.33605686625377 113.07213948978153 96.38821814429723 110.03631502034737 114.02492070230853 86.1233674962326 109.97130499140344 113.19082484760801 80.80426859799806 0.0 111.27481360138398 101.80938895705297 92.84263347567133 114.82632220997752 91.81825968063333 135.80246842617154 89.64063072015128 94.47346270250675 76.95767608845395 80.80735075508053 96.91772583878259 109.97130499140344 111.54187417033468 99.32002675082089 90.48243307552973 88.00948365612108 92.36431420076426 109.71267925685963 89.64063072015128 104.57560422008801 87.97157502132029 109.4089735556713 106.23182084654457 109.42793420869106 92.0581406566478 92.84263347567133 109.4089735556713 97.7799654885937 96.91772583878259 109.107218076347 91.51137999514162 91.81825968063333 78.90259877303406 90.0785552168636 106.23182084654457 90.0785552168636 132.4960643102721 110.03631502034737 103.4693767398472 110.97417451086162 135.80246842617154 88.00948365612108 113.11248196185358 104.56942068219948 92.0581406566478 109.97130499140344 109.97130499140344 92.72513132785468 92.6054642540788 104.56942068219948 103.93441553206513 108.84798101192335 99.32002675082089 107.06214100045253 88.90558644516616 107.06214100045253 86.77819586642684 98.18720777547787 98.72015705770345 113.07213948978153 103.4693767398472 94.41847413924916 96.8016419946494 107.06214100045253 92.36431420076426 91.83408310200836 113.11248196185358 113.07213948978153 86.1233674962326 114.82632220997752 92.84263347567133 109.107218076347 108.33605686625377 109.97130499140344 109.71267925685963 113.07213948978153 97.7799654885937 107.236139952457 79.30352746384746
64.49978765096759 94.58361695412343 100.8326659455103 103.88301522478285 79.00498624039854 89.64063072015128 88.86869927510328 80.24669977854404 103.93441553206513 93.29281725223596 97.7799654885937 78.90259877303406 124.41890560460978 124.41890560460978 122.46939646729085 88.87991345650352 124.41890560460978 64.7627055467915 109.0534007794225 91.81825968063333 111.27481360138398 0.0 113.11248196185358 104.56942068219948 94.1872036809402 101.73850286133079 124.41890560460978 122.46939646729085 101.80938895705297 80.80735075508053 101.73850286133079 94.58361695412343 104.71220217230025 92.0581406566478 76.95767608845395 106.03524488542897 94.58361695412343 80.80735075508053 91.83408310200836 93.29281725223596 103.88301522478285 113.07213948978153 118.60573099895295 107.06214100045253 114.02492070230853 88.87991345650352 106.77501284423538 86.1233674962326 126.09357156391616 107.236139952457 103.4693767398472 101.73850286133079 88.86869927510328 93.29281725223596 88.87991345650352 93.29281725223596 106.98840123667956 70.80904494020123 105.62640553016352 88.00948365612108 78.90259877303406 106.98840123667956 86.1233674962326 94.08955608781224 104.57560422008801 88.90558644516616 104.71220217230025 90.0785552168636 88.87991345650352 86.77819586642684 92.0581406566478 64.7627055467915 118.60573099895295 92.72513132785468 90.48243307552973 92.59135921169236 99.32002675082089 93.99492810389346 111.54187417033468 110.03631502034737 77.66405445212504 88.86869927510328 103.4693767398472 104.56942068219948 126.09357156391616 98.18720777547787 99.32002675082089 95.50184317566325 77.66405445212504 114.82632220997752 109.4089735556713 78.59038716654307 90.48243307552973 92.36431420076426 114.82632220997752 130.79669400475484 90.48243307552973 79.00498624039854 124.41890560460978 101.73850286133079
