100
0.0 197.5704719621596 196.98292222916038 193.21766709583363 200.21087355582068 205.36316035239562 201.0597725090248 202.5177607097883 197.74822045301732 207.61754419848043 199.77050007387274 200.1114951774406 197.79445708000767 194.20248290759736 203.4788364629716 210.3279020134076 195.94970894928204 203.04777069272322 204.96455679801716 203.61503474087962 203.77290659883406 202.46616358752604 200.14380958471344 193.51067718445893 201.99209975290327 203.09475338290108 192.61814248327482 202.97986550704258 187.73536214371325 195.98170195941304 202.3521627545089 198.5305673951561 200.13403084483332 202.06739670450114 206.0404790198612 206.36860389468518 195.278859087942 202.82983432146793 201.89707696031562 202.66173659538026 199.79601864704503 201.0915498779938 191.6827743611094 201.67595083425786 196.34618367669984 187.67983494277402 211.9037019342855 202.53348236876963 202.3539780599292 197.6375855883712 188.21392270357345 202.3908704759635 194.28625421487823 198.58471848459936 200.51568587412308 200.80907328755097 200.29926507213173 195.4176099061996 190.8941905306365 199.50359688742742 202.8379776008619 195.83848875879164 202.7357344547668 194.10525550183561 207.09758528666615 193.30780614691304 201.1234287875037 202.19992723227887 199.54151522066658 204.67515064587894 195.5824508416473 199.6615294422036 200.33994504501538 190.48367051303734 195.59158434614412 207.99875780971027 210.11419888539024 203.86785489204945 202.253818103127 198.05748166712644 192.00450669025713 213.86802873849638 202.9464390781672 197.9118032298828 192.13759315940052 202.35129382196382 203.7656885223522 196.00775045392388 195.92594663317274 200.76708728005914 206.82408878846368 204.67515064587894 199.73844761292958 204.00366301110174 201.0555978227919 197.79445708000767 200.78777532643576 202.9881357921036 199.87086236360304 201.4304872009582
197.5704719621596 0.0 201.7258877703288 204.37987655667342 198.2485936022364 203.23126730917167 204.20960641739373 202.70353499108225 200.9893612808975 195.888661508437 196.72825543770452 208.52912475630302 189.8813150205474 193.4381012388372 195.02694987257033 196.31028556312 206.76328511508953 198.58423821713436 202.44756188249585 198.5025352520698 201.03421605836485 198.57828211400803 195.81177650501914 197.41029586347335 198.72170292540167 207.28605451194358 203.64012128127015 203.4788364629716 190.99760045069777 205.89461316063074 206.53607070935075 195.1349661636817 197.53569879020174 208.75842877992642 196.7696665291825 199.73844761292958 205.92200765133538 196.9830913584409 201.141006284433 191.73845983973052 196.11883309609803 202.38825687378352 202.76614208773668 199.16485180112693 204.71142152051385 200.8155305758267 201.0555978227919 206.9056938864657 192.45627670764426 199.10363328007625 198.37582848408806 208.29835952779143 195.8586235540041 198.5172575103915 208.92930448212513 200.5934896336891 198.20685191770758 198.79764289072668 201.8139183533527 204.33768173209654 196.97418078179265 202.35792465430058 197.87178488185916 197.03303660946804 192.00557608177056 196.02456383249043 195.81177650501914 202.05103083759235 201.8851063053991 202.06739670450114 199.9933532834015 201.0761107635364 195.69290297558646 199.16485180112693 204.71142152051385 200.097616298763 187.81726397557202 201.00284979981305 190.6266145254405 193.9694891312118 200.0377555789139 205.47033744813606 197.6028400346583 195.38616628706646 196.64632122188044 194.6384773059313 199.36038081677728 194.87274314197256 194.20248290759736 201.80673829561613 200.21087355582068 206.22531474518794 194.2398537628041 206.77141453712312 196.23111545733832 199.55289504305415 198.64910964149092 209.51021544099254 195.1301117648016 189.05125827750624
196.98292222916038 201.7258877703288 0.0 191.73845983973052 193.99975505183636 195.36440934610144 200.60804500840936 199.6835862896475 211.616932731617 194.5158053842874 203.27865272789884 199.54151522066658 203.09045686666215 204.33768173209654 196.03725933229723 216.40112370039358 196.89611666083258 202.58134563638492 194.0263765207965 204.12571699133488 190.84993093709542 204.2769578939938 198.98369920055043 205.64900665951959 200.62606432392374 193.21766709583363 198.00354019978477 196.62982974071554 208.4894990433438 203.0260344606773 194.98666091064493 200.69870814409063 206.22531474518794 197.81558146869241 201.6833163813951 199.3863877439849 195.1349661636817 205.41701887372653 202.8353150699799 204.20960641739373 200.58068755371852 196.22401127306568 197.99919784508754 199.01874321076502 206.0404790198612 209.80303880159994 202.18583525526887 202.64426664942684 197.1743359603942 199.31886702205136 209.92106302707256 200.08042934916605 194.98976592734036 199.20781433198897 201.8851063053991 192.2993321432547 205.33771707641097 207.28605451194358 185.21277907464142 201.42091392438627 204.0833428305628 204.59493990088794 199.53653682366178 202.17398204764078 202.45018248278598 203.23770356405572 204.13628788973296 200.31015210704038 203.42037906593174 200.76708728005914 198.6076210732137 190.17164120491802 193.21766709583363 197.66951223943872 197.23621201365324 200.4724854344576 199.73844761292958 211.52835895255686 204.19694989426475 193.79326409272807 199.58257724299196 201.6167403440309 205.38626143486445 194.97538429659986 191.73845983973052 191.174572328651 191.74176633368953 193.672773523905 203.23126730917167 202.73123930973918 199.58466442796598 198.43849834301488 200.65063162718147 208.74909129896915 205.67416264081487 197.18942379254258 200.64238754065187 193.25447689100847 198.78234197762717 207.60465837540437
193.21766709583363 204.37987655667342 191.73845983973052 0.0 202.68970606737244 202.41410130280065 202.3726756543728 206.0404790198612 204.0511466520358 208.16149375215088 197.6538186263634 201.34079226105732 193.99975505183636 202.83971270533954 193.2917663970249 196.23111545733832 204.47249308031826 199.1789264770257 190.0032278633275 194.2018852558113 203.26426736119979 194.69782062048628 200.80097995479449 193.99975505183636 202.61087392919185 199.46826060716597 208.52546570651737 200.65493402154925 199.46826060716597 204.86894626123214 202.21507065682866 195.3581148385784 207.05896696102516 191.61889681008003 197.16470503908565 194.30338338796005 199.1665769961575 199.98241871970077 207.02867389110557 205.10463708660492 196.7270833299994 196.723255526234 189.39033689880262 198.96566891753452 203.27560514475337 199.91133274740994 203.64012128127015 215.88313299010935 197.74822045301732 202.25236345481812 199.57240337953073 191.9080481076765 202.1858340905224 201.51905351011862 194.28625421487823 197.5704719621596 204.71142152051385 203.62808334394282 197.9347241239846 202.7406014583854 197.47618719873742 203.7843320830104 192.89703829045865 205.7057793840859 195.97775347425457 206.8958806551352 196.29750491919862 200.79559668002028 200.34420096551062 204.1474265597358 203.23770356405572 196.64632122188044 198.07243446352365 194.20984632804965 202.1489905723563 199.76464702302383 197.50040449423506 202.06632681267482 211.085322808679 198.64910964149092 199.36038081677728 197.4042349554838 200.15640167735154 198.6076210732137 201.7258877703288 197.0060799520587 201.423855905843 198.37582848408806 207.13013140893517 205.67416264081487 197.80379179135912 205.19633583716222 199.58257724299196 208.52912475630302 206.4059715830854 185.06602536421687 198.29872223288942 200.21568828892458 196.27132591045245 194.17068322470797
200.21087355582068 198.2485936022364 193.99975505183636 202.68970606737244 0.0 203.49911403742283 207.28605451194358 209.80303880159994 203.27560514475337 211.78698660543992 205.4961917646438 190.71190129260503 199.84438486973843 196.18135377199454 205.4961917646438 203.41411066697765 196.35746778643804 201.8851063053991 201.0597725090248 199.6159864283477 193.72059313665272 195.6744560168098 201.31476434102953 200.70807287288164 187.6356441453104 207.50621984289594 200.34420096551062 197.55460114812465 193.55221253444762 197.44572748822245 197.18964996906908 205.67749891244975 199.9661662767867 201.8037211282469 200.09465438336204 197.00986657681347 193.5031177656898 200.51568587412308 210.71212225658877 202.7424101521933 204.82567128851562 197.55460114812465 202.8379776008619 201.0761107635364 202.82615222196247 200.1114951774406 196.71253063595924 194.93333728429528 198.92400831011696 202.8353150699799 195.7499342092778 201.09552411565465 208.485440908432 206.58484081481646 197.44395192130148 208.52546570651737 194.16347955716776 203.40637709526962 200.42109969226274 200.3289791735662 199.57240337953073 202.81266904523005 196.23010790376085 202.54978964024443 200.2883049097318 198.85837838964227 194.50178874674629 198.7522036589952 202.31973570379742 194.61783910780898 206.16489946940533 204.17236323185938 194.20984632804965 201.42091392438627 195.6749250730777 204.5987883729434 203.39084598922443 194.5417994663705 203.33322798186623 196.2991091529349 202.2870471616415 202.54978964024443 197.66167607676996 197.73704017805537 194.20984632804965 199.74285480445883 194.25669114455474 202.4295506213321 194.35337071322638 195.8935938616162 198.2485936022364 198.33663927917598 197.59445541526162 203.5225921579696 202.3539780599292 191.97941420796843 197.08831958903193 200.9893612808975 210.3279020134076 197.81558146869241
205.36316035239562 203.23126730917167 195.36440934610144 202.41410130280065 203.49911403742283 0.0 196.39457858163576 202.53348236876963 203.26426736119979 196.58055857857366 202.75181838508624 204.61174549971315 197.64225604730632 202.19211370623566 206.67430892189566 195.89417156931225 190.70913184322848 195.23227729603443 188.45859480901856 200.9893612808975 195.278859087942 196.45841377001565 200.9692250145993 195.2307208608683 208.29835952779143 203.8176129120044 200.7859660696938 200.79582400631566 198.1483629272376 197.92282401981677 199.70070847199912 201.40314724760626 201.0232221255913 200.02540775022246 191.55645352872108 201.15533260302868 199.13598142492467 195.90867984209245 209.64088653803609 193.63903309943902 208.49768804454516 201.67595083425786 199.70133359210539 193.07876416451674 196.18135377199454 199.26252408746208 199.06020636724043 199.4346174695294 202.3908704759635 202.25236345481812 198.7220252793807 201.47926323414978 197.81155959090623 195.69290297558646 204.11618205699986 208.52912475630302 198.53373176921764 201.87064645066084 198.55391714996696 199.4346174695294 191.9514729839416 194.98666091064493 198.32677763060565 196.57412208451967 202.0509474533167 199.87789534833968 198.55391714996696 202.30568568820328 202.7424101521933 203.62808334394282 200.5894221134683 197.11819125969618 196.49919740449127 200.91342889031966 204.97312411283738 194.44435836158777 196.7922448125727 191.0734364951992 202.01472917852016 192.2993321432547 191.55645352872108 208.47959270579173 195.27797071134643 193.63903309943902 194.69782062048628 207.3989973000706 191.9080481076765 200.02540775022246 198.88373863697822 203.9413379054473 196.723255526234 203.1945872316504 203.96592678282101 191.10549560693764 200.8549202288733 193.69371826352963 200.92183204852137 200.42457840913923 196.07078977381244 201.82709826345578
201.0597725090248 204.20960641739373 200.60804500840936 202.3726756543728 207.28605451194358 196.39457858163576 0.0 195.84316284275914 200.80907328755097 196.7922448125727 203.13640709443348 211.3944478565133 202.97683024229738 199.8804815762736 195.39351441202106 187.81726397557202 203.41799297531645 201.0484858644459 197.80379179135912 202.30568568820328 202.00385231562333 199.55075709116284 195.888661508437 204.1474265597358 196.01321166662723 199.11033310106495 203.23770356405572 192.61814248327482 194.31011375953184 203.1030461402008 189.04149605373908 198.94963768796168 205.4378409943146 206.82408878846368 197.9118032298828 199.72435188652247 198.92776054104274 205.30854006783818 191.46357274596497 201.10198981371312 197.46088057499452 196.7922448125727 208.2585097603675 204.93443211008338 202.19333913534604 202.5117756976748 200.0256581562975 200.80190233998653 202.25726121049502 194.87274314197256 204.42566397149682 197.32794661649183 194.36772783776394 197.39713457886506 197.44572748822245 198.2370861856931 199.5696145769945 205.55424330540836 202.66173659538026 200.09594993914158 206.95025004786993 199.27829005117536 199.4699123381703 201.96064046440978 194.28625421487823 197.49555449790267 202.44756188249585 206.36860389468518 195.45132875882382 197.2078248924878 200.67702310665646 208.99361405074248 209.39718243142414 202.38825687378352 199.62687879579562 201.00747586846472 198.64660291354897 190.99110196326058 209.35633602528944 206.55795390808103 206.55795390808103 192.4310694630313 199.28927258160275 198.6277050057701 197.04563629344293 205.10463708660492 195.67746206759733 206.22531474518794 199.29400857880964 198.35236584848295 198.18830479189867 195.9838602716099 200.4269079981085 205.3140800237694 207.97912859081026 201.32342394155978 201.42091392438627 197.2908688647319 205.33771707641097 199.05740124770668
202.5177607097883 202.70353499108225 199.6835862896475 206.0404790198612 209.80303880159994 202.53348236876963 195.84316284275914 0.0 199.41522723568715 191.1991054650094 191.5474806349469 198.46887137097332 202.1170281278496 193.51067718445893 194.0989648140249 200.10199572389422 205.30854006783818 202.23552438078843 194.93203664841957 194.98666091064493 200.83886261242802 201.16298986501147 199.116140871741 196.7696665291825 195.33948061356182 202.21150889019546 207.851802929434 199.57240337953073 197.39713457886506 194.996877291079 201.35862055301004 203.86785489204945 199.23432631015717 194.51660867723965 201.423855905843 191.88121025349983 196.12173074235554 202.41421932040024 185.06602536421687 199.55289504305415 194.2132446929473 204.13628788973296 210.63130486621137 202.97683024229738 200.45707708569535 206.1056217378105 201.423855905843 197.78421275282147 199.03165741248623 200.5115672014696 203.09045686666215 207.39502489350025 192.1570550720874 191.97941420796843 204.13628788973296 200.15640167735154 195.38414331575504 192.89370871959494 196.90334792983907 196.00775045392388 201.05219009650304 192.59415741134865 195.25925473614788 197.80379179135912 208.21833693409027 192.5420258090796 204.1474265597358 206.5466439922733 200.57090495873135 199.31337803516232 195.69290297558646 200.62606432392374 205.07324599655428 205.36758347845105 207.50621984289594 191.46357274596497 202.86235157655105 200.7438413790684 205.03681214440144 208.0173638779816 202.80148613885137 205.19633583716222 206.82552515333458 203.9889845916049 201.0761107635364 201.171979450174 201.2042866446377 190.9337391639487 185.8418348280387 195.6744560168098 199.20781433198897 198.13890396732486 199.13598142492467 205.7380069073963 197.609684066096 197.05472404289708 197.47618719873742 206.30618122587381 198.8551934142247 202.81266904523005
197.74822045301732 200.9893612808975 211.616932731617 204.0511466520358 203.27560514475337 203.26426736119979 200.80907328755097 199.41522723568715 0.0 202.9598669760875 188.21392270357345 199.06519512406467 196.5764763426934 209.23713782447484 195.0558786112117 197.75399488822828 207.49663146480407 191.69913617863784 200.17737400716345 205.12172517417932 199.27212471819493 201.14448588631026 196.22401127306568 201.99209975290327 197.44990829389474 208.82846114273215 196.57412208451967 203.16122575347183 203.24136320488475 195.9838602716099 202.7854955606358 194.10314932382926 208.47959270579173 195.39351441202106 199.31886702205136 193.51067718445893 202.4598828195515 202.41421932040024 198.2370861856931 198.39553550964564 204.5407665673245 203.955086114781 200.20881221144325 206.1656908708524 194.20137326122557 203.25912858121026 202.79161196859272 208.54359702600598 201.53027786361315 198.1483629272376 202.07827264883105 206.431521051468 204.17236323185938 201.96064046440978 205.1614359949374 208.52912475630302 196.72628977478914 216.86919697737426 196.28318629562952 202.8339049083446 194.98666091064493 204.11618205699986 200.4824206395498 200.17231247868364 194.89853695503865 213.77514475937502 205.2536349865257 203.08827147915537 202.7603614018215 199.1665769961575 203.1945872316504 197.55460114812465 191.0734364951992 198.69544241861394 195.19109444541712 197.5985282707971 200.21568828892458 197.82412606300196 204.11500196369118 203.04777069272322 197.53569879020174 195.34134899609614 203.82576434377748 188.7948783758848 202.3539780599292 203.09045686666215 197.92366954119473 197.78227411231123 213.77514475937502 202.69289948651138 204.8052235813886 203.65737118793209 201.4305016294011 198.71651835211787 202.66409876733474 201.8485041703343 199.95889228781752 193.62512822208 197.56387541245695 202.7357344547668
207.61754419848043 195.888661508437 194.5158053842874 208.16149375215088 211.78698660543992 196.58055857857366 196.7922448125727 191.1991054650094 202.9598669760875 0.0 203.2746695752499 201.35862055301004 201.0915498779938 200.65063162718147 190.3631921025408 209.92106302707256 203.94197044847968 193.99597707071186 202.3908704759635 198.82077744517366 200.8155305758267 198.9640667042197 198.74176355436123 204.08707901753806 206.14462529006815 200.4269079981085 200.08042934916605 202.04334828500524 198.10581194679017 192.59415741134865 202.07827264883105 197.4042349554838 202.1489905723563 198.3795704464024 197.6672982398614 209.92106302707256 197.97807254359597 202.64426664942684 195.73480523077214 202.7293088165342 201.6167403440309 201.8338743486785 205.92200765133538 205.29412010678223 202.64900000809928 203.27684850947904 199.25989558541895 197.44572748822245 203.7843320830104 203.7843320830104 202.2826462409802 199.95889228781752 199.81181743960752 209.00998856908902 202.8154973547236 194.7696098059693 193.99597707071186 193.92874909701783 200.17231247868364 208.00282308813215 207.09758528666615 193.73295282504967 199.81181743960752 194.03935265979445 201.66274813139123 196.6758745731162 200.49664394222603 203.82343203633155 199.9933532834015 205.90307631119285 198.97406527692905 202.1425784713508 202.19992723227887 195.278859087942 199.13598142492467 204.61174549971315 211.01620698509973 207.5577195290637 206.60925501698622 211.10586011191558 198.94963768796168 195.92594663317274 199.58257724299196 204.75000228763892 198.13890396732486 202.1425784713508 202.19992723227887 193.672773523905 202.5117756976748 197.88282279737342 198.9567662334568 198.32677763060565 199.4699123381703 203.25672205671268 196.98292222916038 196.26196264233786 208.485440908432 202.0509474533167 200.19938547183932 194.98976592734036
199.77050007387274 196.72825543770452 203.27865272789884 197.6538186263634 205.4961917646438 202.75181838508624 203.13640709443348 191.5474806349469 188.21392270357345 203.2746695752499 0.0 201.6833163813951 191.10549560693764 200.13403084483332 201.8139183533527 197.36677147235753 195.04650902689718 198.2143932921996 201.99209975290327 195.07879999433277 199.15418006493502 205.62422352134922 197.65109872872947 200.31326079168082 198.86126921091707 207.09758528666615 208.1607635995498 205.55424330540836 203.76934507490935 202.30568568820328 203.1030461402008 202.06739670450114 197.3897559122727 200.94935298432213 196.96258918363426 196.93365396651953 203.9413379054473 191.85976950178284 199.31886702205136 208.00282308813215 198.85645654461513 197.17858608467176 197.09446506242656 189.89972914060422 199.29400857880964 200.3289791735662 194.35337071322638 203.86785489204945 201.52994576348175 200.07188383325806 197.5505038554865 197.32794661649183 204.02511321078265 206.2574519349354 204.12571699133488 204.26982176106924 203.82576434377748 203.08827147915537 204.6283506022261 190.0178778870925 189.39033689880262 211.10586011191558 191.94969944968727 203.90598390637902 198.78234197762717 203.76934507490935 206.67430892189566 207.09758528666615 190.27963249872573 198.71383552482035 200.15640167735154 198.40556410541527 203.27684850947904 200.5072051615002 204.71142152051385 189.05125827750624 204.3673211928378 199.68585757082755 201.09552411565465 198.49021621643237 198.69544241861394 197.56387541245695 194.01859487733523 203.14957466251514 195.89017096373843 197.95145633506493 194.61783910780898 206.62008947107756 199.01428011114714 190.9337391639487 198.85645654461513 203.7763201498586 197.05472404289708 198.7220252793807 208.09874846526026 195.0884463701087 198.35236584848295 195.3905210638265 187.73536214371325 198.53373176921764
200.1114951774406 208.52912475630302 199.54151522066658 201.34079226105732 190.71190129260503 204.61174549971315 211.3944478565133 198.46887137097332 199.06519512406467 201.35862055301004 201.6833163813951 0.0 206.11894777217734 199.36035711928147 205.02488420422432 201.42091392438627 206.62008947107756 196.9451971610773 211.76596710553517 208.39896637179916 209.5844888422419 203.05160332349988 194.32562925154707 190.195033605892 200.4724854344576 198.82364331292214 206.82408878846368 197.05472404289708 196.61605695284013 198.133717660648 197.11819125969618 200.6125815698894 197.36677147235753 186.57429716337364 200.1859568122368 196.5764763426934 207.88538221311168 199.44792717376524 198.66860419531378 189.92144934645992 202.04644154127237 198.2370861856931 205.12172517417932 201.31971305062763 199.40642964623905 195.45132875882382 202.82983432146793 202.38825687378352 200.0256581562975 202.88703060485693 201.1550398933879 194.89853695503865 198.96566891753452 185.21277907464142 200.73633515137763 202.78152594289122 205.4961917646438 196.9594488758756 198.70946174012082 202.19333913534604 194.10525550183561 198.05748166712644 205.44977206520122 201.26916830598617 201.171979450174 195.7499342092778 202.25726121049502 199.31186725907335 201.8485041703343 200.43999907017275 200.5041990291972 197.11819125969618 199.7200528720205 203.7656885223522 207.6085111019774 200.3788013630093 203.45702496821207 203.5225921579696 204.6766454327727 204.53413327647817 203.8777445871229 204.8583819025329 199.55075709116284 196.27132591045245 198.8349574762344 199.62687879579562 202.11807039766848 197.18964996906908 199.7076381035791 199.0848437188523 197.61405970079795 203.96476958298192 199.40642964623905 203.1945872316504 197.61405970079795 206.16489946940533 198.7522036589952 204.20960641739373 194.89853695503865 196.8162314677255
197.79445708000767 189.8813150205474 203.09045686666215 193.99975505183636 199.84438486973843 197.64225604730632 202.97683024229738 202.1170281278496 196.5764763426934 201.0915498779938 191.10549560693764 206.11894777217734 0.0 197.86394110976852 191.85976950178284 200.65493402154925 200.58878692507204 195.75413256453558 203.8941679461749 202.4306154234743 197.86394110976852 200.78777532643576 189.54054122478942 205.04038413443942 203.27684850947904 191.41419318847414 202.5542599523331 208.19158207809946 203.16122575347183 191.9514729839416 197.44572748822245 207.01092416288026 203.49304346931666 207.0422002575016 202.26297720595852 198.4147274057639 200.1342183080552 193.1485354060041 197.32884638615772 203.1945872316504 197.5278198173739 201.6199239792791 195.09944391502063 196.41879585761376 202.58134563638492 202.04644154127237 202.97819208683242 198.1688489958872 201.7496497539624 202.01472917852016 200.94935298432213 194.65728396161643 202.19333913534604 201.00284979981305 194.7833217151296 196.46706753756408 208.92930448212513 200.20881221144325 197.7425597615268 206.99528590164132 203.41799297531645 199.36035711928147 196.80763284870056 198.85837838964227 201.15533260302868 206.2662567685598 190.17164120491802 195.01535808350772 200.3289791735662 202.78152594289122 197.87178488185916 207.6085111019774 208.21833693409027 195.1301117648016 200.21568828892458 201.1550398933879 190.08562771831666 187.6356441453104 199.9885867766932 202.19333913534604 191.81856553777087 195.0558786112117 202.31973570379742 197.08728529384376 202.23302894619502 199.57240337953073 200.63678424694018 203.34999837080719 195.75429171701103 198.92400831011696 204.53413327647817 198.2370861856931 201.78639613849177 195.38414331575504 191.9514729839416 195.0558786112117 200.83886261242802 204.47249308031826 198.7220252793807 194.28625421487823
194.20248290759736 193.4381012388372 204.33768173209654 202.83971270533954 196.18135377199454 202.19211370623566 199.8804815762736 193.51067718445893 209.23713782447484 200.65063162718147 200.13403084483332 199.36035711928147 197.86394110976852 0.0 203.8821030981018 197.54475077281697 199.88994034919685 199.635940751258 205.13443656521912 203.06985726392358 194.24624795798223 201.83445377418232 204.02274079333995 197.6375855883712 196.90006474796604 205.29528854357926 194.93203664841957 204.8052235813886 196.45841377001565 198.6185116179028 199.84438486973843 204.81899542004257 203.4576900751548 199.53653682366178 204.2956502936148 198.78453801076662 203.65544837686804 206.62008947107756 193.87364429588467 211.52835895255686 189.282909348707 201.83445377418232 205.2766157899485 200.70807287288164 193.09932221331653 207.02867389110557 192.00557608177056 193.25447689100847 201.80572913201812 208.54879938345738 205.13368556370398 199.39914552597838 205.44045130663307 201.423855905843 197.22707778527004 198.2751938738244 202.03644887583906 202.25726121049502 206.431521051468 202.23302894619502 192.20045093344345 202.51786454333956 204.2769578939938 211.65462767012244 199.06020636724043 203.5225921579696 206.1656908708524 204.8052235813886 201.82709826345578 196.46706753756408 200.14380958471344 196.8162314677255 201.78639613849177 216.40112370039358 197.3558914169311 213.77514475937502 196.31597133471064 198.82077744517366 198.71651835211787 202.69289948651138 208.82846114273215 202.21150889019546 193.51067718445893 205.76732616494235 187.6356441453104 194.82397416214658 202.7424101521933 203.33322798186623 195.81177650501914 191.1991054650094 202.25726121049502 191.51097894988055 197.22707778527004 192.8856147520228 204.33768850250132 198.35236584848295 194.25669114455474 204.22379469878712 200.097616298763 193.6265997639535
203.4788364629716 195.02694987257033 196.03725933229723 193.2917663970249 205.4961917646438 206.67430892189566 195.39351441202106 194.0989648140249 195.0558786112117 190.3631921025408 201.8139183533527 205.02488420422432 191.85976950178284 203.8821030981018 0.0 197.16470503908565 208.0608400627773 191.47905438774916 201.31971305062763 200.6125815698894 200.3788013630093 202.00385231562333 194.6384773059313 201.31476434102953 194.81089928491397 211.65462767012244 191.10549560693764 195.45132875882382 198.75203504175195 207.6713562115578 197.55460114812465 190.99110196326058 208.54879938345738 200.5042886562647 197.04801008276516 199.7200528720205 199.53357409089426 207.99875780971027 196.23111545733832 200.55187741066354 201.06930312830696 196.49919740449127 201.67595083425786 198.08175764214116 190.236079902091 199.78322344272314 200.55187741066354 209.92106302707256 193.25447689100847 199.3863877439849 194.72814091305383 201.78639613849177 201.19136598064284 198.69544241861394 200.41287790449934 201.4304872009582 203.76934507490935 197.65109872872947 201.86238535491373 204.53413327647817 191.9080481076765 208.92930448212513 198.58423821713436 193.5031177656898 200.80461614254313 206.2662567685598 202.23552438078843 206.22531474518794 201.2341527213407 203.2674782225419 202.73420859951793 204.69527743136342 204.19857209041507 202.23302894619502 203.56643360700266 199.2173236603585 200.14380958471344 195.0884463701087 198.5172575103915 199.01874321076502 198.39553550964564 206.82408878846368 197.97987031764353 200.1114951774406 198.86126921091707 208.4017897128694 201.95875051256934 202.75181838508624 199.28087097967483 205.4178052321439 208.0173638779816 196.46706753756408 200.7438413790684 199.73708216340992 198.56053807595939 189.04149605373908 192.057732020351 190.236079902091 206.77141453712312 187.23221207341217
210.3279020134076 196.31028556312 216.40112370039358 196.23111545733832 203.41411066697765 195.89417156931225 187.81726397557202 200.10199572389422 197.75399488822828 209.92106302707256 197.36677147235753 201.42091392438627 200.65493402154925 197.54475077281697 197.16470503908565 0.0 202.88135902599484 203.80210086454034 202.11963291730865 197.3736639455566 197.3897559122727 199.03165741248623 207.50621984289594 199.22856547468663 204.37987655667342 211.65462767012244 199.8239468680987 193.51067718445893 203.09475338290108 208.00282308813215 198.58471848459936 197.11688531378167 195.19109444541712 189.1174784630023 195.6744560168098 200.5072051615002 205.29412010678223 198.94963768796168 200.94935298432213 202.0701630308346 194.16347955716776 204.19857209041507 208.19158207809946 199.2858249801015 193.21766709583363 202.13136236141267 202.07113261021456 199.52414514880064 196.43915563740188 200.42457840913923 208.09874846526026 202.66505423454848 200.4219648690555 199.54151522066658 208.4017897128694 203.41411066697765 199.5501641053531 210.5921901443301 200.5041990291972 211.01620698509973 198.48519342753477 202.97986550704258 195.33155825134105 200.1114951774406 203.16122575347183 194.20248290759736 201.34079226105732 194.7616765273575 200.6989305806726 196.39457858163576 209.21055012260632 203.13083141465256 197.39361475600424 202.80148613885137 203.8777445871229 197.43326283722192 202.01472917852016 206.1056217378105 206.1656908708524 202.97986550704258 200.71248526910466 195.7615505598425 195.02694987257033 200.2883049097318 203.2497015790135 189.39033689880262 208.70311376101898 195.29222139476153 202.93323346939405 198.00354019978477 207.61754419848043 199.29400857880964 204.5462745443988 200.9893612808975 204.18937922920452 194.5158053842874 195.9838602716099 191.83430989438625 188.7948783758848 201.8485041703343
195.94970894928204 206.76328511508953 196.89611666083258 204.47249308031826 196.35746778643804 190.70913184322848 203.41799297531645 205.30854006783818 207.49663146480407 203.94197044847968 195.04650902689718 206.62008947107756 200.58878692507204 199.88994034919685 208.0608400627773 202.88135902599484 0.0 195.97775347425457 202.9892087286031 195.38414331575504 203.831114662062 204.07734974099347 205.67749891244975 202.54486675499348 202.71780914253569 192.06250122842724 208.0173638779816 198.24399208195663 204.19694989426475 196.03725933229723 193.92077305323426 190.66719718272932 198.05748166712644 201.45518055535464 204.02137420498843 194.20137326122557 195.47462086385906 203.41799297531645 194.69161697511123 193.92077305323426 207.88538221311168 198.35236584848295 203.98109060950978 192.13759315940052 200.19902881503978 192.8856147520228 196.29750491919862 199.36157792954978 201.2571441648183 193.09932221331653 201.4938760647338 202.13502166459287 200.7859660696938 192.59415741134865 202.44756188249585 201.10198981371312 203.5817727734817 197.76481581740094 208.4894990433438 200.6953619756053 199.57240337953073 206.4059715830854 202.6473161270852 202.5117756976748 205.29528854357926 205.02488420422432 206.76328511508953 200.9893612808975 201.20097916169703 204.31299358615536 197.28588677535234 200.59338483065395 199.5974005490718 196.60793211615876 194.26238688503193 202.35129382196382 199.06020636724043 202.4598828195515 198.10799535288055 196.03725933229723 201.95875051256934 199.03165741248623 195.27797071134643 199.50359688742742 190.6266145254405 193.0223120706833 189.069954084469 194.32562925154707 201.93670556091146 202.43041238533723 199.55617657034693 204.42566397149682 196.43915563740188 203.9889845916049 185.8418348280387 200.8549202288733 191.5474806349469 194.93333728429528 210.3279020134076 196.22401127306568
203.04777069272322 198.58423821713436 202.58134563638492 199.1789264770257 201.8851063053991 195.23227729603443 201.0484858644459 202.23552438078843 191.69913617863784 193.99597707071186 198.2143932921996 196.9451971610773 195.75413256453558 199.635940751258 191.47905438774916 203.80210086454034 195.97775347425457 0.0 200.5934896336891 197.54475077281697 202.68970606737244 201.7258877703288 197.5985282707971 205.41701887372653 187.17570476484514 202.06083811623128 193.21766709583363 205.38626143486445 203.43595243949665 193.82807266188829 198.96566891753452 209.30643227640533 195.7615505598425 195.9712050251078 200.21568828892458 204.80249025922143 205.33771707641097 200.20881221144325 202.80148613885137 202.73123930973918 208.52912475630302 194.6384773059313 191.97941420796843 199.0435997578666 194.20248290759736 200.08042934916605 200.65493402154925 194.51905725375465 205.44977206520122 190.195033605892 208.70311376101898 195.73766442217197 204.18937922920452 203.21637905148245 193.2917663970249 199.8848767738913 190.17164120491802 197.3558914169311 202.863617398315 199.36038081677728 198.00354019978477 206.58484081481646 198.2143932921996 199.1350423846666 203.42322065360057 197.95649932419315 196.63438534645962 197.88282279737342 205.382271121843 207.0715381308154 199.0732696727603 202.95386403244788 202.80617707037953 185.21277907464142 203.5895991120131 194.5417994663705 202.13077728083564 202.25726121049502 203.42037906593174 194.50178874674629 196.28318629562952 191.72848916293552 196.53868450711187 200.78777532643576 191.85976950178284 200.56330560837554 199.31186725907335 195.06307679084756 194.16347955716776 200.64238754065187 203.90598390637902 203.98109060950978 199.26045375500152 195.4238847567551 203.27560514475337 202.863617398315 209.0859456259232 202.81266904523005 197.66951223943872 199.90127186998185
204.96455679801716 202.44756188249585 194.0263765207965 190.0032278633275 201.0597725090248 188.45859480901856 197.80379179135912 194.93203664841957 200.17737400716345 202.3908704759635 201.99209975290327 211.76596710553517 203.8941679461749 205.13443656521912 201.31971305062763 202.11963291730865 202.9892087286031 200.5934896336891 0.0 203.9889845916049 201.34987727874818 203.1945872316504 199.6159864283477 197.38522153601087 195.39351441202106 195.7885799640161 204.32028372215274 199.50359688742742 201.47926323414978 191.08199873128777 197.6538186263634 201.15533260302868 197.5505038554865 194.996877291079 195.09944391502063 208.09820584270253 200.11687566856196 212.33672094915002 209.80303880159994 197.44990829389474 202.4053656002457 194.32562925154707 197.82865026600493 194.50178874674629 197.1803859323473 197.5751054539674 206.25880377151503 203.25912858121026 202.8279496829927 201.1234287875037 206.1056217378105 203.13640709443348 187.68084358956253 209.00998856908902 200.15215612725189 202.75181838508624 203.62808334394282 203.64012128127015 201.69485282815094 196.12173074235554 197.18387001800727 197.03303660946804 202.8840907700732 203.08827147915537 201.03421605836485 202.60583099257744 202.07827264883105 201.42136416009726 207.79292423851624 197.5985282707971 201.06930312830696 203.5225921579696 196.07161376119706 199.44792717376524 200.95097860832084 200.5072051615002 205.2381064179726 192.88483216586306 200.17231247868364 203.05160332349988 202.05103083759235 202.88135902599484 205.85988086964 201.4305016294011 205.07324599655428 198.3795704464024 206.96290622591036 199.36157792954978 197.96422117122395 208.5836433326284 201.51261792876306 204.69265062300983 191.9080481076765 192.37951526952224 203.62808334394282 199.7200528720205 190.08562771831666 201.09033225393793 200.73633515137763 197.55460114812465
203.61503474087962 198.5025352520698 204.12571699133488 194.2018852558113 199.6159864283477 200.9893612808975 202.30568568820328 194.98666091064493 205.12172517417932 198.82077744517366 195.07879999433277 208.39896637179916 202.4306154234743 203.06985726392358 200.6125815698894 197.3736639455566 195.38414331575504 197.54475077281697 203.9889845916049 0.0 199.1789264770257 197.1117198978929 199.7200528720205 205.41701887372653 199.36157792954978 186.57429716337364 193.87364429588467 197.44395192130148 197.3736639455566 199.57240337953073 197.6028400346583 202.18583525526887 196.35746778643804 191.69913617863784 202.4514212998825 201.53027786361315 195.84316284275914 193.40996919494523 202.77251707419774 198.75689722204459 201.51905351011862 201.90040090514714 199.27829005117536 201.32342394155978 193.29529126385523 205.13368556370398 195.9712050251078 195.33155825134105 201.93670556091146 200.56330560837554 193.2917663970249 201.20097916169703 199.0152073091964 192.73480961944995 197.81558146869241 191.38273577049804 200.97926586478994 199.87789534833968 197.07052171540386 198.5305673951561 198.9567662334568 207.59772247467512 198.133717660648 187.68084358956253 204.52209346478787 190.3631921025408 193.21766709583363 197.00986657681347 197.88282279737342 201.42209505559026 201.42091392438627 197.54475077281697 198.71651835211787 198.5305673951561 196.39457858163576 205.4961917646438 204.37910056509813 205.58527048130549 204.0511466520358 205.10463708660492 189.71030314834204 196.12173074235554 195.91011335456622 199.8296963948114 197.53569879020174 199.95906668026993 209.00998856908902 189.15455792874724 204.86777239664465 198.2485936022364 207.05896696102516 205.92200765133538 193.55221253444762 200.10535369768908 195.75413256453558 200.67702310665646 196.96258918363426 197.7425597615268 197.87178488185916 206.82408878846368
203.77290659883406 201.03421605836485 190.84993093709542 203.26426736119979 193.72059313665272 195.278859087942 202.00385231562333 200.83886261242802 199.27212471819493 200.8155305758267 199.15418006493502 209.5844888422419 197.86394110976852 194.24624795798223 200.3788013630093 197.3897559122727 203.831114662062 202.68970606737244 201.34987727874818 199.1789264770257 0.0 196.48765792477764 208.40706944020747 202.94483499858958 204.33768850250132 198.00354019978477 196.29750491919862 190.08562771831666 206.1056217378105 201.0484858644459 200.80190233998653 196.12173074235554 202.13502166459287 206.95025004786993 196.693698282984 194.21694436719557 197.47618719873742 200.65320833597542 194.69161697511123 185.21277907464142 202.95527259029885 201.88324537438956 201.171979450174 202.3908704759635 202.4598828195515 206.6148136763219 195.65053436582517 198.73130515356277 197.93216843030075 200.5041990291972 195.2458790899479 202.64426664942684 203.5817727734817 194.51905725375465 211.07123363477913 199.54780156532175 200.13223833080244 198.3053350468582 186.91186844870177 207.79292423851624 194.93203664841957 200.34420096551062 200.0377555789139 193.6066068664362 205.0335164025755 207.59772247467512 207.60465837540437 189.39033689880262 193.6265997639535 198.33663927917598 194.08051864420463 196.28318629562952 196.46706753756408 196.9830913584409 207.33521715936126 194.20984632804965 206.33537054465089 198.70946174012082 209.10999855399535 191.6827743611094 201.47926323414978 200.4724854344576 197.1117198978929 200.09594993914158 200.07188383325806 202.79161196859272 211.76596710553517 198.05748166712644 196.52839162100383 194.98976592734036 197.39361475600424 204.3940013420346 193.73295282504967 189.54054122478942 197.99919784508754 209.65982862624048 205.44045130663307 196.48765792477764 195.90687875381556 205.23342693286787
