100
0.0 199.62230517485614 193.2892178441368 197.79352111226785 192.63696557297598 190.38271271231716 206.6032422182006 194.7601317003851 196.6775623579225 198.7719882054135 200.97977712355726 206.7104987528336 195.9344161956421 195.2367444272984 201.54990193473176 190.82608448596815 205.31016270632537 203.4910556591576 192.76524950746958 203.4910556591576 203.58156355367802 194.5241565365416 195.44817358647254 193.2892178441368 197.74493590082622 190.23238911804006 204.5702161085992 202.22244486216283 196.6775623579225 209.8734548592758 196.6775623579225 200.04098232859025 200.03041510415972 201.97259617316337 195.0302323026632 197.79352111226785 191.7400838692474 196.07103165689688 195.1947803684817 195.44817358647254 194.34544500493269 199.45308271393554 199.45308271393554 196.87859271037237 200.55587497391687 203.75390381595102 195.6341288734913 208.54669906726423 192.87253762361306 203.2538955602073 194.30206597977164 203.2538955602073 206.61235935589096 203.4910556591576 201.54990193473176 191.23309866771731 196.87859271037237 197.79352111226785 201.40307791142646 200.7840483690018 201.5618663666568 195.21046900095723 201.4640498113348 200.7840483690018 194.44978012949784 195.9344161956421 203.78203157873958 201.4640498113348 195.0302323026632 202.22244486216283 198.9120579473281 209.8734548592758 201.40307791142646 206.7104987528336 199.45308271393554 193.2892178441368 194.8489369920367 208.36353407442547 194.44978012949784 191.26370229254098 202.37725034567165 202.3874557942906 197.79352111226785 203.78203157873958 186.31187768761 195.21046900095723 206.61235935589096 196.20754282097639 201.04854811014488 202.37725034567165 198.60361440564722 197.74493590082622 202.47929815447588 199.45308271393554 199.45308271393554 204.28136015236706 195.9344161956421 195.09276062928356 203.62612381047663 192.61249281824777
199.62230517485614 0.0 195.1947803684817 195.2367444272984 195.41157022112228 197.7817388088712 203.2051135655301 192.97431152901174 190.38271271231716 204.19723563620528 205.31016270632537 200.55587497391687 203.2051135655301 195.2367444272984 192.76524950746958 203.75390381595102 204.5702161085992 201.04854811014488 202.37725034567165 203.32121568842305 198.60361440564722 203.66555163947237 196.6775623579225 204.5702161085992 194.34544500493269 197.65759348416162 197.7817388088712 194.34544500493269 206.6032422182006 201.97259617316337 198.7719882054135 206.7104987528336 199.91143036666892 192.63696557297598 201.04854811014488 200.03041510415972 199.62230517485614 192.97431152901174 199.45308271393554 197.39136411694565 194.34544500493269 197.79352111226785 199.91143036666892 203.5763542417424 195.41157022112228 191.23309866771731 203.75390381595102 195.80002160734205 193.19979220886668 197.26831789499977 203.2051135655301 195.6341288734913 191.26370229254098 193.2892178441368 198.35773393735838 205.31016270632537 203.4910556591576 194.30206597977164 191.7400838692474 203.54069198455485 199.45308271393554 203.62612381047663 202.22244486216283 207.83872332708088 199.91143036666892 195.21046900095723 203.2051135655301 203.5763542417424 198.7719882054135 197.74493590082622 206.7104987528336 196.20754282097639 199.73965727863154 186.31187768761 192.31078577480025 203.54069198455485 201.4640498113348 203.8024754757286 191.23309866771731 192.61249281824777 200.97977712355726 197.39136411694565 204.19723563620528 200.04098232859025 199.62230517485614 200.97977712355726 192.61249281824777 203.58156355367802 202.8841366569507 201.54990193473176 195.0302323026632 196.07103165689688 203.75390381595102 199.91143036666892 206.61235935589096 205.31016270632537 204.5702161085992 204.2177791638524 205.31016270632537 203.78203157873958
193.2892178441368 195.1947803684817 0.0 204.28136015236706 201.04854811014488 203.66555163947237 190.64372663771144 202.3874557942906 199.45308271393554 200.97977712355726 204.19723563620528 203.03374038710555 192.92933975037528 201.02432882501844 199.91143036666892 201.54990193473176 195.0302323026632 196.6775623579225 201.5618663666568 204.2177791638524 195.44817358647254 193.19979220886668 190.64372663771144 206.6032422182006 192.87253762361306 192.63696557297598 199.71290129652385 195.2367444272984 202.22244486216283 200.55587497391687 203.58156355367802 203.62612381047663 203.54069198455485 192.63696557297598 193.19979220886668 197.79352111226785 204.2177791638524 195.41715623567188 198.60361440564722 186.31187768761 192.76524950746958 204.19723563620528 197.39136411694565 201.97259617316337 193.2892178441368 198.9120579473281 192.31078577480025 202.47929815447588 197.74493590082622 201.97259617316337 199.91143036666892 196.87859271037237 199.73965727863154 195.0302323026632 204.5702161085992 199.71290129652385 195.09276062928356 195.9344161956421 203.62612381047663 203.76337849367377 200.04098232859025 203.32121568842305 206.6032422182006 195.0302323026632 202.70032301897942 203.75390381595102 191.26370229254098 201.40307791142646 192.76524950746958 199.91143036666892 192.31078577480025 195.64199700181683 203.58156355367802 194.34544500493269 197.7817388088712 199.62230517485614 200.7840483690018 203.8024754757286 197.39136411694565 206.7104987528336 205.31016270632537 209.8734548592758 199.91143036666892 204.19723563620528 195.09276062928356 195.09276062928356 191.23309866771731 192.76524950746958 195.6341288734913 194.7601317003851 204.5702161085992 198.60361440564722 200.7840483690018 198.9120579473281 195.9344161956421 203.78203157873958 193.2892178441368 192.63696557297598 192.61249281824777 194.8489369920367
197.79352111226785 195.2367444272984 204.28136015236706 0.0 196.07103165689688 201.97259617316337 199.91143036666892 192.76524950746958 197.74493590082622 196.07103165689688 191.23309866771731 203.58156355367802 200.7840483690018 190.23238911804006 197.74493590082622 197.74493590082622 191.26370229254098 196.20754282097639 206.7104987528336 195.64199700181683 195.64199700181683 203.75390381595102 203.58156355367802 191.7400838692474 202.37725034567165 190.38271271231716 199.91143036666892 195.9344161956421 209.8734548592758 197.7817388088712 195.2367444272984 194.34544500493269 208.54669906726423 202.8841366569507 202.70032301897942 202.3874557942906 203.74605764209704 192.76524950746958 199.71290129652385 194.7601317003851 196.6775623579225 206.61235935589096 199.71290129652385 195.64199700181683 199.71290129652385 203.76337849367377 195.44817358647254 186.31187768761 195.0302323026632 203.75390381595102 205.31016270632537 186.31187768761 199.62230517485614 201.4640498113348 203.5763542417424 200.7840483690018 201.4640498113348 199.62230517485614 209.8734548592758 200.66401164210498 199.45308271393554 190.23238911804006 203.76337849367377 200.03041510415972 195.41715623567188 198.60361440564722 191.7400838692474 197.65759348416162 195.09276062928356 202.3874557942906 203.2538955602073 202.47929815447588 203.32121568842305 203.58156355367802 199.45308271393554 204.19723563620528 202.3874557942906 192.31078577480025 203.2051135655301 190.64372663771144 202.3874557942906 194.44978012949784 203.76337849367377 202.70032301897942 193.2892178441368 203.74605764209704 195.6341288734913 192.76524950746958 199.62230517485614 197.39136411694565 203.5763542417424 204.2177791638524 203.58156355367802 196.6775623579225 196.6775623579225 192.87253762361306 186.31187768761 193.2892178441368 208.36353407442547 202.3874557942906
192.63696557297598 195.41157022112228 201.04854811014488 196.07103165689688 0.0 195.2367444272984 203.2051135655301 206.61235935589096 204.28136015236706 203.76337849367377 201.54990193473176 191.26370229254098 204.2177791638524 190.23238911804006 191.26370229254098 194.5241565365416 200.7840483690018 208.54669906726423 204.5702161085992 203.03374038710555 200.03041510415972 195.09276062928356 201.54990193473176 208.54669906726423 201.4640498113348 206.61235935589096 195.41715623567188 198.7719882054135 197.79352111226785 203.2051135655301 199.73965727863154 204.28136015236706 201.54990193473176 201.97259617316337 201.97259617316337 195.2367444272984 201.54990193473176 190.38271271231716 190.82608448596815 203.62612381047663 190.64372663771144 203.03374038710555 196.20754282097639 193.19979220886668 193.2892178441368 198.35773393735838 197.79352111226785 194.44978012949784 192.63696557297598 208.36353407442547 201.02432882501844 198.9120579473281 199.91143036666892 200.03041510415972 203.74605764209704 197.26831789499977 203.54069198455485 192.63696557297598 202.47929815447588 195.9344161956421 193.19979220886668 199.45308271393554 205.31016270632537 200.97977712355726 197.26831789499977 209.8734548592758 203.32121568842305 190.23238911804006 208.36353407442547 192.97431152901174 198.9120579473281 203.2538955602073 195.41157022112228 208.54669906726423 202.70032301897942 199.73965727863154 199.73965727863154 203.54069198455485 203.75390381595102 197.7817388088712 198.7719882054135 192.76524950746958 204.2177791638524 205.31016270632537 191.26370229254098 196.07103165689688 203.74605764209704 202.22244486216283 193.19979220886668 203.4910556591576 195.2367444272984 197.39136411694565 195.1947803684817 201.02432882501844 208.36353407442547 199.45308271393554 207.83872332708088 203.32121568842305 201.97259617316337 208.36353407442547
190.38271271231716 197.7817388088712 203.66555163947237 201.97259617316337 195.2367444272984 0.0 202.37725034567165 199.71290129652385 203.2538955602073 192.63696557297598 192.97431152901174 201.97259617316337 191.7400838692474 191.7400838692474 195.9344161956421 204.28136015236706 190.64372663771144 192.61249281824777 201.4640498113348 203.32121568842305 202.47929815447588 195.1947803684817 201.97259617316337 201.4640498113348 199.71290129652385 203.4910556591576 192.97431152901174 204.5702161085992 186.31187768761 203.76337849367377 202.47929815447588 198.60361440564722 203.2538955602073 203.32121568842305 190.64372663771144 193.19979220886668 199.45308271393554 202.37725034567165 192.97431152901174 198.60361440564722 198.7719882054135 195.21046900095723 192.92933975037528 196.87859271037237 198.7719882054135 206.61235935589096 203.2538955602073 197.26831789499977 201.40307791142646 203.78203157873958 199.73965727863154 196.20754282097639 203.03374038710555 204.19723563620528 201.40307791142646 202.22244486216283 206.7104987528336 192.76524950746958 203.62612381047663 195.44817358647254 194.5241565365416 190.23238911804006 194.7601317003851 190.82608448596815 204.19723563620528 192.31078577480025 194.34544500493269 200.04098232859025 199.62230517485614 200.97977712355726 202.70032301897942 203.03374038710555 203.2051135655301 204.28136015236706 197.26831789499977 201.97259617316337 197.39136411694565 195.41157022112228 204.19723563620528 199.45308271393554 203.4910556591576 201.97259617316337 201.04854811014488 193.19979220886668 196.20754282097639 204.5702161085992 203.78203157873958 198.35773393735838 201.5618663666568 192.61249281824777 190.38271271231716 195.80002160734205 202.70032301897942 199.91143036666892 202.3874557942906 202.3874557942906 198.7719882054135 203.74605764209704 195.6341288734913 199.62230517485614
206.6032422182006 203.2051135655301 190.64372663771144 199.91143036666892 203.2051135655301 202.37725034567165 0.0 191.23309866771731 202.22244486216283 198.7719882054135 198.35773393735838 207.83872332708088 203.62612381047663 192.76524950746958 196.20754282097639 205.31016270632537 199.62230517485614 202.22244486216283 197.79352111226785 195.0302323026632 200.55587497391687 201.4640498113348 192.97431152901174 201.04854811014488 192.92933975037528 196.07103165689688 195.64199700181683 202.3874557942906 200.04098232859025 195.09276062928356 192.87253762361306 201.4640498113348 192.97431152901174 204.19723563620528 201.4640498113348 196.20754282097639 201.04854811014488 196.87859271037237 196.07103165689688 200.55587497391687 192.63696557297598 193.19979220886668 195.80002160734205 197.74493590082622 200.03041510415972 194.7601317003851 209.8734548592758 195.64199700181683 192.87253762361306 193.2892178441368 195.64199700181683 209.8734548592758 194.5241565365416 196.07103165689688 197.74493590082622 195.41715623567188 204.19723563620528 193.19979220886668 195.0302323026632 197.65759348416162 190.23238911804006 192.92933975037528 203.75390381595102 194.7601317003851 192.63696557297598 199.45308271393554 195.80002160734205 195.44817358647254 193.2892178441368 201.97259617316337 199.71290129652385 190.38271271231716 186.31187768761 194.44978012949784 208.54669906726423 202.8841366569507 200.7840483690018 200.7840483690018 195.2367444272984 198.35773393735838 199.62230517485614 202.47929815447588 190.64372663771144 202.47929815447588 198.60361440564722 204.5702161085992 192.61249281824777 195.9344161956421 191.7400838692474 203.74605764209704 195.64199700181683 195.09276062928356 201.40307791142646 201.5618663666568 206.61235935589096 203.62612381047663 191.7400838692474 204.28136015236706 200.04098232859025 195.64199700181683
194.7601317003851 192.97431152901174 202.3874557942906 192.76524950746958 206.61235935589096 199.71290129652385 191.23309866771731 0.0 201.4640498113348 194.44978012949784 203.54069198455485 208.54669906726423 204.28136015236706 202.70032301897942 192.97431152901174 195.9344161956421 196.20754282097639 201.4640498113348 200.55587497391687 186.31187768761 197.7817388088712 203.62612381047663 190.82608448596815 199.71290129652385 201.5618663666568 197.65759348416162 192.87253762361306 194.30206597977164 205.31016270632537 201.04854811014488 197.79352111226785 195.44817358647254 194.44978012949784 204.28136015236706 195.1947803684817 199.91143036666892 202.37725034567165 186.31187768761 197.74493590082622 201.40307791142646 209.8734548592758 191.23309866771731 192.76524950746958 196.20754282097639 190.38271271231716 199.45308271393554 203.58156355367802 191.26370229254098 204.19723563620528 203.62612381047663 186.31187768761 195.21046900095723 203.62612381047663 202.70032301897942 192.87253762361306 190.23238911804006 204.5702161085992 202.22244486216283 202.3874557942906 202.3874557942906 203.8024754757286 203.62612381047663 203.76337849367377 192.76524950746958 203.66555163947237 203.4910556591576 190.82608448596815 201.5618663666568 194.30206597977164 194.34544500493269 203.2538955602073 206.61235935589096 192.31078577480025 197.39136411694565 200.03041510415972 195.41157022112228 203.8024754757286 202.22244486216283 207.83872332708088 194.44978012949784 203.8024754757286 203.76337849367377 203.2538955602073 198.9120579473281 197.74493590082622 203.74605764209704 202.22244486216283 203.58156355367802 194.30206597977164 192.76524950746958 202.70032301897942 195.6341288734913 190.23238911804006 195.80002160734205 192.87253762361306 197.74493590082622 197.79352111226785 192.87253762361306 201.5618663666568 195.21046900095723
196.6775623579225 190.38271271231716 199.45308271393554 197.74493590082622 204.28136015236706 203.2538955602073 202.22244486216283 201.4640498113348 0.0 197.26831789499977 206.6032422182006 204.5702161085992 195.21046900095723 201.4640498113348 192.76524950746958 193.19979220886668 199.73965727863154 191.26370229254098 203.74605764209704 198.60361440564722 195.41715623567188 192.87253762361306 186.31187768761 190.38271271231716 204.5702161085992 200.55587497391687 192.63696557297598 200.55587497391687 195.41715623567188 204.28136015236706 195.1947803684817 200.97977712355726 197.65759348416162 199.71290129652385 203.2538955602073 206.61235935589096 195.41715623567188 201.54990193473176 201.02432882501844 206.7104987528336 201.5618663666568 192.97431152901174 197.39136411694565 203.2051135655301 200.97977712355726 203.62612381047663 199.62230517485614 194.8489369920367 198.60361440564722 199.91143036666892 200.04098232859025 200.97977712355726 203.75390381595102 195.21046900095723 202.3874557942906 195.80002160734205 195.9344161956421 203.5763542417424 197.79352111226785 203.62612381047663 197.26831789499977 201.02432882501844 202.8841366569507 203.2051135655301 203.2538955602073 198.60361440564722 193.2892178441368 197.74493590082622 190.38271271231716 198.60361440564722 201.54990193473176 195.64199700181683 200.04098232859025 190.23238911804006 197.79352111226785 197.7817388088712 193.2892178441368 200.97977712355726 200.97977712355726 202.8841366569507 195.44817358647254 194.7601317003851 201.40307791142646 203.4910556591576 195.80002160734205 204.5702161085992 195.80002160734205 195.21046900095723 203.32121568842305 200.03041510415972 204.28136015236706 201.02432882501844 202.22244486216283 206.7104987528336 206.61235935589096 203.75390381595102 208.54669906726423 203.58156355367802 196.20754282097639 195.64199700181683
198.7719882054135 204.19723563620528 200.97977712355726 196.07103165689688 203.76337849367377 192.63696557297598 198.7719882054135 194.44978012949784 197.26831789499977 0.0 206.61235935589096 202.3874557942906 202.3874557942906 195.0302323026632 193.19979220886668 191.26370229254098 195.64199700181683 197.74493590082622 209.8734548592758 203.2051135655301 197.74493590082622 202.22244486216283 199.71290129652385 194.34544500493269 195.41157022112228 199.71290129652385 198.60361440564722 193.19979220886668 203.03374038710555 203.32121568842305 203.62612381047663 192.61249281824777 202.22244486216283 199.71290129652385 191.7400838692474 202.22244486216283 195.6341288734913 201.02432882501844 198.7719882054135 199.73965727863154 194.5241565365416 203.32121568842305 196.6775623579225 195.41715623567188 192.97431152901174 195.09276062928356 196.20754282097639 191.7400838692474 202.70032301897942 203.78203157873958 192.76524950746958 190.82608448596815 195.09276062928356 209.8734548592758 192.31078577480025 191.23309866771731 203.2051135655301 203.8024754757286 193.2892178441368 201.04854811014488 203.03374038710555 203.75390381595102 195.21046900095723 203.54069198455485 203.2538955602073 193.19979220886668 197.65759348416162 203.2538955602073 203.75390381595102 198.9120579473281 202.8841366569507 191.23309866771731 206.7104987528336 194.30206597977164 203.62612381047663 195.80002160734205 191.7400838692474 196.6775623579225 198.60361440564722 200.03041510415972 195.09276062928356 201.54990193473176 195.9344161956421 206.61235935589096 195.41715623567188 198.7719882054135 203.74605764209704 200.55587497391687 195.0302323026632 203.78203157873958 203.32121568842305 192.92933975037528 203.32121568842305 203.54069198455485 207.83872332708088 195.41157022112228 200.97977712355726 196.6775623579225 203.2051135655301 201.54990193473176
200.97977712355726 205.31016270632537 204.19723563620528 191.23309866771731 201.54990193473176 192.97431152901174 198.35773393735838 203.54069198455485 206.6032422182006 206.61235935589096 0.0 197.74493590082622 197.26831789499977 204.28136015236706 206.6032422182006 192.87253762361306 192.76524950746958 207.83872332708088 195.44817358647254 202.47929815447588 195.9344161956421 195.6341288734913 192.76524950746958 202.47929815447588 203.5763542417424 203.8024754757286 195.09276062928356 203.8024754757286 204.5702161085992 197.39136411694565 198.35773393735838 203.4910556591576 203.4910556591576 190.23238911804006 197.7817388088712 201.04854811014488 195.80002160734205 202.37725034567165 203.76337849367377 203.74605764209704 201.97259617316337 202.47929815447588 191.23309866771731 201.4640498113348 204.2177791638524 203.8024754757286 203.54069198455485 192.31078577480025 202.3874557942906 200.66401164210498 197.7817388088712 201.02432882501844 209.8734548592758 203.2538955602073 203.4910556591576 192.61249281824777 207.83872332708088 194.7601317003851 197.7817388088712 195.41157022112228 192.63696557297598 203.54069198455485 195.44817358647254 197.26831789499977 194.7601317003851 195.64199700181683 194.44978012949784 193.19979220886668 203.03374038710555 194.44978012949784 191.23309866771731 195.1947803684817 207.83872332708088 194.7601317003851 199.73965727863154 191.23309866771731 200.97977712355726 202.47929815447588 202.70032301897942 192.87253762361306 199.91143036666892 191.26370229254098 203.4910556591576 191.7400838692474 209.8734548592758 195.9344161956421 194.5241565365416 195.9344161956421 199.71290129652385 196.07103165689688 195.9344161956421 197.26831789499977 198.7719882054135 196.6775623579225 195.0302323026632 202.22244486216283 201.5618663666568 198.9120579473281 206.6032422182006 194.34544500493269
206.7104987528336 200.55587497391687 203.03374038710555 203.58156355367802 191.26370229254098 201.97259617316337 207.83872332708088 208.54669906726423 204.5702161085992 202.3874557942906 197.74493590082622 0.0 192.61249281824777 203.8024754757286 190.82608448596815 202.37725034567165 197.26831789499977 203.66555163947237 197.74493590082622 204.19723563620528 190.64372663771144 203.76337849367377 203.75390381595102 197.26831789499977 192.97431152901174 208.54669906726423 197.7817388088712 197.65759348416162 194.5241565365416 201.5618663666568 191.23309866771731 200.66401164210498 195.9344161956421 200.04098232859025 201.04854811014488 204.19723563620528 195.2367444272984 195.44817358647254 195.1947803684817 195.80002160734205 195.21046900095723 190.64372663771144 190.64372663771144 190.82608448596815 192.97431152901174 201.5618663666568 204.5702161085992 197.79352111226785 200.55587497391687 201.04854811014488 200.55587497391687 191.7400838692474 203.8024754757286 199.91143036666892 203.32121568842305 192.76524950746958 203.54069198455485 195.21046900095723 203.54069198455485 199.73965727863154 203.5763542417424 191.7400838692474 192.61249281824777 190.23238911804006 194.44978012949784 199.91143036666892 191.26370229254098 190.38271271231716 191.23309866771731 203.2051135655301 206.61235935589096 194.34544500493269 208.36353407442547 199.71290129652385 195.0302323026632 196.6775623579225 192.61249281824777 193.19979220886668 190.82608448596815 203.58156355367802 192.31078577480025 203.74605764209704 191.26370229254098 203.54069198455485 186.31187768761 203.62612381047663 192.87253762361306 200.66401164210498 201.97259617316337 202.37725034567165 198.7719882054135 192.97431152901174 192.92933975037528 203.54069198455485 203.4910556591576 203.54069198455485 195.1947803684817 197.26831789499977 202.22244486216283 203.03374038710555
195.9344161956421 203.2051135655301 192.92933975037528 200.7840483690018 204.2177791638524 191.7400838692474 203.62612381047663 204.28136015236706 195.21046900095723 202.3874557942906 197.26831789499977 192.61249281824777 0.0 195.44817358647254 198.60361440564722 203.2538955602073 203.2538955602073 203.58156355367802 195.1947803684817 195.44817358647254 195.1947803684817 203.75390381595102 202.22244486216283 202.70032301897942 203.32121568842305 199.91143036666892 194.30206597977164 208.36353407442547 200.03041510415972 201.04854811014488 206.7104987528336 196.20754282097639 194.34544500493269 191.26370229254098 206.6032422182006 201.97259617316337 198.60361440564722 209.8734548592758 195.0302323026632 203.62612381047663 201.02432882501844 201.5618663666568 202.22244486216283 194.44978012949784 192.63696557297598 204.2177791638524 191.7400838692474 195.41715623567188 195.2367444272984 202.3874557942906 202.3874557942906 192.31078577480025 203.54069198455485 196.20754282097639 195.9344161956421 204.5702161085992 194.5241565365416 196.20754282097639 194.7601317003851 194.44978012949784 203.03374038710555 197.7817388088712 201.04854811014488 191.7400838692474 195.1947803684817 203.2538955602073 202.3874557942906 209.8734548592758 195.44817358647254 203.32121568842305 197.74493590082622 195.80002160734205 195.09276062928356 198.35773393735838 209.8734548592758 196.87859271037237 197.26831789499977 197.7817388088712 203.74605764209704 196.6775623579225 199.73965727863154 201.97259617316337 196.07103165689688 195.09276062928356 197.65759348416162 202.37725034567165 195.44817358647254 203.03374038710555 200.7840483690018 195.6341288734913 192.92933975037528 201.97259617316337 194.5241565365416 190.38271271231716 201.02432882501844 207.83872332708088 206.6032422182006 200.55587497391687 199.91143036666892 202.3874557942906
195.2367444272984 195.2367444272984 201.02432882501844 190.23238911804006 190.23238911804006 191.7400838692474 192.76524950746958 202.70032301897942 201.4640498113348 195.0302323026632 204.28136015236706 203.8024754757286 195.44817358647254 0.0 207.83872332708088 204.28136015236706 203.8024754757286 202.70032301897942 202.22244486216283 208.54669906726423 190.82608448596815 204.19723563620528 198.35773393735838 195.1947803684817 190.64372663771144 190.23238911804006 201.4640498113348 191.7400838692474 195.41157022112228 206.7104987528336 194.8489369920367 205.31016270632537 203.75390381595102 197.65759348416162 190.23238911804006 195.6341288734913 198.9120579473281 192.31078577480025 200.97977712355726 198.35773393735838 195.41157022112228 202.70032301897942 194.5241565365416 199.91143036666892 195.44817358647254 208.54669906726423 200.97977712355726 193.19979220886668 195.1947803684817 198.9120579473281 199.62230517485614 192.61249281824777 203.2538955602073 202.37725034567165 197.39136411694565 192.63696557297598 190.64372663771144 202.8841366569507 203.74605764209704 195.80002160734205 200.66401164210498 208.36353407442547 201.4640498113348 206.7104987528336 194.44978012949784 198.9120579473281 186.31187768761 203.75390381595102 197.79352111226785 202.8841366569507 203.78203157873958 192.61249281824777 195.41157022112228 194.30206597977164 193.19979220886668 206.61235935589096 195.2367444272984 204.5702161085992 205.31016270632537 202.8841366569507 199.73965727863154 193.2892178441368 191.7400838692474 202.37725034567165 192.31078577480025 195.41157022112228 200.97977712355726 201.40307791142646 201.04854811014488 204.19723563620528 193.2892178441368 203.2051135655301 193.2892178441368 198.35773393735838 191.7400838692474 196.07103165689688 194.5241565365416 204.19723563620528 199.71290129652385 203.62612381047663
201.54990193473176 192.76524950746958 199.91143036666892 197.74493590082622 191.26370229254098 195.9344161956421 196.20754282097639 192.97431152901174 192.76524950746958 193.19979220886668 206.6032422182006 190.82608448596815 198.60361440564722 207.83872332708088 0.0 203.4910556591576 203.2051135655301 194.34544500493269 190.23238911804006 202.70032301897942 204.19723563620528 197.7817388088712 195.9344161956421 195.41715623567188 199.71290129652385 201.04854811014488 200.97977712355726 191.26370229254098 194.30206597977164 201.97259617316337 192.61249281824777 192.61249281824777 203.66555163947237 204.28136015236706 204.2177791638524 195.9344161956421 196.20754282097639 198.35773393735838 199.45308271393554 206.6032422182006 195.0302323026632 203.74605764209704 202.47929815447588 208.36353407442547 198.7719882054135 208.54669906726423 199.45308271393554 197.65759348416162 203.76337849367377 194.34544500493269 192.31078577480025 192.31078577480025 201.04854811014488 192.87253762361306 195.21046900095723 201.97259617316337 198.60361440564722 203.74605764209704 194.5241565365416 196.20754282097639 197.26831789499977 195.2367444272984 190.23238911804006 190.64372663771144 198.35773393735838 206.6032422182006 190.23238911804006 200.55587497391687 199.62230517485614 209.8734548592758 199.45308271393554 201.04854811014488 191.26370229254098 203.5763542417424 203.2051135655301 205.31016270632537 193.19979220886668 203.8024754757286 194.44978012949784 192.92933975037528 207.83872332708088 192.63696557297598 190.64372663771144 192.87253762361306 195.09276062928356 208.36353407442547 202.47929815447588 198.35773393735838 198.9120579473281 192.97431152901174 200.66401164210498 198.9120579473281 191.7400838692474 195.41157022112228 204.2177791638524 203.03374038710555 206.61235935589096 203.4910556591576 195.1947803684817 196.87859271037237
190.82608448596815 203.75390381595102 201.54990193473176 197.74493590082622 194.5241565365416 204.28136015236706 205.31016270632537 195.9344161956421 193.19979220886668 191.26370229254098 192.87253762361306 202.37725034567165 203.2538955602073 204.28136015236706 203.4910556591576 0.0 203.58156355367802 199.62230517485614 194.7601317003851 195.1947803684817 192.63696557297598 203.2051135655301 194.5241565365416 201.5618663666568 186.31187768761 195.41157022112228 202.37725034567165 197.79352111226785 195.1947803684817 203.58156355367802 207.83872332708088 203.66555163947237 199.73965727863154 203.62612381047663 194.34544500493269 195.2367444272984 195.9344161956421 190.82608448596815 197.74493590082622 203.62612381047663 195.41715623567188 192.97431152901174 206.7104987528336 202.8841366569507 200.7840483690018 200.66401164210498 192.31078577480025 208.54669906726423 209.8734548592758 197.7817388088712 203.58156355367802 190.82608448596815 203.58156355367802 200.55587497391687 198.7719882054135 203.54069198455485 195.41715623567188 203.74605764209704 203.03374038710555 195.09276062928356 195.9344161956421 197.65759348416162 192.31078577480025 195.44817358647254 201.54990193473176 193.2892178441368 195.09276062928356 200.55587497391687 200.03041510415972 198.9120579473281 207.83872332708088 206.61235935589096 192.31078577480025 204.5702161085992 202.47929815447588 204.5702161085992 194.34544500493269 203.8024754757286 209.8734548592758 198.7719882054135 190.38271271231716 190.64372663771144 195.09276062928356 194.30206597977164 194.30206597977164 204.5702161085992 203.4910556591576 197.79352111226785 200.03041510415972 195.21046900095723 202.8841366569507 197.26831789499977 198.60361440564722 199.62230517485614 201.5618663666568 203.4910556591576 196.6775623579225 190.64372663771144 202.37725034567165 202.3874557942906
205.31016270632537 204.5702161085992 195.0302323026632 191.26370229254098 200.7840483690018 190.64372663771144 199.62230517485614 196.20754282097639 199.73965727863154 195.64199700181683 192.76524950746958 197.26831789499977 203.2538955602073 203.8024754757286 203.2051135655301 203.58156355367802 0.0 195.41715623567188 197.7817388088712 192.97431152901174 190.23238911804006 194.30206597977164 201.40307791142646 199.73965727863154 201.97259617316337 192.97431152901174 199.91143036666892 202.3874557942906 192.92933975037528 203.8024754757286 203.75390381595102 196.20754282097639 197.26831789499977 198.35773393735838 207.83872332708088 194.44978012949784 202.37725034567165 203.4910556591576 198.60361440564722 197.65759348416162 204.2177791638524 206.61235935589096 197.26831789499977 206.6032422182006 201.97259617316337 206.7104987528336 194.7601317003851 192.31078577480025 195.09276062928356 195.41715623567188 195.41157022112228 207.83872332708088 199.62230517485614 200.55587497391687 204.28136015236706 195.0302323026632 194.44978012949784 193.2892178441368 192.76524950746958 201.04854811014488 192.31078577480025 201.97259617316337 194.7601317003851 195.64199700181683 192.61249281824777 198.7719882054135 203.32121568842305 198.9120579473281 196.6775623579225 203.2051135655301 197.7817388088712 208.54669906726423 197.26831789499977 200.55587497391687 206.6032422182006 200.7840483690018 198.35773393735838 203.4910556591576 196.20754282097639 195.09276062928356 190.23238911804006 198.9120579473281 202.37725034567165 208.36353407442547 208.54669906726423 201.04854811014488 208.36353407442547 206.61235935589096 200.97977712355726 198.7719882054135 202.70032301897942 186.31187768761 195.09276062928356 192.63696557297598 195.41157022112228 196.6775623579225 203.76337849367377 194.7601317003851 204.19723563620528 194.44978012949784
203.4910556591576 201.04854811014488 196.6775623579225 196.20754282097639 208.54669906726423 192.61249281824777 202.22244486216283 201.4640498113348 191.26370229254098 197.74493590082622 207.83872332708088 203.66555163947237 203.58156355367802 202.70032301897942 194.34544500493269 199.62230517485614 195.41715623567188 0.0 203.32121568842305 200.55587497391687 195.80002160734205 195.64199700181683 199.71290129652385 194.34544500493269 209.8734548592758 201.04854811014488 200.97977712355726 199.62230517485614 201.02432882501844 194.7601317003851 195.09276062928356 194.34544500493269 202.70032301897942 192.63696557297598 195.64199700181683 203.03374038710555 199.45308271393554 195.64199700181683 203.62612381047663 203.75390381595102 208.36353407442547 195.2367444272984 199.71290129652385 201.97259617316337 198.35773393735838 203.2051135655301 200.55587497391687 195.64199700181683 192.31078577480025 192.92933975037528 201.97259617316337 202.22244486216283 202.22244486216283 203.76337849367377 195.2367444272984 192.76524950746958 195.64199700181683 204.5702161085992 191.23309866771731 204.19723563620528 203.74605764209704 206.61235935589096 190.82608448596815 201.04854811014488 199.71290129652385 190.38271271231716 197.74493590082622 203.75390381595102 195.44817358647254 194.30206597977164 193.2892178441368 192.97431152901174 195.41715623567188 209.8734548592758 194.44978012949784 196.07103165689688 195.0302323026632 200.03041510415972 203.54069198455485 198.9120579473281 195.09276062928356 202.22244486216283 203.2538955602073 203.74605764209704 206.7104987528336 201.40307791142646 195.44817358647254 203.58156355367802 193.2892178441368 203.32121568842305 198.60361440564722 192.97431152901174 193.2892178441368 194.30206597977164 201.54990193473176 196.07103165689688 201.5618663666568 209.8734548592758 192.97431152901174 197.79352111226785
192.76524950746958 202.37725034567165 201.5618663666568 206.7104987528336 204.5702161085992 201.4640498113348 197.79352111226785 200.55587497391687 203.74605764209704 209.8734548592758 195.44817358647254 197.74493590082622 195.1947803684817 202.22244486216283 190.23238911804006 194.7601317003851 197.7817388088712 203.32121568842305 0.0 197.79352111226785 199.62230517485614 197.74493590082622 197.26831789499977 206.7104987528336 195.44817358647254 197.65759348416162 195.41157022112228 208.54669906726423 200.03041510415972 199.62230517485614 200.7840483690018 192.31078577480025 195.64199700181683 200.66401164210498 194.7601317003851 195.44817358647254 203.74605764209704 198.35773393735838 192.31078577480025 204.19723563620528 208.36353407442547 192.76524950746958 195.64199700181683 197.7817388088712 196.20754282097639 192.31078577480025 202.37725034567165 200.55587497391687 197.7817388088712 202.8841366569507 200.04098232859025 206.61235935589096 195.9344161956421 195.1947803684817 194.30206597977164 203.2051135655301 200.66401164210498 197.65759348416162 203.8024754757286 196.6775623579225 196.87859271037237 202.47929815447588 197.39136411694565 203.66555163947237 202.37725034567165 202.37725034567165 199.45308271393554 190.38271271231716 203.66555163947237 201.04854811014488 203.5763542417424 192.61249281824777 195.44817358647254 197.26831789499977 209.8734548592758 204.2177791638524 196.87859271037237 206.61235935589096 200.7840483690018 191.26370229254098 203.32121568842305 197.65759348416162 195.41715623567188 206.7104987528336 203.4910556591576 193.2892178441368 202.8841366569507 190.23238911804006 196.07103165689688 207.83872332708088 195.2367444272984 194.5241565365416 203.5763542417424 208.54669906726423 192.97431152901174 195.9344161956421 195.41157022112228 192.61249281824777 195.0302323026632 202.70032301897942
203.4910556591576 203.32121568842305 204.2177791638524 195.64199700181683 203.03374038710555 203.32121568842305 195.0302323026632 186.31187768761 198.60361440564722 203.2051135655301 202.47929815447588 204.19723563620528 195.44817358647254 208.54669906726423 202.70032301897942 195.1947803684817 192.97431152901174 200.55587497391687 197.79352111226785 0.0 192.76524950746958 195.64199700181683 203.66555163947237 198.7719882054135 201.4640498113348 200.97977712355726 204.2177791638524 202.3874557942906 200.7840483690018 195.2367444272984 197.79352111226785 195.6341288734913 206.6032422182006 200.97977712355726 203.2538955602073 191.7400838692474 195.0302323026632 195.64199700181683 195.64199700181683 208.54669906726423 190.38271271231716 201.02432882501844 204.5702161085992 204.28136015236706 190.64372663771144 197.65759348416162 196.87859271037237 191.7400838692474 205.31016270632537 199.45308271393554 196.87859271037237 195.1947803684817 186.31187768761 208.36353407442547 196.07103165689688 194.7601317003851 195.21046900095723 208.54669906726423 200.04098232859025 194.7601317003851 200.97977712355726 195.1947803684817 203.62612381047663 199.71290129652385 190.82608448596815 206.6032422182006 190.38271271231716 204.2177791638524 202.3874557942906 206.61235935589096 198.7719882054135 195.44817358647254 195.44817358647254 202.47929815447588 195.1947803684817 203.62612381047663 192.61249281824777 203.66555163947237 199.45308271393554 195.2367444272984 195.9344161956421 198.7719882054135 206.61235935589096 197.39136411694565 199.45308271393554 194.7601317003851 205.31016270632537 193.19979220886668 203.76337849367377 202.37725034567165 194.7601317003851 197.39136411694565 200.04098232859025 198.60361440564722 192.92933975037528 191.23309866771731 203.32121568842305 190.64372663771144 203.8024754757286 204.28136015236706
203.58156355367802 198.60361440564722 195.44817358647254 195.64199700181683 200.03041510415972 202.47929815447588 200.55587497391687 197.7817388088712 195.41715623567188 197.74493590082622 195.9344161956421 190.64372663771144 195.1947803684817 190.82608448596815 204.19723563620528 192.63696557297598 190.23238911804006 195.80002160734205 199.62230517485614 192.76524950746958 0.0 199.73965727863154 192.31078577480025 203.5763542417424 200.7840483690018 197.65759348416162 197.74493590082622 186.31187768761 195.21046900095723 203.75390381595102 203.58156355367802 195.41157022112228 186.31187768761 193.2892178441368 201.04854811014488 195.1947803684817 197.7817388088712 209.8734548592758 198.9120579473281 201.54990193473176 199.91143036666892 200.55587497391687 200.04098232859025 195.41715623567188 197.26831789499977 196.87859271037237 198.35773393735838 196.07103165689688 195.1947803684817 196.87859271037237 186.31187768761 201.97259617316337 194.30206597977164 199.73965727863154 203.54069198455485 200.03041510415972 199.91143036666892 196.07103165689688 197.26831789499977 192.92933975037528 199.73965727863154 195.41157022112228 191.23309866771731 200.03041510415972 204.28136015236706 197.74493590082622 203.03374038710555 205.31016270632537 192.31078577480025 196.20754282097639 197.79352111226785 195.1947803684817 203.62612381047663 191.23309866771731 200.04098232859025 203.66555163947237 205.31016270632537 192.61249281824777 190.23238911804006 198.9120579473281 203.8024754757286 207.83872332708088 190.23238911804006 194.30206597977164 198.9120579473281 194.30206597977164 201.02432882501844 208.36353407442547 195.44817358647254 204.5702161085992 194.5241565365416 197.79352111226785 203.78203157873958 204.5702161085992 198.35773393735838 193.2892178441368 203.74605764209704 202.3874557942906 202.70032301897942 208.36353407442547
