100
0.0 147.40143739124704 154.1674012560147 156.5574480087557 158.1715745438279 144.65608982365495 153.41282878956343 148.97106392309124 145.0511124480931 149.1500049542663 153.32429357310224 156.90240331615047 144.36832556890664 147.21031248532728 146.285949776568 154.10423517432037 156.57764243624834 145.6906203584527 151.31204493929042 152.36679227020244 156.54416030979687 142.58081938811446 150.8233099592323 145.7362210471417 141.60718707161595 151.20927566386695 158.97375290424887 148.58081596681504 142.96464505253851 145.48713612182385 150.45616047989068 143.9483352370279 148.14495845191587 150.98533955331044 153.17109000796674 148.44388150131763 155.50814669580842 143.5447324105393 149.46224822976197 142.4550168081409 153.93292355720016 150.47900205237946 154.24633182077287 155.78753726766521 147.90824011687653 158.97375290424887 147.52801888848796 145.9148421023282 152.89202379398483 163.40808432003374 150.2087462070735 148.34336568720067 149.1399710643435 149.87128763975377 144.995809952591 153.75731833862915 156.04993422001593 148.3198623731289 147.6615520591004 152.20989617210117 149.1508698493657 141.23277171300649 153.21604822353248 147.5108187358033 146.7683118145204 150.04863357585756 148.20292808774957 146.29278873747958 153.7862454298077 154.94438902929508 156.61431066761605 155.38916913128077 139.98185849940347 149.20610979221738 150.14650841060694 137.8827550155709 147.5182254054353 149.61372574177383 142.79923926081366 158.07445273382945 145.27542505027333 136.75826439071093 148.34406621344718 153.332803046182 157.4434700701064 160.56185046187755 146.78606091471303 157.3355729418775 153.6689535181267 152.19447955149758 147.11151701580692 149.2798788435767 152.06928234347097 156.90240331615047 143.41738565500677 154.5706746968291 153.22084014369975 155.48068699510114 146.7532954223069 149.50753917462467
147.40143739124704 0.0 144.6574169798867 152.29852239216945 153.44533652810355 152.6869755556032 149.03549651015274 151.07953221756287 147.8069841215598 148.64289807749824 154.4233422849084 147.69081842638573 153.39982654417852 154.03288266483577 151.58741669936617 147.9439952713157 157.94128895760878 145.57765807479046 144.3406839940102 150.08774812495514 155.14066359912636 147.8766236910021 156.24658783489704 149.36270495255764 140.0358599709415 150.81726508090958 152.6869755556032 148.870250521956 146.6947519548079 153.3026796342252 154.21953627943336 155.50814669580842 151.97842816128218 150.4360879751053 155.95312927003022 161.3851680563669 155.01428444083223 152.15535061893098 152.18760754399165 147.18535621066312 152.63023341125927 149.06531574196154 148.38310191085876 146.23651467104239 147.87539334494613 155.87575241113404 153.9129765609849 150.38895445030786 150.4253133003618 143.49115599071806 140.84478388305666 140.35124289908245 155.01428444083223 150.93016534030698 150.32979135793784 154.58189386998035 144.9758277888558 144.3406839940102 145.21029997376777 155.9862211111618 154.5363932802517 157.19412403287535 151.94845831914503 148.13391633896936 150.3138360428093 149.82657326894062 148.30031329883568 153.21391512105674 158.64905447655093 153.39243238614583 151.99538906965137 148.05117922361492 152.22417025484404 144.8129302785929 151.21113214459513 153.59604981696273 147.02023514497807 149.48643462736354 153.48156206301064 144.9758277888558 162.78601219070669 148.5114082901296 155.6150909616498 145.21029997376777 152.45367996825146 148.58233658580062 147.5108187358033 149.48643462736354 142.04770955158347 152.69493278230814 145.71766323560928 150.4511132714735 142.29984991842616 144.72068904479175 149.82657326894062 135.83895441363615 147.5916040431751 136.75826439071093 149.2990493175319 148.89380300434956
154.1674012560147 144.6574169798867 0.0 146.4767904429758 146.38095784989412 144.3406839940102 147.5916040431751 156.06586598635627 154.58189386998035 147.5749762094481 160.56185046187755 151.8732768195024 156.46229064015984 152.48089164824117 154.68703248277393 144.12624303577044 151.81731942184322 146.22588328509215 146.84975716368535 141.73247917677074 151.37913770751712 144.44833737152743 153.62754637077956 150.02938211171497 150.08501861958808 143.15817600858205 138.08260693527362 147.10261950649024 154.89575079785538 149.703575891093 147.16672153417557 149.988336155406 156.29113488693312 153.39243238614583 148.85435326989563 145.48140455129607 151.145007441229 145.36814401196867 147.46584850338832 153.5627381263113 153.01421835671312 152.37505186731062 157.90207176314266 146.76715658879786 147.47411512931828 152.6869755556032 148.99959176381128 153.21391512105674 152.6869755556032 148.69972394026914 142.04770955158347 153.92285439182086 149.2626789084296 153.20168926528643 157.7667218530865 148.98773761748427 144.24531757758575 152.75834811232718 148.03665972090016 150.88811733148592 143.1403042508313 145.49266661821162 148.9309111706943 145.6115534311096 147.9033209894515 148.5327460942904 151.525615084792 148.73855353296713 144.38423405224958 145.9025378932665 148.8264354047582 150.97162601907868 139.26759666157798 141.90133015117823 161.32685155650853 146.43311661901765 154.0567799396206 143.6309613185314 142.95133781815582 147.78790670044782 147.82024175704754 156.06586598635627 142.51176499325544 153.2043944631021 155.09439578759938 156.52001115150466 153.23754090088002 149.6268850023236 159.49696226862085 150.54607378167327 151.43905795017736 153.32532665963535 148.6776478383274 153.21021862292312 144.65804159098522 146.5764009896046 154.1928779081263 145.8513925139766 151.72272682314255 156.35577665298396
156.5574480087557 152.29852239216945 146.4767904429758 0.0 154.77690342499767 143.20683945947397 159.14784066969608 154.99927241967015 149.65626103554735 154.85496522658192 154.68516755759964 149.1508698493657 146.97689755029498 144.86180485491377 152.27706744314108 143.51473921852357 158.97375290424887 141.7126335625932 155.14066359912636 138.91232001334185 151.7705931138522 147.90118660899304 148.295042390859 149.87128763975377 143.66344447659662 151.84744747928656 151.08525217407836 158.59739028292708 153.44533652810355 144.38522636761107 147.53373903380165 135.86205136608706 153.3437257048162 150.61124463310074 152.98296232477003 144.34752905415743 147.95215385876241 148.93799653223218 148.97106392309124 151.92313220887314 150.08501861958808 156.56133716280596 153.23754090088002 148.98773761748427 148.88826120361927 154.09657127025758 149.988336155406 144.65804159098522 151.91092519163576 152.01697947792115 154.2224665449564 153.4938881545178 154.79140178407798 149.9720740014265 144.34630142891112 149.58913603715274 159.49696226862085 149.2626789084296 150.4223920090003 149.1184045494846 150.10991602732548 147.87539334494613 152.30488101146875 137.17099887642675 145.98176766562818 144.5861400418365 151.05220710996144 154.1026340794022 154.77690342499767 149.7636592761908 143.0483030898065 150.32979135793784 153.06482392686277 152.3795637356904 155.08672436701647 150.89200313090305 145.03357371056808 157.96611071909723 151.05220710996144 150.78083445585412 151.23126800725797 145.6248122325149 144.7157769417383 149.37866985070355 146.61816467278635 158.73346282539086 147.5052113775886 151.38146908382976 150.81426492291394 154.67706298928215 145.06808788043637 148.02307974764358 148.1742441331804 149.6268850023236 150.03527315887203 151.73688531437307 147.76862556831708 144.22743697538476 152.15535061893098 138.3189472642875
158.1715745438279 153.44533652810355 146.38095784989412 154.77690342499767 0.0 150.3185684606197 148.62492243418072 150.22846513272435 151.7399710935975 147.43821448846367 144.6574169798867 150.3453535412441 152.62363036256096 151.58198901027058 148.19729440324588 156.46443043912384 144.38423405224958 146.31027215771832 156.06586598635627 145.77295123878866 152.27745336985942 153.041600043583 152.40271765204957 147.2962945451663 141.60718707161595 150.65094490702853 158.67964986694156 157.79869955153634 149.78660004223823 157.90207176314266 154.65518438793237 151.81096197794602 156.61431066761605 147.56771919066048 151.52579368696652 150.4360879751053 150.5855471156437 153.32429357310224 152.55627052534504 153.4340122796851 158.67964986694156 152.34925441492368 149.50266292148135 148.64289807749824 147.5916040431751 143.50607452123865 153.4365129829527 146.28631860428104 157.95730728416265 148.5114082901296 138.00056448927597 136.93476270506687 156.52001115150466 145.21432598308263 154.322493932579 142.43361789404068 152.71629598621547 146.48126357619182 157.94128895760878 155.95312927003022 144.85578898006878 152.37721935275022 157.42760655246443 158.59921267057646 157.69410161208458 144.26596066303236 150.0485781730676 143.07213105373012 154.7190551617402 154.1026340794022 143.6309613185314 149.20436956453605 152.07911927784255 145.6726408709113 150.08127386673425 154.86194571165748 156.5574480087557 147.03366176644394 145.28521705255073 153.91775111136428 137.17099887642675 146.6698329333291 141.56902773442837 152.92915011502868 151.25813834779495 149.48643462736354 156.10842029727274 148.44266325816548 162.03116326455893 149.00522843032914 144.5588548654776 154.67681445973665 150.55946028367867 154.63566490823823 157.4400583434323 154.3374656858303 143.8682014881285 147.52801888848796 140.4458684909095 152.376813417885
144.65608982365495 152.6869755556032 144.3406839940102 143.20683945947397 150.3185684606197 0.0 145.9507460903517 155.9862211111618 144.173375647676 145.9206553101723 144.83331231354572 151.03697041736874 150.4253133003618 149.02718606952652 151.87155222942283 152.96475725652314 156.0485942356467 139.5601546880569 150.43459586274807 153.8342657621698 151.87155222942283 145.61620333753703 144.47301989029458 153.67219412312127 148.6829242972401 151.93575359276505 150.08774812495514 141.55260505657063 153.08613731096315 146.47744201647836 154.23256839306518 143.9961788830069 155.33733538374898 154.89575079785538 153.75731833862915 139.99527698052492 145.75862411873283 148.0907932939636 154.10423517432037 150.04509241007258 153.75731833862915 150.04863357585756 148.6492826539978 145.69127824449805 143.0870387281594 159.14784066969608 159.35387589490657 145.99635184004487 150.76611654117156 144.85578898006878 143.2961315093292 145.79142450417268 149.29335541015496 146.48126357619182 149.92590137128832 146.76715658879786 159.7911103045867 147.24506628481106 141.70207648268766 151.8904328326118 149.02452650362181 152.01903344161178 141.47525803383934 148.9309111706943 153.31238395774844 155.11670128839458 145.14706389406197 143.70069170193509 144.38522636761107 157.08670926783017 149.14421460370158 153.20168926528643 146.74658524181189 152.74845682982232 157.3228573931241 149.46573334031663 150.39165702588645 150.72262588517387 148.5001319143459 146.10093210961858 143.05425620593752 145.6681378171753 155.70815687078766 154.897559583859 155.66874235186836 152.2983360045908 145.48122896626097 147.25864274393209 145.63948989073936 151.7187811447677 151.89853732612696 146.10986757461905 148.58081596681504 152.20089219762426 140.84478388305666 152.69518795464492 152.92955475701447 153.10532832741043 156.10842029727274 148.98017308268987
153.41282878956343 149.03549651015274 147.5916040431751 159.14784066969608 148.62492243418072 145.9507460903517 0.0 155.0669425517183 156.52001115150466 150.69687925724298 138.08260693527362 149.8255660636726 144.28491555081592 156.69023146251985 150.75422813087079 142.98678922163074 153.3437257048162 163.40808432003374 151.44931370939943 152.55013170597348 157.53483978718018 163.5685762975272 146.47569908879103 155.0669425517183 150.93494581203183 157.0537736714989 161.9999374215125 140.02685655867478 151.7399710935975 144.52405163768884 141.56902773442837 142.29984991842616 147.20627755016463 154.41767345303415 149.75579714510374 150.97174590731913 148.7912084069351 150.09624830326737 145.56406451549884 152.74845682982232 150.7894990274727 151.20927566386695 142.63426527858337 159.22990606458234 151.63073442016034 151.09760998581683 145.48713612182385 153.41171107055055 143.2760308398159 150.96745682945954 150.02938211171497 161.3851680563669 145.10422307325004 139.99527698052492 142.16618908491162 147.10261950649024 147.86566827028463 142.18737820919608 150.934697564059 148.67682893232404 145.6906203584527 151.93575359276505 144.24531757758575 152.84347729433944 143.80583143392167 151.7187811447677 136.38515707470498 141.56902773442837 148.76390165528954 149.4828151438661 145.27542505027333 154.2224665449564 150.15457413768195 148.44266325816548 142.1393652930123 148.34336568720067 147.1653346904366 151.73688531437307 158.7824708000876 150.54607378167327 154.63566490823823 151.99749548997528 147.46584850338832 154.63517663966695 152.79811229819157 155.11670128839458 152.37721935275022 143.5447324105393 153.2274340597355 149.6268850023236 154.1928779081263 154.79003405505256 153.89201071929497 151.62072681473822 147.83468661921896 157.81346469660602 153.17109000796674 160.31008821809797 150.19952281660076 140.0358599709415
148.97106392309124 151.07953221756287 156.06586598635627 154.99927241967015 150.22846513272435 155.9862211111618 155.0669425517183 0.0 157.4400583434323 159.49696226862085 142.29984991842616 153.8741525168364 146.48272986895108 147.9033209894515 157.81346469660602 147.92758670492046 150.12033652638794 145.0992971357718 145.36550739020555 147.78790670044782 159.353304789996 146.48272986895108 156.90240331615047 152.47695025903565 151.81731942184322 157.53627348197494 150.54607378167327 148.3617882953556 155.72564982434085 157.53483978718018 150.29495029450206 151.0896379425382 149.92590137128832 152.2378237069583 145.28521705255073 151.32429023630434 150.88811733148592 144.9758277888558 149.02012862282962 147.05933067531868 145.94254075101935 154.991586836702 149.2990493175319 143.0483030898065 138.3189472642875 156.29713181058568 151.92661172479978 150.9109296029312 146.16463591569175 153.41171107055055 147.9590081194014 149.2990493175319 147.73735485577689 153.62754637077956 151.36460558771736 150.45722873423165 147.43821448846367 154.73184900864567 148.52473509049048 140.95029153841335 149.4894960131643 150.1241760265415 145.7669526961444 142.43361789404068 142.0819562897216 154.4233422849084 153.03214159424726 148.66992365194758 149.12940560554793 153.54179939981688 149.73408980749653 154.8260749704339 150.44689708799078 147.8766236910021 153.77966080322278 146.16463591569175 140.0358599709415 149.8255660636726 152.90604298586067 155.38390187900154 156.87348734811647 153.32429357310224 144.2722217803274 147.41297937915553 150.11950203139804 147.0919170073354 145.2956263778133 151.03347895337652 145.75528192023154 146.47574162874767 153.0423202651178 155.50814669580842 144.2692266624309 155.00094351945867 143.0870387281594 162.78601219070669 149.36270495255764 159.53502825752042 150.28547989180632 150.00074871947754
145.0511124480931 147.8069841215598 154.58189386998035 149.65626103554735 151.7399710935975 144.173375647676 156.52001115150466 157.4400583434323 0.0 148.86796869471047 153.58625868130733 152.87841333244043 153.25200131246962 152.29852239216945 142.36802092756182 148.90891869845768 146.29278873747958 154.5262869316537 149.65626103554735 154.6114436655131 149.32550462540598 145.7637012157082 144.47301989029458 153.5583342061817 159.6626329349648 151.88641521178863 146.75153688629297 158.59921267057646 142.886459267599 153.77966080322278 138.03390933327597 150.43459586274807 150.66776383321252 150.81726508090958 151.00186772028871 154.94242050972193 148.93799653223218 144.22743697538476 145.48140455129607 150.7996095183278 146.74658524181189 151.62072681473822 140.40732144926216 152.3363627038982 154.9389764026681 150.03087914574155 148.76390165528954 153.21604822353248 148.03665972090016 156.0067787445771 154.68516755759964 150.81726508090958 146.10093210961858 142.6605744697771 147.25654608744574 146.48145027322107 154.6114436655131 149.85882308765136 142.79923926081366 142.36802092756182 150.12033652638794 153.89201071929497 144.93007832876307 144.59093260646452 154.5262869316537 143.51473921852357 151.460751706477 153.01421835671312 162.47965571709068 155.9862211111618 148.28110429503133 152.06928234347097 138.08260693527362 156.06586598635627 142.05806287816625 138.95264034894154 142.886459267599 157.0644802204793 150.74361804935728 152.02492103831221 144.7157769417383 152.99229262631619 136.42790023787828 147.0233524584956 148.80730244270507 146.47569908879103 157.08670926783017 139.4558769105767 157.6612939263506 146.61816467278635 145.71985113815964 146.48272986895108 156.10842029727274 155.70815687078766 150.78576861782324 146.85825429551574 148.52473509049048 150.70733974343875 154.7190551617402 155.92639146164214
149.1500049542663 148.64289807749824 147.5749762094481 154.85496522658192 147.43821448846367 145.9206553101723 150.69687925724298 159.49696226862085 148.86796869471047 0.0 149.32613927546086 148.34336568720067 148.9309111706943 153.93958819803217 156.12968476982866 142.1542100971979 148.8012488232866 147.9945801679782 155.09439578759938 148.28661820365153 154.23256839306518 157.11027182818546 154.6816894708642 154.1674012560147 148.91361259164862 152.27745336985942 151.31204493929042 142.21725773108187 151.05220710996144 147.0228947121605 155.71435507443968 157.95730728416265 142.89126482518748 155.71435507443968 146.30422855737035 154.85496522658192 144.77702827769207 149.00522843032914 154.67681445973665 157.79869955153634 141.55909757598533 145.75862411873283 155.1611793741643 151.32877412641588 145.17936570578505 151.87155222942283 150.49886999349678 153.52935441471854 159.6593023077995 149.7636592761908 152.5551095578287 149.4828151438661 152.38969818800516 152.59063614448766 155.76992167436075 146.5764009896046 146.10093210961858 151.02930737913866 149.85882308765136 157.66606689166818 141.70207648268766 154.6162596425725 153.24121120061716 148.76390165528954 147.25654608744574 148.25323015789786 161.9999374215125 145.99635184004487 159.22990606458234 143.8682014881285 148.7635707333876 152.45367996825146 144.52405163768884 151.73169980904382 155.26001671341407 149.85882308765136 145.6906203584527 142.0819562897216 157.42443969599893 148.51208212963118 159.32683288280154 153.17109000796674 152.30488101146875 145.2287554009461 147.43821448846367 150.72262588517387 146.3946213023439 139.86476991875637 149.29335541015496 151.81731942184322 150.54287756974261 155.89081595102252 145.9206553101723 156.29113488693312 150.6852778518634 146.83059402232476 151.04275646846375 153.59604981696273 145.86829972394602 146.29278873747958
153.32429357310224 154.4233422849084 160.56185046187755 154.68516755759964 144.6574169798867 144.83331231354572 138.08260693527362 142.29984991842616 153.58625868130733 149.32613927546086 0.0 145.94955593123322 156.87348734811647 154.3374656858303 152.4206629539535 155.71435507443968 146.78606091471303 143.89446960205115 148.09220901906602 149.01634218556174 156.0067787445771 145.05646313228254 150.4253133003618 153.82632818593007 150.92594097866936 146.12693640673714 147.11151701580692 150.51906593039826 153.33840264139178 152.18760754399165 156.64539592581343 145.7669526961444 145.79142450417268 152.3363627038982 151.03697041736874 143.51473921852357 152.07911927784255 146.16463591569175 157.11027182818546 150.92024055489347 152.29852239216945 149.69969423646253 149.27153322696725 161.9999374215125 149.703575891093 156.51433544485238 156.54416030979687 146.1605403136934 145.45967232128902 142.41319876144868 148.81856435605266 152.7534940917647 151.44931370939943 150.7092966341407 142.91699203175085 153.33840264139178 151.2296478615776 149.40275303860784 154.88242017918253 150.04509241007258 152.02492103831221 151.86505652179156 151.86505652179156 153.15355635364065 152.48904177090213 145.03357371056808 152.40282784740808 152.59063614448766 148.01244031160047 147.11379221177884 152.64464109806528 152.2378237069583 151.99538906965137 151.11834415680332 143.5006937670296 153.704302479403 151.93226592110508 153.52251233369398 146.7683118145204 151.84744747928656 152.98296232477003 147.73735485577689 152.29807586314936 151.3583028003746 148.58233658580062 156.10842029727274 141.06577058692014 151.32429023630434 159.14355189793636 162.28794212399683 161.83469022017255 155.7989775417353 155.79052132627245 155.7989775417353 145.5563376992314 150.50041626587227 147.94830596051605 155.97048226730786 136.42790023787828 150.02938211171497
156.90240331615047 147.69081842638573 151.8732768195024 149.1508698493657 150.3453535412441 151.03697041736874 149.8255660636726 153.8741525168364 152.87841333244043 148.34336568720067 145.94955593123322 0.0 151.10360458338346 161.98261415707975 139.58422331586615 143.0143751026523 152.1207033312943 143.49115599071806 156.754354268572 154.0748141940359 141.75576308654524 144.40588177950713 146.91435710394444 153.03214159424726 155.19948707125891 142.63426527858337 152.21629934750274 151.08766974009998 147.24506628481106 154.77690342499767 149.82145692361377 153.8342657621698 145.36814401196867 146.66169994222832 149.50753917462467 157.70012375121283 152.29549341192288 151.72010398353393 155.32133884512976 155.26674480082903 139.9338788130712 142.72857076401056 152.89202379398483 157.79869955153634 145.26596984531275 156.1822413895331 147.5916040431751 156.57764243624834 150.91336374800343 153.44533652810355 160.00132918431765 154.10423517432037 151.05220710996144 148.5327460942904 147.1018251198382 152.89202379398483 148.05413631726708 149.08859585675683 154.0567799396206 136.75826439071093 154.5363932802517 156.48599187692406 149.1500049542663 150.40643912189768 151.55948553678266 152.29807586314936 152.4485793963466 148.3198623731289 149.02012862282962 154.7321967244923 144.6574169798867 141.47525803383934 149.67237608710462 149.1528302096694 151.8732768195024 149.8255660636726 156.7623718200381 149.54455079545633 150.7847703261453 139.54810220946746 145.13421066681533 147.25654608744574 147.15908953113635 145.63948989073936 148.03388891978804 151.63073442016034 146.09488492112467 155.77350060392743 138.00056448927597 143.20683945947397 157.81346469660602 149.50753917462467 156.7623718200381 150.3657213887768 148.09220901906602 148.06154622703718 162.30703371832504 147.03366176644394 150.61426442927612 151.89853732612696
144.36832556890664 153.39982654417852 156.46229064015984 146.97689755029498 152.62363036256096 150.4253133003618 144.28491555081592 146.48272986895108 153.25200131246962 148.9309111706943 156.87348734811647 151.10360458338346 0.0 156.00460252880387 149.58913603715274 152.18760754399165 139.26759666157798 153.81592937422667 150.3185684606197 150.49886999349678 145.9206553101723 147.76003253789628 148.86999264772032 153.88456036221422 144.70386353839726 153.9892241832213 153.91775111136428 154.6816894708642 148.5327460942904 146.48272986895108 147.5019999009524 146.9262567178884 151.37913770751712 155.1611793741643 154.2224665449564 143.5447324105393 145.123630450222 146.4767904429758 149.8255660636726 145.57765807479046 156.00460252880387 140.5593444582137 145.0123621033878 148.12327741500013 151.5404331203708 144.85578898006878 149.50294608942838 154.25516316570787 150.29495029450206 148.62541348740228 146.12225397755626 152.06386201038927 147.03366176644394 139.5962134934801 147.35721623249555 150.23555073002186 144.85578898006878 152.30488101146875 146.3048096430337 151.04589691851834 154.98793220674762 146.48126357619182 147.95215385876241 149.85882308765136 147.76003253789628 147.24568183831312 148.02307974764358 152.06145249255755 150.28547989180632 138.03390933327597 145.10422307325004 142.51894167312057 144.12624303577044 147.8073408372597 148.5003893404656 157.2778372422514 156.74267515810567 149.02012862282962 144.72068904479175 146.42168142527345 146.33135208704462 158.60886449876747 144.6574169798867 146.47744201647836 146.8714077769581 144.65804159098522 153.74388937467816 152.58169299843786 148.13391633896936 151.5058184125591 146.47569908879103 147.2309656530064 153.5799823646644 142.95090017690802 145.69127824449805 148.25145149766848 145.75528192023154 141.73247917677074 148.67266703162053 154.33324831168406
147.21031248532728 154.03288266483577 152.48089164824117 144.86180485491377 151.58198901027058 149.02718606952652 156.69023146251985 147.9033209894515 152.29852239216945 153.93958819803217 154.3374656858303 161.98261415707975 156.00460252880387 0.0 146.29150226924756 150.82767223088717 151.73688531437307 150.93016534030698 150.72262588517387 153.58625868130733 145.26060985206325 151.62072681473822 152.22417025484404 155.79402766913398 153.06463275742647 144.40588177950713 152.5313041734167 156.04993422001593 151.81731942184322 148.34377523615046 155.97153041511464 150.97914522510797 148.14495845191587 154.94242050972193 150.934697564059 147.48214545844917 148.75878150312323 141.7126335625932 147.9439952713157 143.9483352370279 152.87959587953299 152.27706744314108 154.67706298928215 145.98176766562818 154.3374656858303 142.41319876144868 150.03087914574155 152.83717733853177 154.81792771332366 150.03527315887203 151.145007441229 150.5373309895982 147.9945801679782 139.52197682419538 160.00132918431765 147.1653346904366 148.3617882953556 147.5052113775886 137.93613805500027 148.88578680413676 154.63517663966695 156.90240331615047 155.8184326819269 144.47301989029458 155.11670128839458 153.19940391343954 156.18901210328187 147.5182254054353 143.9483352370279 146.23651467104239 148.34377523615046 150.65486030934963 154.67681445973665 156.46229064015984 155.3453861303684 153.73944326705964 148.42613707996807 144.995809952591 157.00189375989657 150.78083445585412 140.57893877538203 156.30302174174207 147.2038530813816 147.73735485577689 149.36270495255764 150.02938211171497 161.58662270759444 150.9161362784721 150.04863357585756 143.51473921852357 154.5363932802517 152.72470077541186 149.63405001964685 146.4746910611929 158.12278414015594 147.51968732362968 155.71435507443968 143.5447324105393 150.4044000910792 156.26966146573704
146.285949776568 151.58741669936617 154.68703248277393 152.27706744314108 148.19729440324588 151.87155222942283 150.75422813087079 157.81346469660602 142.36802092756182 156.12968476982866 152.4206629539535 139.58422331586615 149.58913603715274 146.29150226924756 0.0 148.5003893404656 152.87682264783288 148.3617882953556 149.1508698493657 149.62184951388602 158.02486686639497 144.28491555081592 144.35912347666957 150.32979135793784 152.29807586314936 144.44833737152743 154.322493932579 151.93575359276505 150.92594097866936 150.19337481256161 144.47301989029458 154.79358426776645 150.10117940897106 160.00132918431765 150.02938211171497 147.14355531553613 149.12940560554793 144.81939882656934 158.34097567468083 151.2149034275585 154.68516755759964 146.62052036172187 149.36528774362395 137.944109527317 144.65804159098522 148.89380300434956 155.08672436701647 156.52255346629326 143.2961315093292 149.75200462558237 149.36270495255764 155.25097369209303 143.83428457636518 144.55272852741479 149.4828151438661 144.7157769417383 146.75153688629297 150.4253133003618 148.69972394026914 162.47965571709068 158.0440276921175 147.35721623249555 161.38220834401656 152.14052764130426 145.56406451549884 144.33084465937353 154.19036933499032 152.85253024614678 145.71664395988398 145.3318593426289 152.20987022796518 144.9476070895332 152.64464109806528 157.5198459576463 146.87217200055952 147.82024175704754 152.92955475701447 144.69071669100433 144.0104377177388 148.25145149766848 153.03214159424726 157.2398468125976 156.90240331615047 147.0228947121605 150.39482879867276 157.0664853511212 154.88242017918253 147.98777463169458 144.26596066303236 144.24531757758575 147.25864274393209 152.5313041734167 141.70207648268766 150.74361804935728 144.93087076862156 148.66850246458637 144.34752905415743 154.79358426776645 149.99808874393713 155.76992167436075
154.10423517432037 147.9439952713157 144.12624303577044 143.51473921852357 156.46443043912384 152.96475725652314 142.98678922163074 147.92758670492046 148.90891869845768 142.1542100971979 155.71435507443968 143.0143751026523 152.18760754399165 150.82767223088717 148.5003893404656 0.0 155.92489221276594 148.3617882953556 152.01697947792115 153.54179939981688 153.71588367977893 148.66992365194758 150.44689708799078 151.99749548997528 152.86674872612667 152.70595889958085 146.85825429551574 163.5685762975272 146.76715658879786 150.46432326497654 148.28661820365153 145.37082821377746 151.145007441229 147.4524198021955 151.58980861917294 153.2043944631021 146.1605403136934 152.84347729433944 138.1043140685633 152.59063614448766 152.82918303754252 149.69532489949253 140.57893877538203 157.11027182818546 144.33084465937353 145.24981114348992 155.46000458852942 147.654005888116 152.58169299843786 150.49185707936516 143.0483030898065 145.7911997671381 149.39591834193683 153.3897569065386 149.75200462558237 151.93796782418156 150.4223920090003 152.36679227020244 152.75834811232718 150.66776383321252 150.7996095183278 141.73247917677074 150.5855471156437 145.46409772878766 151.86505652179156 149.50753917462467 145.6726408709113 141.55909757598533 140.25147020992125 154.81792771332366 146.425041340132 157.96611071909723 150.934697564059 152.23654154914033 136.93476270506687 152.38969818800516 145.7157713819557 152.30488101146875 142.58081938811446 147.02023514497807 153.82632818593007 141.5061436203876 158.0440276921175 143.5447324105393 153.2864430987563 143.9502242934699 145.13421066681533 145.9148421023282 158.02486686639497 154.03288266483577 148.35366495193347 150.11950203139804 150.17221849724575 154.23256839306518 148.6492826539978 152.58169299843786 148.62541348740228 152.4270238947589 144.77702827769207 144.02660820085742
156.57764243624834 157.94128895760878 151.81731942184322 158.97375290424887 144.38423405224958 156.0485942356467 153.3437257048162 150.12033652638794 146.29278873747958 148.8012488232866 146.78606091471303 152.1207033312943 139.26759666157798 151.73688531437307 152.87682264783288 155.92489221276594 0.0 147.654005888116 154.7788546338724 151.2031261522854 139.5962134934801 141.23277171300649 150.658998929184 151.18531939792118 147.4524198021955 142.63426527858337 139.52197682419538 149.58913603715274 157.42760655246443 154.95755192092597 146.69537197135304 142.98678922163074 148.54506974365182 147.5108187358033 146.3946213023439 147.47411512931828 149.57648823831428 146.66169994222832 152.89539162374996 157.4301879358903 149.1528302096694 146.69537197135304 150.8543662500685 150.21588166676085 143.95287580491436 152.74845682982232 140.24848989797061 147.21031248532728 152.99943066047112 155.6862458603782 150.03527315887203 145.36814401196867 149.1508698493657 147.03366176644394 152.36679227020244 146.62052036172187 139.20213434903775 154.8260749704339 145.4607342925716 148.06154622703718 146.53793441441465 150.78388921428763 145.94648705204153 145.75528192023154 149.63405001964685 152.40282784740808 151.73169980904382 149.99149007399794 153.4365129829527 137.6099051981048 162.28794212399683 153.82632818593007 152.70505131243496 142.18737820919608 154.6114436655131 144.78099082368837 154.28985522828603 151.35754944834636 137.2669053596108 155.2187762644875 146.47744201647836 151.99749548997528 151.93796782418156 140.35124289908245 147.1274347525428 147.66717805242737 144.30061878382713 151.8215399977009 150.93016534030698 140.25147020992125 150.7569040876527 151.17913377235055 157.61005865741825 149.99808874393713 141.73247917677074 148.90891869845768 152.06149328723788 149.20610979221738 152.45367996825146 144.44833737152743
145.6906203584527 145.57765807479046 146.22588328509215 141.7126335625932 146.31027215771832 139.5601546880569 163.40808432003374 145.0992971357718 154.5262869316537 147.9945801679782 143.89446960205115 143.49115599071806 153.81592937422667 150.93016534030698 148.3617882953556 148.3617882953556 147.654005888116 0.0 143.66344447659662 155.25097369209303 150.04863357585756 155.5160023436646 152.59063614448766 149.8438858838724 153.4938881545178 146.57061504343747 149.50266292148135 144.995809952591 147.8446605919498 145.63022133453734 150.6707531730349 147.7203019566412 152.4206629539535 139.5601546880569 151.20941656165465 146.3048096430337 150.72262588517387 150.81426492291394 151.96777413190176 152.29852239216945 153.21391512105674 154.60347862810687 151.02930737913866 152.46835930037088 149.99808874393713 144.77702827769207 145.49266661821162 148.11371478503625 150.10117940897106 154.82058312501093 144.81062061847044 148.78513747800216 152.3363627038982 147.12317945201747 152.69493278230814 145.21029997376777 155.79402766913398 146.8676482370543 152.06149328723788 149.90104495463055 152.3294948722113 155.32133884512976 150.4511132714735 150.5855471156437 145.37082821377746 149.25073933497063 152.06149328723788 152.06814096335026 146.50151493648949 152.4270238947589 149.73408980749653 149.11659524237245 145.7669526961444 149.100228205859 143.35610267616988 151.86578857590808 150.40643912189768 147.92758670492046 144.60425264033958 141.75576308654524 144.31933690980014 147.5019999009524 147.90824011687653 146.30422855737035 151.02930737913866 153.2864430987563 148.7912084069351 144.41588091154915 146.3946213023439 147.3139131286406 148.93799653223218 144.02660820085742 146.44181930904855 149.57648823831428 142.96464505253851 147.87539334494613 151.2149034275585 149.6289725115097 145.123630450222 151.0896379425382
151.31204493929042 144.3406839940102 146.84975716368535 155.14066359912636 156.06586598635627 150.43459586274807 151.44931370939943 145.36550739020555 149.65626103554735 155.09439578759938 148.09220901906602 156.754354268572 150.3185684606197 150.72262588517387 149.1508698493657 152.01697947792115 154.7788546338724 143.66344447659662 0.0 144.2722217803274 151.22953579244177 146.47447452407638 153.25200131246962 139.5962134934801 139.58422331586615 156.64539592581343 155.5160023436646 154.85651910410772 152.19447955149758 157.0664853511212 149.1193582366729 153.2274340597355 155.97048226730786 148.42613707996807 150.8972399779962 153.83829804851976 142.04770955158347 150.1980684076645 147.24568183831312 151.94845831914503 148.83477587491862 143.52221605500083 149.63100337031383 154.6114436655131 144.9191620322517 144.06640850928758 147.2962945451663 151.58741669936617 152.20987022796518 152.0815834213421 156.24658783489704 153.5917257408376 155.16156380282325 147.9945801679782 155.92489221276594 149.35768378070762 152.95193805871682 147.8073408372597 138.03390933327597 151.58741669936617 151.88641521178863 157.4301879358903 156.46229064015984 148.19729440324588 148.12327741500013 144.7157769417383 145.27542505027333 154.86194571165748 151.86505652179156 149.988336155406 146.43311661901765 141.73247917677074 152.16348551274157 152.06814096335026 150.1334368020192 150.34831948404172 152.16348551274157 151.60372771355156 142.95133781815582 150.1241760265415 150.9824099822681 146.7270899017363 152.01903344161178 156.62259795926926 152.10107707955086 139.26759666157798 148.5327460942904 162.03116326455893 141.75576308654524 155.09148160814857 154.5085652126532 149.61372574177383 152.55627052534504 151.81731942184322 150.70733974343875 155.9862211111618 142.41319876144868 136.76744855068162 149.82145692361377 149.40421461094894
152.36679227020244 150.08774812495514 141.73247917677074 138.91232001334185 145.77295123878866 153.8342657621698 152.55013170597348 147.78790670044782 154.6114436655131 148.28661820365153 149.01634218556174 154.0748141940359 150.49886999349678 153.58625868130733 149.62184951388602 153.54179939981688 151.2031261522854 155.25097369209303 144.2722217803274 0.0 156.02328546485919 135.83895441363615 156.04993422001593 154.45790611554003 154.73184900864567 154.322493932579 142.6605744697771 155.50814669580842 148.56624806078892 151.62072681473822 153.50781363753754 146.34766219817578 148.78513747800216 152.59063614448766 155.33733538374898 153.36215026199747 152.34925441492368 148.13391633896936 142.76300810197597 146.10093210961858 145.63022133453734 159.44062704816685 153.74388937467816 152.92955475701447 155.46000458852942 153.5583342061817 153.73944326705964 144.88239817187716 149.100228205859 148.63728661634974 161.83469022017255 155.97048226730786 157.4301879358903 160.3663655329005 149.7636592761908 147.43824192219677 156.61431066761605 151.61496623616873 150.7393929633008 154.897559583859 149.98682166437214 150.58263507195326 148.3617882953556 149.46573334031663 142.6605744697771 144.65804159098522 142.51176499325544 151.02930737913866 157.8578398549319 156.46443043912384 149.87128763975377 150.4267466650791 151.97290643283634 148.66181874507748 140.0358599709415 149.66218766188584 147.43824192219677 145.123630450222 147.1699619537575 146.55465148819894 154.5706746968291 151.54417662528263 144.8129302785929 148.2461167876763 148.14495845191587 151.97290643283634 146.92913237296486 155.1654837032607 162.25695203898576 157.69410161208458 144.1882428580304 148.14495845191587 153.50781363753754 146.47569908879103 151.72010398353393 153.8053239507992 145.60959620438345 148.34336568720067 146.83059402232476 151.09449519134256
156.54416030979687 155.14066359912636 151.37913770751712 151.7705931138522 152.27745336985942 151.87155222942283 157.53483978718018 159.353304789996 149.32550462540598 154.23256839306518 156.0067787445771 141.75576308654524 145.9206553101723 145.26060985206325 158.02486686639497 153.71588367977893 139.5962134934801 150.04863357585756 151.22953579244177 156.02328546485919 0.0 142.7600566810641 150.61426442927612 153.08613731096315 155.38390187900154 151.8904328326118 144.62427998986809 146.06967747279296 146.50492166313552 151.11834415680332 140.72285149587634 154.09657127025758 153.31238395774844 144.60425264033958 156.06114252160233 145.6726408709113 152.10107707955086 149.7404239582033 144.44833737152743 159.40399203194403 148.14495845191587 157.3355729418775 148.08469461973505 154.88242017918253 152.72470077541186 157.00189375989657 157.32045988440848 149.50266292148135 144.41470686549053 157.95730728416265 141.7126335625932 158.96714512424631 151.18531939792118 150.7393929633008 141.56902773442837 136.542246442534 149.02452650362181 155.80239783871335 145.57240953275763 150.77497856267198 160.56185046187755 136.42790023787828 146.8676482370543 147.12317945201747 152.1207033312943 147.76862556831708 142.5990860741255 144.38423405224958 154.7190551617402 148.58233658580062 144.792517103108 146.78606091471303 150.5373309895982 140.41307708302088 154.25516316570787 150.11950203139804 143.49115599071806 155.5160023436646 149.11659524237245 148.9058170603839 149.50294608942838 146.47569908879103 149.8712168527091 156.30302174174207 154.2856521424639 152.20768984446616 155.38916913128077 156.9316810329935 153.8820807171017 156.34821377840845 148.67682893232404 154.30348184564463 144.2692266624309 147.56771919066048 152.64464109806528 145.7637012157082 148.56624806078892 154.68516755759964 154.8260749704339 145.71664395988398
