100
0.0 175.93166487364806 144.7981337033534 96.6701632891095 134.52606824481134 92.72472404859317 124.92707344207436 163.17825211433458 144.29981757784847 167.41132539559743 141.5767613111557 157.13736838299187 136.0769293511405 140.100541497761 124.59147009358018 163.48291646958234 115.72580139160772 155.66946094629827 175.93166487364806 141.22476759012895 150.1626670862577 124.59147009358018 187.16473893286962 159.3942041687387 139.9216662963819 124.59147009358018 204.39954460960516 148.17344819049657 143.2245851697643 96.2064950273148 134.52606824481134 166.56065405410058 134.52606824481134 124.59147009358018 178.37612024475226 157.2197510860778 160.80781121996498 93.5367202046279 116.34262733948363 172.83763251019036 178.37612024475226 165.1818726599848 171.90006324967058 139.24285272447088 151.39136700647776 157.13736838299187 166.15290495007702 145.94526125600686 138.8264468253742 155.04937335384565 151.74322567299808 166.15290495007702 126.23724439184947 120.49683059015113 120.49683059015113 120.62450184469643 125.45346164707914 138.8264468253742 127.57279234466861 125.45346164707914 163.17825211433458 157.13736838299187 165.01526290596811 124.59147009358018 116.34262733948363 142.6313149137248 115.72580139160772 161.90059193906785 166.39509791141307 139.9216662963819 125.45346164707914 167.0746968890794 176.63791729551338 139.24285272447088 124.92707344207436 156.88343220200858 144.0961972054211 136.3803393566593 143.2245851697643 150.1626670862577 169.66320793695934 168.44532616999055 179.1522731853357 167.0746968890794 144.29981757784847 150.1626670862577 139.24285272447088 124.92707344207436 125.96606848831556 175.93166487364806 161.41880441979384 171.90006324967058 149.1559941302982 155.04937335384565 92.72472404859317 134.52606824481134 125.45346164707914 138.8264468253742 175.84855580604287 151.74322567299808
175.93166487364806 0.0 157.2197510860778 93.5367202046279 219.92039554835742 166.15290495007702 142.6313149137248 132.13555258486429 161.90059193906785 141.22476759012895 155.04937335384565 219.92039554835742 120.62450184469643 140.100541497761 171.78950385057217 165.4477864578107 204.39954460960516 158.01252556824306 156.88343220200858 123.9286545516664 179.1522731853357 171.78950385057217 178.37612024475226 127.57279234466861 93.5367202046279 143.2245851697643 165.01526290596811 141.22476759012895 139.5173413842934 176.63791729551338 167.0746968890794 155.04937335384565 175.8157680386223 96.6701632891095 158.7118688892722 157.2197510860778 176.63791729551338 134.52606824481134 174.37951399234174 126.90158758511633 158.01252556824306 96.6701632891095 127.57279234466861 96.2064950273148 125.45346164707914 139.9216662963819 139.24285272447088 161.41880441979384 143.95866975529214 127.78473032282572 148.08081751672844 172.83763251019036 120.49683059015113 165.01526290596811 137.94040347384407 177.25042734405636 144.7981337033534 165.01526290596811 160.80781121996498 171.90006324967058 165.1818726599848 148.08081751672844 171.90006324967058 139.27706924415398 158.01252556824306 165.01526290596811 92.72472404859317 177.25042734405636 123.9286545516664 159.3942041687387 176.63791729551338 144.29981757784847 120.49683059015113 136.0769293511405 141.22476759012895 178.01516912799585 115.72580139160772 117.74774440064238 139.27706924415398 150.1626670862577 92.72472404859317 187.16473893286962 159.60186295991983 175.93166487364806 115.72580139160772 161.41880441979384 141.5767613111557 175.93166487364806 124.59147009358018 143.2245851697643 166.15290495007702 175.8157680386223 124.59147009358018 175.93166487364806 219.92039554835742 101.28041425997571 154.92900141694955 141.5767613111557 187.16473893286962 168.44532616999055
144.7981337033534 157.2197510860778 0.0 163.17825211433458 171.78950385057217 158.7118688892722 172.6229279085416 136.0769293511405 156.88343220200858 171.90006324967058 143.95866975529214 145.28726828178026 171.90006324967058 167.41132539559743 134.52606824481134 139.9216662963819 126.23724439184947 166.39509791141307 96.6701632891095 96.2064950273148 144.7981337033534 149.1559941302982 174.37951399234174 120.62450184469643 139.27706924415398 144.7981337033534 157.2197510860778 204.39954460960516 167.41132539559743 139.27706924415398 171.78950385057217 159.60186295991983 165.1818726599848 151.17377917293555 172.83763251019036 117.74774440064238 166.39509791141307 96.6701632891095 177.25042734405636 171.90006324967058 171.90006324967058 219.92039554835742 190.50249828751402 158.7118688892722 137.94040347384407 219.92039554835742 163.48291646958234 101.28041425997571 141.22476759012895 190.50249828751402 169.66320793695934 161.41880441979384 166.56065405410058 139.5173413842934 166.39509791141307 141.5767613111557 120.62450184469643 176.63791729551338 177.25042734405636 139.27706924415398 176.63791729551338 136.0769293511405 190.50249828751402 152.22683383778494 204.39954460960516 174.37951399234174 96.2064950273148 148.08081751672844 159.60186295991983 132.13555258486429 139.5173413842934 160.80781121996498 136.3803393566593 169.66320793695934 93.5367202046279 167.41132539559743 151.35869583283372 142.6313149137248 115.72580139160772 151.35869583283372 151.74322567299808 126.23724439184947 126.90158758511633 120.49683059015113 158.01252556824306 219.92039554835742 150.1626670862577 158.7118688892722 149.1559941302982 126.90158758511633 96.2064950273148 136.0769293511405 122.21977876220454 139.27706924415398 140.100541497761 174.37951399234174 159.60186295991983 139.27706924415398 175.8157680386223 166.39509791141307
96.6701632891095 93.5367202046279 163.17825211433458 0.0 166.15290495007702 161.41880441979384 184.62909727647263 175.78095668604308 127.78473032282572 175.8157680386223 204.39954460960516 219.92039554835742 160.80781121996498 177.25042734405636 161.41880441979384 120.49683059015113 161.90059193906785 139.5173413842934 125.96606848831556 171.78950385057217 165.01526290596811 134.52606824481134 184.62909727647263 141.5767613111557 143.95866975529214 166.39509791141307 171.90006324967058 158.7118688892722 126.90158758511633 152.22683383778494 148.17344819049657 148.17344819049657 139.24285272447088 144.0961972054211 150.1626670862577 136.0769293511405 125.45346164707914 149.1559941302982 187.16473893286962 169.66320793695934 175.99600722784373 126.90158758511633 166.39509791141307 157.13736838299187 101.28041425997571 166.39509791141307 151.35869583283372 117.74774440064238 178.01516912799585 204.39954460960516 142.6313149137248 167.41132539559743 187.16473893286962 142.6313149137248 171.78950385057217 166.39509791141307 139.24285272447088 126.23724439184947 163.17825211433458 154.92900141694955 96.2064950273148 120.62450184469643 116.34262733948363 124.84291605578407 144.1946769843717 187.16473893286962 145.94526125600686 166.56065405410058 175.78095668604308 163.48291646958234 151.39136700647776 167.41132539559743 144.7981337033534 161.90059193906785 124.84291605578407 151.17377917293555 190.50249828751402 142.6313149137248 166.39509791141307 171.78950385057217 172.6229279085416 175.93166487364806 161.90059193906785 117.74774440064238 136.0769293511405 174.37951399234174 219.92039554835742 145.28726828178026 144.7981337033534 135.03352539130492 175.8157680386223 171.78950385057217 92.72472404859317 148.17344819049657 145.94526125600686 165.01526290596811 136.0769293511405 155.66946094629827 151.35869583283372 127.57279234466861
134.52606824481134 219.92039554835742 171.78950385057217 166.15290495007702 0.0 204.39954460960516 172.83763251019036 176.63791729551338 145.94526125600686 151.17377917293555 145.28726828178026 166.56065405410058 161.41880441979384 155.04937335384565 160.80781121996498 136.0769293511405 171.78950385057217 127.57279234466861 127.78473032282572 136.0769293511405 93.5367202046279 190.50249828751402 139.24285272447088 168.44532616999055 187.16473893286962 141.5767613111557 96.6701632891095 96.6701632891095 167.0746968890794 148.17344819049657 204.39954460960516 184.62909727647263 115.72580139160772 116.34262733948363 161.90059193906785 151.35869583283372 124.92707344207436 155.04937335384565 139.5173413842934 158.7118688892722 122.21977876220454 204.39954460960516 174.37951399234174 144.0961972054211 163.48291646958234 190.50249828751402 134.52606824481134 127.78473032282572 150.1626670862577 166.56065405410058 184.62909727647263 176.63791729551338 159.60186295991983 159.3942041687387 117.74774440064238 154.92900141694955 178.37612024475226 144.7981337033534 127.57279234466861 124.59147009358018 166.15290495007702 151.17377917293555 156.88343220200858 158.7118688892722 152.22683383778494 139.27706924415398 125.45346164707914 184.62909727647263 127.57279234466861 93.5367202046279 151.74322567299808 171.78950385057217 171.78950385057217 184.62909727647263 172.6229279085416 163.48291646958234 125.96606848831556 140.100541497761 139.27706924415398 116.34262733948363 92.72472404859317 141.5767613111557 144.7981337033534 151.35869583283372 141.22476759012895 144.0961972054211 122.21977876220454 187.16473893286962 145.94526125600686 92.72472404859317 166.15290495007702 120.62450184469643 165.1818726599848 165.1818726599848 171.78950385057217 165.1818726599848 142.6313149137248 143.2245851697643 169.66320793695934 175.93166487364806
92.72472404859317 166.15290495007702 158.7118688892722 161.41880441979384 204.39954460960516 0.0 178.37612024475226 151.35869583283372 148.08081751672844 92.72472404859317 171.78950385057217 177.25042734405636 160.80781121996498 184.62909727647263 161.90059193906785 219.92039554835742 157.2197510860778 149.1559941302982 136.0769293511405 151.35869583283372 141.22476759012895 141.5767613111557 136.0769293511405 126.23724439184947 179.1522731853357 178.01516912799585 166.56065405410058 177.25042734405636 154.92900141694955 136.3803393566593 145.94526125600686 93.5367202046279 159.60186295991983 144.0961972054211 144.1946769843717 174.37951399234174 159.60186295991983 124.92707344207436 127.78473032282572 163.48291646958234 166.39509791141307 149.1559941302982 96.2064950273148 138.8264468253742 165.4477864578107 190.50249828751402 175.99600722784373 136.3803393566593 159.60186295991983 125.45346164707914 117.74774440064238 160.80781121996498 148.08081751672844 143.95866975529214 139.9216662963819 155.66946094629827 139.9216662963819 178.37612024475226 141.5767613111557 141.5767613111557 163.17825211433458 178.01516912799585 158.7118688892722 142.6313149137248 172.6229279085416 158.01252556824306 142.6313149137248 141.5767613111557 187.16473893286962 174.37951399234174 172.83763251019036 142.6313149137248 93.5367202046279 93.5367202046279 144.0961972054211 166.15290495007702 154.92900141694955 145.94526125600686 142.6313149137248 151.74322567299808 157.2197510860778 177.25042734405636 171.78950385057217 163.17825211433458 157.2197510860778 169.66320793695934 148.17344819049657 155.04937335384565 157.13736838299187 116.34262733948363 124.59147009358018 172.83763251019036 92.72472404859317 158.01252556824306 127.78473032282572 165.01526290596811 155.04937335384565 175.84855580604287 96.2064950273148 93.5367202046279
124.92707344207436 142.6313149137248 172.6229279085416 184.62909727647263 172.83763251019036 178.37612024475226 0.0 123.9286545516664 140.100541497761 124.92707344207436 156.88343220200858 96.2064950273148 175.93166487364806 187.16473893286962 158.7118688892722 140.100541497761 150.1626670862577 165.1818726599848 175.8157680386223 137.94040347384407 175.84855580604287 178.01516912799585 157.2197510860778 115.72580139160772 125.96606848831556 177.25042734405636 167.41132539559743 156.88343220200858 163.48291646958234 151.39136700647776 159.60186295991983 155.66946094629827 137.94040347384407 151.39136700647776 175.8157680386223 139.27706924415398 175.84855580604287 139.27706924415398 175.8157680386223 175.93166487364806 174.37951399234174 166.3731949115333 136.3803393566593 187.16473893286962 145.94526125600686 167.41132539559743 165.4477864578107 96.2064950273148 123.9286545516664 92.72472404859317 144.0961972054211 124.59147009358018 123.9286545516664 175.78095668604308 132.13555258486429 151.39136700647776 141.5767613111557 145.28726828178026 136.3803393566593 166.39509791141307 219.92039554835742 157.13736838299187 139.5173413842934 124.92707344207436 175.93166487364806 154.92900141694955 120.62450184469643 171.90006324967058 151.35869583283372 145.94526125600686 177.25042734405636 160.80781121996498 161.90059193906785 158.7118688892722 168.44532616999055 156.88343220200858 172.6229279085416 143.95866975529214 176.63791729551338 167.41132539559743 156.88343220200858 125.45346164707914 151.74322567299808 125.45346164707914 127.57279234466861 117.74774440064238 158.7118688892722 161.90059193906785 165.4477864578107 161.90059193906785 171.90006324967058 115.72580139160772 166.3731949115333 139.24285272447088 168.44532616999055 187.16473893286962 176.63791729551338 176.63791729551338 96.2064950273148 175.8157680386223
163.17825211433458 132.13555258486429 136.0769293511405 175.78095668604308 176.63791729551338 151.35869583283372 123.9286545516664 0.0 148.08081751672844 124.84291605578407 149.1559941302982 204.39954460960516 139.24285272447088 187.16473893286962 139.24285272447088 149.1559941302982 178.01516912799585 143.2245851697643 126.90158758511633 145.94526125600686 120.62450184469643 219.92039554835742 169.66320793695934 139.24285272447088 219.92039554835742 139.9216662963819 144.29981757784847 157.2197510860778 137.94040347384407 101.28041425997571 158.01252556824306 158.47894101124692 148.17344819049657 144.1946769843717 179.1522731853357 120.49683059015113 159.60186295991983 139.27706924415398 219.92039554835742 139.27706924415398 150.1626670862577 141.5767613111557 144.7981337033534 124.92707344207436 139.5173413842934 148.17344819049657 144.0961972054211 144.0961972054211 168.44532616999055 150.1626670862577 148.17344819049657 187.16473893286962 184.62909727647263 161.41880441979384 123.9286545516664 190.50249828751402 163.17825211433458 101.28041425997571 144.0961972054211 160.80781121996498 166.3731949115333 127.78473032282572 120.49683059015113 204.39954460960516 154.92900141694955 148.17344819049657 178.37612024475226 178.37612024475226 144.0961972054211 120.49683059015113 160.80781121996498 132.13555258486429 139.9216662963819 124.59147009358018 96.2064950273148 163.17825211433458 204.39954460960516 166.56065405410058 166.15290495007702 166.15290495007702 137.94040347384407 151.39136700647776 152.22683383778494 171.78950385057217 155.04937335384565 127.57279234466861 93.5367202046279 157.13736838299187 96.2064950273148 136.0769293511405 115.72580139160772 116.34262733948363 144.7981337033534 160.80781121996498 120.49683059015113 190.50249828751402 166.39509791141307 159.60186295991983 187.16473893286962 127.57279234466861
144.29981757784847 161.90059193906785 156.88343220200858 127.78473032282572 145.94526125600686 148.08081751672844 140.100541497761 148.08081751672844 0.0 139.24285272447088 145.28726828178026 165.01526290596811 148.17344819049657 143.95866975529214 151.74322567299808 172.83763251019036 172.83763251019036 219.92039554835742 165.1818726599848 96.6701632891095 178.01516912799585 175.99600722784373 149.1559941302982 126.90158758511633 159.3942041687387 126.23724439184947 134.52606824481134 126.23724439184947 151.35869583283372 166.39509791141307 141.5767613111557 127.57279234466861 165.1818726599848 148.17344819049657 165.01526290596811 184.62909727647263 159.60186295991983 150.1626670862577 167.0746968890794 190.50249828751402 176.63791729551338 120.49683059015113 123.9286545516664 169.66320793695934 154.92900141694955 156.88343220200858 140.100541497761 167.41132539559743 136.0769293511405 190.50249828751402 127.78473032282572 149.1559941302982 145.94526125600686 132.13555258486429 148.08081751672844 143.95866975529214 184.62909727647263 158.01252556824306 144.29981757784847 204.39954460960516 96.2064950273148 165.1818726599848 155.04937335384565 148.17344819049657 176.63791729551338 167.0746968890794 168.44532616999055 172.83763251019036 139.9216662963819 160.80781121996498 139.5173413842934 161.90059193906785 124.92707344207436 204.39954460960516 122.21977876220454 169.66320793695934 155.66946094629827 101.28041425997571 96.6701632891095 161.41880441979384 142.6313149137248 158.7118688892722 190.50249828751402 139.9216662963819 145.94526125600686 166.3731949115333 159.3942041687387 137.94040347384407 152.22683383778494 144.0961972054211 159.3942041687387 122.21977876220454 141.22476759012895 190.50249828751402 175.99600722784373 139.9216662963819 139.27706924415398 152.22683383778494 155.04937335384565 158.7118688892722
167.41132539559743 141.22476759012895 171.90006324967058 175.8157680386223 151.17377917293555 92.72472404859317 124.92707344207436 124.84291605578407 139.24285272447088 0.0 204.39954460960516 155.04937335384565 178.37612024475226 137.94040347384407 123.9286545516664 144.0961972054211 165.01526290596811 168.44532616999055 134.52606824481134 157.13736838299187 137.94040347384407 171.78950385057217 149.1559941302982 150.1626670862577 124.84291605578407 117.74774440064238 139.27706924415398 172.83763251019036 154.92900141694955 144.7981337033534 127.57279234466861 144.1946769843717 144.7981337033534 127.57279234466861 163.17825211433458 145.28726828178026 154.92900141694955 175.99600722784373 219.92039554835742 166.3731949115333 125.45346164707914 166.3731949115333 144.29981757784847 143.95866975529214 125.45346164707914 139.24285272447088 134.52606824481134 174.37951399234174 120.62450184469643 96.2064950273148 140.100541497761 175.84855580604287 141.22476759012895 165.01526290596811 140.100541497761 96.6701632891095 143.2245851697643 145.94526125600686 145.94526125600686 175.99600722784373 143.2245851697643 160.80781121996498 166.15290495007702 139.9216662963819 125.96606848831556 157.13736838299187 138.8264468253742 143.2245851697643 204.39954460960516 125.45346164707914 136.3803393566593 144.1946769843717 144.1946769843717 157.13736838299187 163.17825211433458 171.78950385057217 175.93166487364806 161.41880441979384 96.6701632891095 136.3803393566593 115.72580139160772 175.78095668604308 178.01516912799585 154.92900141694955 127.57279234466861 139.24285272447088 165.4477864578107 167.41132539559743 125.45346164707914 96.2064950273148 144.1946769843717 148.17344819049657 144.29981757784847 165.4477864578107 178.37612024475226 124.84291605578407 165.1818726599848 157.2197510860778 127.57279234466861 172.6229279085416
141.5767613111557 155.04937335384565 143.95866975529214 204.39954460960516 145.28726828178026 171.78950385057217 156.88343220200858 149.1559941302982 145.28726828178026 204.39954460960516 0.0 139.9216662963819 144.1946769843717 139.9216662963819 171.78950385057217 122.21977876220454 93.5367202046279 137.94040347384407 175.84855580604287 190.50249828751402 163.48291646958234 137.94040347384407 120.62450184469643 115.72580139160772 172.83763251019036 143.95866975529214 154.92900141694955 125.96606848831556 163.17825211433458 117.74774440064238 139.27706924415398 126.23724439184947 139.9216662963819 172.83763251019036 166.56065405410058 135.03352539130492 163.17825211433458 136.0769293511405 124.59147009358018 175.8157680386223 176.63791729551338 120.49683059015113 158.01252556824306 144.0961972054211 175.99600722784373 184.62909727647263 158.01252556824306 166.39509791141307 157.13736838299187 120.49683059015113 101.28041425997571 154.92900141694955 172.6229279085416 136.0769293511405 139.24285272447088 143.95866975529214 127.57279234466861 124.59147009358018 148.17344819049657 127.57279234466861 160.80781121996498 151.17377917293555 141.5767613111557 158.47894101124692 169.66320793695934 184.62909727647263 138.8264468253742 167.0746968890794 115.72580139160772 158.47894101124692 115.72580139160772 125.96606848831556 115.72580139160772 138.8264468253742 126.23724439184947 120.49683059015113 120.49683059015113 96.2064950273148 184.62909727647263 126.90158758511633 120.62450184469643 172.6229279085416 127.57279234466861 168.44532616999055 115.72580139160772 141.22476759012895 157.13736838299187 143.2245851697643 144.0961972054211 175.99600722784373 145.28726828178026 137.94040347384407 151.74322567299808 136.0769293511405 117.74774440064238 219.92039554835742 166.39509791141307 134.52606824481134 116.34262733948363 142.6313149137248
157.13736838299187 219.92039554835742 145.28726828178026 219.92039554835742 166.56065405410058 177.25042734405636 96.2064950273148 204.39954460960516 165.01526290596811 155.04937335384565 139.9216662963819 0.0 166.39509791141307 175.99600722784373 115.72580139160772 160.80781121996498 156.88343220200858 92.72472404859317 166.15290495007702 92.72472404859317 101.28041425997571 177.25042734405636 157.2197510860778 135.03352539130492 175.8157680386223 161.90059193906785 158.7118688892722 144.29981757784847 143.2245851697643 175.93166487364806 136.3803393566593 150.1626670862577 101.28041425997571 134.52606824481134 176.63791729551338 96.6701632891095 125.96606848831556 136.3803393566593 149.1559941302982 149.1559941302982 149.1559941302982 179.1522731853357 126.90158758511633 137.94040347384407 158.7118688892722 157.2197510860778 175.8157680386223 127.57279234466861 142.6313149137248 150.1626670862577 122.21977876220454 219.92039554835742 154.92900141694955 136.0769293511405 144.0961972054211 155.66946094629827 157.2197510860778 143.2245851697643 151.74322567299808 117.74774440064238 124.84291605578407 152.22683383778494 123.9286545516664 120.49683059015113 142.6313149137248 144.29981757784847 159.3942041687387 136.3803393566593 179.1522731853357 116.34262733948363 117.74774440064238 176.63791729551338 138.8264468253742 174.37951399234174 172.6229279085416 134.52606824481134 156.88343220200858 175.93166487364806 139.27706924415398 127.57279234466861 120.49683059015113 142.6313149137248 150.1626670862577 120.49683059015113 126.23724439184947 125.96606848831556 179.1522731853357 168.44532616999055 158.01252556824306 145.28726828178026 171.90006324967058 139.24285272447088 174.37951399234174 125.45346164707914 149.1559941302982 178.01516912799585 159.60186295991983 163.48291646958234 175.8157680386223 126.90158758511633
136.0769293511405 120.62450184469643 171.90006324967058 160.80781121996498 161.41880441979384 160.80781121996498 175.93166487364806 139.24285272447088 148.17344819049657 178.37612024475226 144.1946769843717 166.39509791141307 0.0 117.74774440064238 143.95866975529214 159.60186295991983 165.01526290596811 96.2064950273148 175.99600722784373 151.17377917293555 219.92039554835742 219.92039554835742 93.5367202046279 93.5367202046279 148.17344819049657 171.78950385057217 159.60186295991983 179.1522731853357 127.78473032282572 120.62450184469643 169.66320793695934 92.72472404859317 154.92900141694955 144.1946769843717 132.13555258486429 175.78095668604308 93.5367202046279 155.66946094629827 204.39954460960516 139.5173413842934 177.25042734405636 126.23724439184947 126.23724439184947 204.39954460960516 127.57279234466861 167.0746968890794 136.3803393566593 116.34262733948363 158.7118688892722 152.22683383778494 139.5173413842934 115.72580139160772 158.47894101124692 132.13555258486429 158.47894101124692 116.34262733948363 136.3803393566593 163.48291646958234 167.41132539559743 151.39136700647776 125.96606848831556 150.1626670862577 148.17344819049657 132.13555258486429 169.66320793695934 166.3731949115333 166.39509791141307 172.83763251019036 157.13736838299187 157.2197510860778 139.9216662963819 171.90006324967058 172.6229279085416 141.22476759012895 161.90059193906785 127.78473032282572 92.72472404859317 135.03352539130492 155.66946094629827 134.52606824481134 145.28726828178026 167.41132539559743 159.3942041687387 151.17377917293555 139.24285272447088 178.01516912799585 166.3731949115333 166.3731949115333 177.25042734405636 125.45346164707914 171.78950385057217 96.2064950273148 165.01526290596811 138.8264468253742 139.27706924415398 166.39509791141307 159.3942041687387 156.88343220200858 101.28041425997571 158.7118688892722
140.100541497761 140.100541497761 167.41132539559743 177.25042734405636 155.04937335384565 184.62909727647263 187.16473893286962 187.16473893286962 143.95866975529214 137.94040347384407 139.9216662963819 175.99600722784373 117.74774440064238 0.0 175.8157680386223 175.78095668604308 158.47894101124692 149.1559941302982 161.90059193906785 166.15290495007702 204.39954460960516 176.63791729551338 219.92039554835742 143.2245851697643 184.62909727647263 169.66320793695934 143.95866975529214 158.7118688892722 179.1522731853357 152.22683383778494 126.23724439184947 168.44532616999055 150.1626670862577 127.57279234466861 92.72472404859317 178.01516912799585 139.5173413842934 151.35869583283372 132.13555258486429 125.45346164707914 150.1626670862577 169.66320793695934 116.34262733948363 160.80781121996498 187.16473893286962 159.3942041687387 135.03352539130492 148.17344819049657 141.22476759012895 174.37951399234174 171.90006324967058 167.41132539559743 139.9216662963819 125.96606848831556 179.1522731853357 138.8264468253742 139.27706924415398 138.8264468253742 160.80781121996498 140.100541497761 139.24285272447088 168.44532616999055 145.28726828178026 143.95866975529214 151.74322567299808 152.22683383778494 175.8157680386223 204.39954460960516 155.04937335384565 139.27706924415398 159.60186295991983 184.62909727647263 142.6313149137248 93.5367202046279 184.62909727647263 143.2245851697643 143.95866975529214 179.1522731853357 141.22476759012895 142.6313149137248 151.35869583283372 148.17344819049657 179.1522731853357 159.3942041687387 120.49683059015113 151.74322567299808 142.6313149137248 167.0746968890794 152.22683383778494 125.45346164707914 127.78473032282572 145.94526125600686 127.57279234466861 96.2064950273148 178.01516912799585 141.5767613111557 175.84855580604287 172.6229279085416 144.1946769843717 126.23724439184947
124.59147009358018 171.78950385057217 134.52606824481134 161.41880441979384 160.80781121996498 161.90059193906785 158.7118688892722 139.24285272447088 151.74322567299808 123.9286545516664 171.78950385057217 115.72580139160772 143.95866975529214 175.8157680386223 0.0 166.15290495007702 158.47894101124692 116.34262733948363 171.90006324967058 175.93166487364806 120.62450184469643 143.2245851697643 120.62450184469643 116.34262733948363 175.8157680386223 177.25042734405636 96.2064950273148 134.52606824481134 151.35869583283372 137.94040347384407 144.0961972054211 151.74322567299808 143.95866975529214 124.92707344207436 126.23724439184947 145.94526125600686 174.37951399234174 120.62450184469643 123.9286545516664 137.94040347384407 137.94040347384407 143.95866975529214 122.21977876220454 122.21977876220454 161.90059193906785 144.1946769843717 116.34262733948363 144.0961972054211 159.60186295991983 115.72580139160772 175.99600722784373 96.6701632891095 116.34262733948363 184.62909727647263 175.78095668604308 151.74322567299808 125.96606848831556 93.5367202046279 138.8264468253742 96.2064950273148 139.9216662963819 148.17344819049657 155.66946094629827 165.01526290596811 139.9216662963819 161.41880441979384 152.22683383778494 169.66320793695934 165.1818726599848 165.1818726599848 167.0746968890794 144.0961972054211 184.62909727647263 168.44532616999055 148.08081751672844 155.04937335384565 175.84855580604287 166.39509791141307 96.2064950273148 172.83763251019036 151.17377917293555 158.01252556824306 127.57279234466861 127.57279234466861 175.84855580604287 165.1818726599848 116.34262733948363 139.9216662963819 139.5173413842934 190.50249828751402 166.3731949115333 178.37612024475226 161.90059193906785 136.3803393566593 158.47894101124692 165.4477864578107 190.50249828751402 96.2064950273148 160.80781121996498 179.1522731853357
163.48291646958234 165.4477864578107 139.9216662963819 120.49683059015113 136.0769293511405 219.92039554835742 140.100541497761 149.1559941302982 172.83763251019036 144.0961972054211 122.21977876220454 160.80781121996498 159.60186295991983 175.78095668604308 166.15290495007702 0.0 165.01526290596811 151.74322567299808 167.0746968890794 127.57279234466861 178.37612024475226 167.0746968890794 93.5367202046279 158.7118688892722 159.3942041687387 120.62450184469643 122.21977876220454 154.92900141694955 115.72580139160772 115.72580139160772 171.78950385057217 124.84291605578407 165.4477864578107 142.6313149137248 96.6701632891095 136.3803393566593 126.23724439184947 171.90006324967058 138.8264468253742 168.44532616999055 124.59147009358018 161.90059193906785 136.3803393566593 167.41132539559743 149.1559941302982 139.9216662963819 141.5767613111557 167.41132539559743 168.44532616999055 161.41880441979384 163.48291646958234 141.5767613111557 169.66320793695934 168.44532616999055 123.9286545516664 174.37951399234174 172.83763251019036 163.48291646958234 158.47894101124692 174.37951399234174 174.37951399234174 171.78950385057217 96.6701632891095 96.2064950273148 204.39954460960516 125.45346164707914 138.8264468253742 124.84291605578407 138.8264468253742 175.84855580604287 144.29981757784847 96.2064950273148 165.01526290596811 124.84291605578407 137.94040347384407 124.84291605578407 157.13736838299187 156.88343220200858 175.84855580604287 126.23724439184947 172.6229279085416 148.17344819049657 144.1946769843717 117.74774440064238 137.94040347384407 120.62450184469643 135.03352539130492 155.66946094629827 125.96606848831556 159.60186295991983 187.16473893286962 166.15290495007702 127.78473032282572 158.7118688892722 163.48291646958234 136.0769293511405 126.90158758511633 158.7118688892722 179.1522731853357 158.01252556824306
115.72580139160772 204.39954460960516 126.23724439184947 161.90059193906785 171.78950385057217 157.2197510860778 150.1626670862577 178.01516912799585 172.83763251019036 165.01526290596811 93.5367202046279 156.88343220200858 165.01526290596811 158.47894101124692 158.47894101124692 165.01526290596811 0.0 149.1559941302982 126.23724439184947 179.1522731853357 163.48291646958234 171.78950385057217 135.03352539130492 139.24285272447088 204.39954460960516 204.39954460960516 184.62909727647263 190.50249828751402 137.94040347384407 204.39954460960516 143.2245851697643 158.47894101124692 154.92900141694955 151.35869583283372 155.66946094629827 171.78950385057217 124.92707344207436 157.2197510860778 174.37951399234174 139.9216662963819 136.0769293511405 152.22683383778494 178.01516912799585 139.9216662963819 117.74774440064238 172.83763251019036 141.5767613111557 166.15290495007702 145.28726828178026 157.13736838299187 190.50249828751402 92.72472404859317 165.4477864578107 123.9286545516664 167.0746968890794 126.23724439184947 139.9216662963819 156.88343220200858 144.29981757784847 166.3731949115333 96.2064950273148 144.29981757784847 179.1522731853357 125.96606848831556 169.66320793695934 178.01516912799585 127.57279234466861 139.27706924415398 125.96606848831556 135.03352539130492 161.90059193906785 158.01252556824306 149.1559941302982 145.94526125600686 156.88343220200858 139.27706924415398 124.84291605578407 132.13555258486429 139.27706924415398 177.25042734405636 165.1818726599848 178.01516912799585 176.63791729551338 158.01252556824306 151.35869583283372 159.60186295991983 176.63791729551338 154.92900141694955 184.62909727647263 175.8157680386223 143.95866975529214 159.3942041687387 158.7118688892722 175.78095668604308 141.5767613111557 156.88343220200858 184.62909727647263 116.34262733948363 143.2245851697643 125.45346164707914
155.66946094629827 158.01252556824306 166.39509791141307 139.5173413842934 127.57279234466861 149.1559941302982 165.1818726599848 143.2245851697643 219.92039554835742 168.44532616999055 137.94040347384407 92.72472404859317 96.2064950273148 149.1559941302982 116.34262733948363 151.74322567299808 149.1559941302982 0.0 138.8264468253742 161.90059193906785 139.24285272447088 165.1818726599848 157.2197510860778 123.9286545516664 157.13736838299187 179.1522731853357 134.52606824481134 140.100541497761 167.0746968890794 156.88343220200858 154.92900141694955 168.44532616999055 144.0961972054211 120.62450184469643 165.01526290596811 166.56065405410058 145.28726828178026 123.9286545516664 148.17344819049657 150.1626670862577 167.41132539559743 172.6229279085416 138.8264468253742 167.41132539559743 190.50249828751402 159.60186295991983 178.37612024475226 141.5767613111557 148.17344819049657 166.15290495007702 96.2064950273148 151.35869583283372 141.22476759012895 144.0961972054211 143.2245851697643 187.16473893286962 204.39954460960516 166.39509791141307 144.7981337033534 177.25042734405636 96.6701632891095 148.17344819049657 145.94526125600686 144.0961972054211 163.17825211433458 171.90006324967058 139.24285272447088 144.29981757784847 158.01252556824306 139.24285272447088 174.37951399234174 166.3731949115333 135.03352539130492 179.1522731853357 154.92900141694955 177.25042734405636 175.78095668604308 159.3942041687387 171.90006324967058 124.92707344207436 172.6229279085416 166.15290495007702 148.08081751672844 148.17344819049657 159.60186295991983 136.0769293511405 124.59147009358018 160.80781121996498 124.84291605578407 178.01516912799585 148.08081751672844 136.0769293511405 154.92900141694955 142.6313149137248 126.90158758511633 143.95866975529214 124.92707344207436 140.100541497761 175.84855580604287 158.47894101124692
175.93166487364806 156.88343220200858 96.6701632891095 125.96606848831556 127.78473032282572 136.0769293511405 175.8157680386223 126.90158758511633 165.1818726599848 134.52606824481134 175.84855580604287 166.15290495007702 175.99600722784373 161.90059193906785 171.90006324967058 167.0746968890794 126.23724439184947 138.8264468253742 0.0 157.13736838299187 139.5173413842934 143.2245851697643 116.34262733948363 187.16473893286962 136.3803393566593 117.74774440064238 136.3803393566593 163.48291646958234 172.6229279085416 155.04937335384565 154.92900141694955 149.1559941302982 178.01516912799585 135.03352539130492 161.90059193906785 145.28726828178026 150.1626670862577 96.2064950273148 178.37612024475226 171.90006324967058 158.7118688892722 158.47894101124692 165.01526290596811 178.37612024475226 96.6701632891095 187.16473893286962 144.1946769843717 169.66320793695934 144.29981757784847 158.01252556824306 141.5767613111557 175.93166487364806 148.17344819049657 219.92039554835742 166.15290495007702 135.03352539130492 139.24285272447088 174.37951399234174 176.63791729551338 134.52606824481134 137.94040347384407 141.5767613111557 124.84291605578407 141.5767613111557 115.72580139160772 158.7118688892722 172.6229279085416 151.35869583283372 142.6313149137248 165.1818726599848 219.92039554835742 171.78950385057217 143.2245851697643 158.7118688892722 93.5367202046279 145.94526125600686 144.1946769843717 175.78095668604308 96.6701632891095 144.7981337033534 139.9216662963819 142.6313149137248 154.92900141694955 157.2197510860778 168.44532616999055 143.2245851697643 116.34262733948363 125.96606848831556 161.90059193906785 93.5367202046279 127.57279234466861 159.60186295991983 126.23724439184947 204.39954460960516 152.22683383778494 136.0769293511405 127.78473032282572 116.34262733948363 155.04937335384565 166.56065405410058
141.22476759012895 123.9286545516664 96.2064950273148 171.78950385057217 136.0769293511405 151.35869583283372 137.94040347384407 145.94526125600686 96.6701632891095 157.13736838299187 190.50249828751402 92.72472404859317 151.17377917293555 166.15290495007702 175.93166487364806 127.57279234466861 179.1522731853357 161.90059193906785 157.13736838299187 0.0 117.74774440064238 172.6229279085416 166.56065405410058 167.0746968890794 124.92707344207436 177.25042734405636 159.3942041687387 117.74774440064238 143.2245851697643 120.49683059015113 161.41880441979384 124.84291605578407 163.17825211433458 171.90006324967058 204.39954460960516 159.3942041687387 175.99600722784373 151.39136700647776 143.95866975529214 150.1626670862577 158.7118688892722 169.66320793695934 116.34262733948363 158.7118688892722 163.48291646958234 101.28041425997571 169.66320793695934 163.17825211433458 144.7981337033534 161.41880441979384 175.78095668604308 149.1559941302982 126.23724439184947 184.62909727647263 127.57279234466861 145.94526125600686 101.28041425997571 151.17377917293555 175.99600722784373 141.22476759012895 136.0769293511405 219.92039554835742 124.84291605578407 151.39136700647776 139.5173413842934 123.9286545516664 163.17825211433458 155.04937335384565 143.2245851697643 125.96606848831556 160.80781121996498 165.4477864578107 143.95866975529214 120.62450184469643 140.100541497761 167.41132539559743 172.83763251019036 174.37951399234174 148.17344819049657 158.01252556824306 169.66320793695934 155.66946094629827 125.96606848831556 125.96606848831556 151.35869583283372 139.5173413842934 127.78473032282572 151.35869583283372 159.3942041687387 145.28726828178026 127.78473032282572 155.04937335384565 171.90006324967058 145.28726828178026 167.41132539559743 122.21977876220454 138.8264468253742 166.3731949115333 178.01516912799585 144.7981337033534
150.1626670862577 179.1522731853357 144.7981337033534 165.01526290596811 93.5367202046279 141.22476759012895 175.84855580604287 120.62450184469643 178.01516912799585 137.94040347384407 163.48291646958234 101.28041425997571 219.92039554835742 204.39954460960516 120.62450184469643 178.37612024475226 163.48291646958234 139.24285272447088 139.5173413842934 117.74774440064238 0.0 149.1559941302982 161.90059193906785 172.6229279085416 139.9216662963819 137.94040347384407 158.7118688892722 101.28041425997571 175.84855580604287 140.100541497761 127.57279234466861 136.3803393566593 158.47894101124692 157.2197510860778 157.2197510860778 141.22476759012895 136.0769293511405 140.100541497761 167.41132539559743 168.44532616999055 157.13736838299187 117.74774440064238 161.41880441979384 143.95866975529214 138.8264468253742 150.1626670862577 175.78095668604308 143.2245851697643 93.5367202046279 175.99600722784373 145.94526125600686 154.92900141694955 204.39954460960516 142.6313149137248 145.28726828178026 165.01526290596811 150.1626670862577 126.90158758511633 151.35869583283372 175.84855580604287 158.47894101124692 158.47894101124692 141.5767613111557 165.01526290596811 144.0961972054211 126.90158758511633 171.90006324967058 139.24285272447088 152.22683383778494 149.1559941302982 145.94526125600686 166.15290495007702 101.28041425997571 177.25042734405636 125.96606848831556 132.13555258486429 158.01252556824306 157.2197510860778 122.21977876220454 161.41880441979384 161.41880441979384 155.66946094629827 127.57279234466861 101.28041425997571 120.49683059015113 136.0769293511405 125.45346164707914 160.80781121996498 166.39509791141307 139.5173413842934 155.04937335384565 141.22476759012895 125.96606848831556 176.63791729551338 138.8264468253742 135.03352539130492 143.2245851697643 190.50249828751402 204.39954460960516 166.15290495007702
