100
0.0 124.87194036003805 84.27366735506193 171.11962954253994 153.98373359313234 69.02091290685615 46.79694380632727 109.50780496668607 102.6630248736888 125.09733677538357 67.26014210905691 112.79033157641028 99.55099771074063 135.02853562289732 99.76255087856285 89.51636204684787 86.59594779859121 62.36050895672766 179.60125188062855 84.38361422229262 110.73808186226513 70.9800623485663 172.46270087873467 138.25929487440027 112.50644634075503 103.63302895925318 140.45471981358713 159.43695216699342 132.7128076228288 72.71504009971477 132.530772753979 116.33786323887026 104.31976510457989 163.6945174871146 158.48378837159788 49.653343322069155 45.267475608565476 168.6790719938905 18.77474638282297 54.11309775954233 159.27796794159804 164.8602473722422 106.01265998952172 38.113000732350955 61.05535603505544 77.12805681835876 149.11167717184628 75.18288877330991 124.09320235448187 108.3739412714942 172.26256727898507 32.66533497624819 114.49759236539354 64.72422166560406 37.02800444049915 146.57029692772107 96.77070262081047 86.442732443724 50.6226430618399 145.61434542882188 149.16425713472006 98.52654376660595 203.64484217885945 102.6630248736888 36.075403681299576 122.98337082428661 140.62221120696026 119.44073320658904 104.97380560403477 219.774477726825 60.13595769011409 149.16425713472006 39.70724946518463 87.6438327508546 96.17009892095778 143.55764833204336 159.27796794159804 203.64484217885945 159.0111952568803 152.11167408210542 106.74352938782125 55.52017827468142 37.26033077902333 94.43617260018134 101.51477695289233 154.65887548442163 109.67312406691248 86.82778650910919 42.17587033745215 94.63601164058485 62.36050895672766 153.74472710838117 172.45422001847447 157.42817938287385 36.42727720431506 182.32510828840657 91.56983682376467 144.48632928828806 183.1244887407964 116.14474574982724
124.87194036003805 0.0 116.14474574982724 168.68170467336395 103.4286752626469 178.2635717617993 106.01265998952172 152.6208416978576 110.90717108235722 157.42817938287385 70.59005651031175 202.44638398008834 125.56797134953013 58.65494638367126 124.57677541964296 146.72980711459618 123.95518458669633 118.61975008997214 137.04443963831906 93.19910445043224 109.58692524854399 94.38377751404495 137.6820330840292 100.38512066498883 60.15300413383693 127.59848429351013 99.63003101827495 137.99876280074983 70.23386974747918 65.45932926341244 71.39153821821077 46.79694380632727 44.44454590597412 78.24965757097858 154.89522627345423 149.37817847617947 95.30840757280231 125.6716376245988 169.5853186694501 50.6226430618399 91.55979653620582 47.993185522045266 203.64484217885945 178.6786725182531 62.85856498207523 18.939908582061605 129.445903369286 14.569851742524733 67.26014210905691 121.04479590821055 86.82778650910919 122.61991980213138 93.5149054121165 67.80944119179406 162.91103747107667 2.49712384605796 130.96119351807914 94.72997969781153 121.82165530974952 137.24072978516634 48.00533064265516 75.62727915300843 130.73760613288835 25.970663330401138 93.19910445043224 121.22435701809768 88.97951077320414 157.42817938287385 62.09447862215471 41.70685364249446 198.2524100386359 168.6790719938905 159.35049799266264 100.37924119496245 59.53390283698704 97.44867769333503 74.09253977013876 171.63940549649874 74.59569788882986 144.48632928828806 100.86909620463477 99.41249235851018 71.25635696495848 5.72854551127152 83.0306466945823 114.92616942200408 18.473305935194603 93.26146159816669 159.7850977515214 91.56983682376467 91.42338700399918 44.2660100562544 40.60030903125746 58.82908901751076 106.45022691901632 72.77121921038916 1.221042296915357 77.47316333943479 105.7402693364765 137.66833798670626
84.27366735506193 116.14474574982724 0.0 63.97505751237336 187.09546182406692 118.61975008997214 29.018414442170553 123.38659943926156 62.72426650386232 53.17650276543207 80.61658783851121 111.45472265390909 62.9777145309118 108.77133580343069 138.07364189835752 73.57545831604469 114.58457952779756 103.47733489527285 83.50242705811281 75.94788355900957 71.17211532588684 103.33706311813808 145.0630306183898 99.68813796540648 65.12442083193011 199.60113131031932 23.56444231981901 3.370639372481776 122.35564888676998 58.65494638367126 89.67094564952845 172.42460841281743 96.9393267705825 103.32760911571603 136.76358587874844 144.39489693700875 119.74786958358776 140.49756424640222 91.93552145621388 98.72564000490021 140.1426166197528 88.55877072152765 132.530772753979 125.6716376245988 121.69509985652478 217.0276270990288 134.0567228776523 63.352228965046 57.366091373159364 96.77070262081047 84.8409544278505 91.42338700399918 88.97951077320414 111.43123825863222 160.1290965459072 62.28155594569515 103.6601864749987 65.86148438035076 136.20014211906397 124.87194036003805 94.2546976705591 95.34189856283162 148.18490825263143 65.48217575345262 70.6652081354211 103.47733489527285 38.32626009456806 55.59056115634883 126.31120563956715 136.76358587874844 172.26256727898507 262.5862197728593 77.38804255317515 58.51538694906091 161.15074369741365 21.801588559100765 73.57545831604469 9.56960810720797 183.68108500327833 136.58214351823386 124.57677541964296 95.30840757280231 21.31127176652103 103.4286752626469 59.406796289157484 126.4815388678756 136.70433989115938 98.0763026371659 89.51636204684787 76.85209187928845 76.59486998893868 177.17963991462756 143.5227583296074 100.86909620463477 116.86926464636676 76.07677422522512 103.6601864749987 59.521542623424715 116.54747102723017 78.96955560806036
171.11962954253994 168.68170467336395 63.97505751237336 0.0 29.352288469854315 169.5853186694501 97.95066686658267 43.09159869783615 171.11962954253994 103.45111152205496 95.14440135300565 120.4551683928172 77.3469513433032 138.45642316690652 39.04562760106751 146.56316613931523 126.60396028867228 169.60428679764357 89.30456775966185 71.25635696495848 68.44592408840445 64.86691414685934 40.60030903125746 96.9393267705825 39.04562760106751 122.39785854135356 110.8713821087522 98.60458019801322 141.83573687155138 76.72207613860031 76.86170762928747 127.32244958468702 203.93232102084514 96.92554619978497 39.56212200842083 73.08716978424044 58.65494638367126 183.1244887407964 204.51157536516166 61.05535603505544 94.43617260018134 29.00092696264558 153.74472710838117 120.4551683928172 133.80142015214585 97.1657808278381 93.26146159816669 65.8178094346217 36.42727720431506 66.94080091145958 132.29274932427217 106.01265998952172 146.35707524866427 124.87194036003805 35.509596658000916 96.17009892095778 117.48687511485844 161.76658936926728 145.01797673354224 111.323637890249 23.231778226259976 152.6208416978576 103.45111152205496 114.89708888497368 39.483302517180476 115.88072718111523 91.56983682376467 121.82165530974952 89.68945971603675 131.3546932354141 162.87094755332268 45.86892323468908 146.57029692772107 69.34157021540666 121.86348221081458 155.08548806503893 197.9439495945639 95.14440135300565 48.58053230026614 118.53847461121374 178.2635717617993 44.44454590597412 175.40112425197438 98.10685499154809 91.28301952812615 157.885528241176 106.53629431858431 98.52654376660595 133.47041033830774 60.29577333868084 68.28700872858809 115.10978404351731 148.3453876300892 95.69553411253229 145.86865688948956 9.165634809483862 121.80149887452588 114.11611151765456 139.80961715313134 9.65832329721718
153.98373359313234 103.4286752626469 187.09546182406692 29.352288469854315 0.0 97.45849102692208 116.86926464636676 100.38057836895518 92.19011318421275 121.02056488219841 6.775002054294305 182.86162374068869 33.46685794319497 131.5845383845906 161.9684500098919 161.15074369741365 143.55764833204336 39.694731725562455 164.83299790973814 58.006853513052306 168.57565688252458 124.87194036003805 113.74462888889884 21.76707577803454 49.63845301171701 78.76466988902693 57.366091373159364 117.56243231200864 119.44073320658904 83.50242705811281 84.10706308449888 111.6790864423019 47.959721566418054 102.6630248736888 196.4970885575977 96.92554619978497 81.50576353005835 51.5756496212487 70.56192016194333 62.85856498207523 131.59524379390746 125.82282673245554 72.20436498985353 145.97447291057856 110.73808186226513 161.15074369741365 56.15396921062839 90.93068629269693 145.86865688948956 25.744248220650505 125.49644334765802 107.65282481284582 39.79433792002112 55.234688148919034 80.90927222616213 137.9137587357625 146.57029692772107 70.6652081354211 60.29577333868084 132.530772753979 47.993185522045266 160.64898324903393 42.35241692301284 116.54747102723017 71.20676990078877 87.86799914081874 161.5213238179718 192.26642446009836 98.60458019801322 107.65282481284582 31.130079546563792 86.99576143222592 110.33227887601511 106.01265998952172 75.94375800716969 140.53914458733038 132.7128076228288 54.11309775954233 86.442732443724 121.80149887452588 108.3739412714942 194.8500205383006 132.3115782753253 156.77190834874503 77.47316333943479 93.9602103215587 43.83025004638077 139.22480196100088 67.26014210905691 96.11099328264694 105.7402693364765 75.94375800716969 112.20868907792874 93.96451087154598 122.56816420355504 185.07017116691077 114.98589066049742 58.51538694906091 137.99876280074983 178.77401726896636
69.02091290685615 178.2635717617993 118.61975008997214 169.5853186694501 97.45849102692208 0.0 100.38057836895518 189.93172334465606 146.72980711459618 37.91437172611183 192.26642446009836 98.30691923193153 78.53529317476873 60.62236136869853 122.61991980213138 91.5577063499961 219.774477726825 131.3546932354141 25.49283123972414 136.58214351823386 55.59056115634883 109.09488300603586 100.77132462154691 112.50644634075503 144.67458123344983 106.01265998952172 14.957479045671548 71.20676990078877 131.47571049210927 141.83573687155138 52.61691343583726 182.464473038023 89.68945971603675 145.61434542882188 88.44179138469046 160.1290965459072 123.6598387980073 114.06049487718599 136.7957507245496 94.2546976705591 196.4970885575977 144.80193226880888 126.70752293119492 70.59005651031175 5.72854551127152 69.84864075129208 67.80944119179406 168.20588666412505 83.7509479086642 48.34581100614332 86.94832862995969 76.72207613860031 119.04780972461859 71.25635696495848 131.59524379390746 71.403613395069 46.274530468687615 137.6820330840292 123.38659943926156 103.63302895925318 51.649616718162996 44.2660100562544 16.91438711397626 131.69839613178337 124.08498417509519 145.86865688948956 161.78601769837843 55.59056115634883 84.71288733680703 125.04225056517268 70.9800623485663 121.66583523875 65.45932926341244 61.380021051295095 21.320939293407463 132.8001845612875 112.31014156726742 33.49466354554944 34.00637252680548 99.09285015162251 26.391892304329687 59.89927286734842 155.54514214642847 94.72997969781153 168.68170467336395 108.86900041148765 68.88340365151792 130.7696788416828 81.9332872076252 3.5941772448143325 26.057232942546335 21.451404947013046 59.39334323254523 126.9019429016154 47.71597759566922 62.9777145309118 126.69271287437981 116.14474574982724 139.53097600398684 122.09043098799106
46.79694380632727 106.01265998952172 29.018414442170553 97.95066686658267 116.86926464636676 100.38057836895518 0.0 24.58848869062186 148.3453876300892 87.05164041726867 71.403613395069 31.38217189124161 43.939210171358766 111.28464977629226 78.36655060010517 97.86304737046176 89.38050599278725 39.48689504714632 95.82233514995886 105.7402693364765 71.25635696495848 98.77024621118285 98.77024621118285 8.597259647440396 97.95283845810471 27.467035212307437 172.26256727898507 100.38057836895518 134.47228038686478 36.125956686887456 47.71597759566922 87.58544702096223 60.68766674234808 146.72980711459618 106.74352938782125 108.39547373073775 123.442559526929 113.74462888889884 135.94568673995047 92.78656584780383 140.1426166197528 94.1718813008452 39.04562760106751 73.37330190203453 99.45019574013544 143.29093682974042 10.743816946458509 74.93017574246328 118.38805741208992 25.970663330401138 144.39489693700875 59.07065643088173 49.62331615485289 139.8011330006308 148.3453876300892 96.34627358005487 90.96524957929739 103.97014227959842 48.49296573114959 97.83873217435679 148.77461703384904 38.39409956416635 162.91103747107667 68.44592408840445 102.6630248736888 99.76255087856285 84.27366735506193 138.45642316690652 124.56360139798731 21.320939293407463 9.56960810720797 7.0855285014907 201.91415019723655 167.5272089610662 103.33706311813808 62.28155594569515 70.9800623485663 16.340051745669683 46.00691945961604 108.77133580343069 91.2416720416167 69.47621757878026 135.94568673995047 58.51538694906091 99.51700928512449 21.451404947013046 7.454890982384754 90.39373790106305 124.95108240112135 136.76358587874844 25.970663330401138 54.418804347868395 123.73784875995662 60.68766674234808 90.4877022249091 198.53616249250314 157.885528241176 31.721370676904144 112.50644634075503 42.35241692301284
109.50780496668607 152.6208416978576 123.38659943926156 43.09159869783615 100.38057836895518 189.93172334465606 24.58848869062186 0.0 88.03626042390037 1.221042296915357 93.96451087154598 75.16361130178723 97.45849102692208 112.79033157641028 43.09159869783615 121.80149887452588 74.67999246608683 52.09108782559395 49.63845301171701 146.72980711459618 34.68222043109476 86.99576143222592 132.530772753979 76.86170762928747 150.0767197781806 96.77070262081047 124.95108240112135 114.58457952779756 62.09447862215471 32.185580295265666 73.21459740049877 70.56192016194333 121.82165530974952 104.47357952997702 15.539701995738909 111.45472265390909 42.839746317951 83.0306466945823 103.73635717133871 129.2878770048223 136.58014473642902 109.58692524854399 196.4970885575977 107.38141247268427 124.8611682190961 33.49466354554944 70.23386974747918 135.96398995333703 106.74352938782125 82.67142451814908 137.94267436642065 162.2551217468984 105.74455803746424 96.77070262081047 143.55764833204336 37.26033077902333 49.45754837946054 35.331616650506504 103.10006768339863 109.09488300603586 35.331616650506504 97.95283845810471 47.34900947838647 144.89601234168487 52.46555994573377 165.5386205079123 26.451383676770064 136.7957507245496 36.42727720431506 35.331616650506504 60.62236136869853 58.82908901751076 95.12528645959037 23.177105598779505 69.47621757878026 80.83118980047485 137.99876280074983 108.39547373073775 108.56401105562759 96.69209184115235 152.44391617953994 135.02853562289732 69.8635195134639 73.27978635855405 131.5845383845906 174.32574592691702 91.38182382317865 95.82233514995886 88.1561982336932 117.2205116158035 80.85829513066642 139.22480196100088 75.18288877330991 49.62331615485289 108.2655162564921 69.60134089855592 123.442559526929 61.936348185837325 97.69391566858927 144.84640229808957
102.6630248736888 110.90717108235722 62.72426650386232 171.11962954253994 92.19011318421275 146.72980711459618 148.3453876300892 88.03626042390037 0.0 108.97315970607544 60.13595769011409 148.18490825263143 62.685887041263726 100.86909620463477 138.45642316690652 161.5213238179718 21.31127176652103 87.4692628418403 178.494824370989 38.113000732350955 105.47428527743378 198.53616249250314 65.59560991581485 101.40278396545439 162.2551217468984 40.39436106124982 100.11694145885123 117.2205116158035 118.1533409400311 122.39785854135356 95.69553411253229 58.51538694906091 10.743816946458509 108.35122468267747 113.33157115831342 80.90927222616213 103.32760911571603 83.68928118433398 119.59325069561797 105.16221631066999 3.8176999814978956 71.45959086476562 146.56316613931523 53.3555229752108 104.97380560403477 60.15300413383693 75.62727915300843 93.26146159816669 122.56816420355504 171.67892047284806 60.13595769011409 106.16090256689776 127.59848429351013 162.91103747107667 99.09285015162251 73.08716978424044 31.721370676904144 10.743816946458509 108.35122468267747 159.35049799266264 136.58214351823386 183.39950607688593 55.234688148919034 66.94080091145958 84.71288733680703 29.352288469854315 112.79033157641028 31.721370676904144 102.48800725487203 129.445903369286 54.11309775954233 140.62221120696026 119.59325069561797 114.89708888497368 76.72207613860031 98.55682797060997 82.48505285484207 44.090225721720465 180.93476345832204 69.60134089855592 90.87318712341558 69.60134089855592 44.44454590597412 112.20868907792874 21.31127176652103 136.70433989115938 59.89927286734842 39.07797719178629 73.27978635855405 95.14440135300565 92.19011318421275 88.55877072152765 77.47316333943479 56.61862694724943 167.7992059255153 70.680419783239 121.02056488219841 172.26256727898507 53.3555229752108 42.839746317951
125.09733677538357 157.42817938287385 53.17650276543207 103.45111152205496 121.02056488219841 37.91437172611183 87.05164041726867 1.221042296915357 108.97315970607544 0.0 134.66660533082378 69.75093204719616 48.49296573114959 134.51013763621336 115.38912747143313 51.91455724283473 142.053804444819 104.27573883595439 6.775002054294305 91.81871919979152 115.88072718111523 134.3048368968706 68.88340365151792 99.63003101827495 105.47428527743378 132.32940428221775 21.801588559100765 104.46833833271897 73.57545831604469 178.494824370989 48.34581100614332 102.3044829119523 108.2655162564921 75.26683603521747 127.04688762337078 146.81932700731963 39.79433792002112 109.09488300603586 158.48378837159788 52.61691343583726 55.234688148919034 74.59569788882986 162.68054819239148 42.55420850354999 15.539701995738909 124.56360139798731 50.6226430618399 98.05180474354081 125.56797134953013 131.5845383845906 182.86162374068869 99.50675544126771 83.68928118433398 18.939908582061605 100.86909620463477 95.97024077653106 122.65920647760993 99.68813796540648 39.483302517180476 117.56243231200864 49.709664483031375 101.93315385004348 42.55420850354999 133.53276828877534 119.04780972461859 84.8409544278505 65.8178094346217 39.48689504714632 57.85487289953926 143.97120279152855 46.274530468687615 51.91455724283473 22.82849912363305 119.74786958358776 56.61862694724943 86.442732443724 86.52435328944237 122.09043098799106 188.39635991425308 78.6887078397375 123.73784875995662 102.25132714993926 143.55764833204336 46.79694380632727 101.38453806422882 67.26014210905691 201.60561589936134 120.4551683928172 145.61434542882188 132.530772753979 106.01265998952172 37.21706954358724 15.882418712816929 60.68766674234808 27.467035212307437 98.05180474354081 144.80193226880888 55.234688148919034 77.3469513433032 53.17650276543207
67.26014210905691 70.59005651031175 80.61658783851121 95.14440135300565 6.775002054294305 192.26642446009836 71.403613395069 93.96451087154598 60.13595769011409 134.66660533082378 0.0 97.31310901460851 88.1561982336932 78.07383731426256 175.40112425197438 172.45422001847447 161.76658936926728 104.02915314327097 54.418804347868395 134.51013763621336 124.08498417509519 49.45754837946054 45.267475608565476 151.40120932926877 128.1846269768012 31.38217189124161 124.8611682190961 101.92287930155405 89.30456775966185 78.96955560806036 159.27796794159804 73.27978635855405 131.5845383845906 91.25509163962062 95.34189856283162 87.86799914081874 74.09253977013876 83.42916625772415 87.17129705088615 74.91516261989969 75.94788355900957 136.58214351823386 125.12234675292808 47.04260340430414 120.4551683928172 119.44073320658904 96.9393267705825 77.2351312036801 32.815834021791446 107.38141247268427 125.41832434089828 80.85829513066642 203.64484217885945 88.59004380222265 45.02219106373035 91.5577063499961 161.1579311318903 42.839746317951 53.814616673454886 94.43617260018134 202.44638398008834 150.0767197781806 39.483302517180476 94.26702242664767 49.62331615485289 85.23301050876697 71.20676990078877 72.7612726001347 111.28464977629226 87.64302299156765 102.39278038460866 78.53529317476873 117.18131909160758 91.54854117006008 81.06806783684617 9.470931287241783 83.42916625772415 36.45419854088053 83.20513397981003 145.61434542882188 84.8409544278505 55.762225778106774 123.38659943926156 105.96590885898561 145.0630306183898 125.49644334765802 37.26033077902333 100.38512066498883 95.12528645959037 57.85487289953926 70.43468415584692 1.221042296915357 83.50242705811281 76.59486998893868 58.82908901751076 97.61015200023736 135.7945668100898 7.454890982384754 91.38182382317865 65.12442083193011
112.79033157641028 202.44638398008834 111.45472265390909 120.4551683928172 182.86162374068869 98.30691923193153 31.38217189124161 75.16361130178723 148.18490825263143 69.75093204719616 97.31310901460851 0.0 26.088832367955106 157.885528241176 80.06638527674046 80.06638527674046 43.9741483011234 89.38050599278725 132.2326086330206 134.97380588601266 62.9777145309118 98.55682797060997 114.2271425679743 110.73808186226513 150.2690503588781 101.51477695289233 35.331616650506504 159.0111952568803 121.68394580733526 178.445633763105 81.50576353005835 138.07364189835752 116.54747102723017 100.37957242069955 113.74462888889884 191.65851041246657 97.02172337695184 97.69391566858927 44.2660100562544 16.340051745669683 16.483539211613362 65.8178094346217 125.09733677538357 135.36927362914435 59.07065643088173 89.22513703163635 132.32940428221775 58.65494638367126 98.30691923193153 62.20184134759868 78.76466988902693 77.15643834144208 101.1764056008472 168.57565688252458 142.3758581640206 104.04611019897762 262.5862197728593 159.1552507402983 72.71504009971477 123.95518458669633 103.4286752626469 26.088832367955106 26.391892304329687 123.6598387980073 83.68928118433398 43.9741483011234 51.46400211503775 123.99150737450279 72.20436498985353 108.39238900348988 133.53276828877534 120.4551683928172 95.92809877041915 71.25635696495848 81.3748601830975 83.23220447129464 5.72854551127152 37.91437172611183 117.56243231200864 110.73808186226513 106.871342311377 89.38050599278725 169.60428679764357 196.4970885575977 151.19427867450923 162.45174575936727 262.5862197728593 163.0332502591764 156.77190834874503 41.39672009766277 102.6630248736888 58.51538694906091 126.0352130024559 55.346011245662964 96.17009892095778 98.05180474354081 86.32881301892068 164.8602473722422 93.9602103215587 136.20014211906397
99.55099771074063 125.56797134953013 62.9777145309118 77.3469513433032 33.46685794319497 78.53529317476873 43.939210171358766 97.45849102692208 62.685887041263726 48.49296573114959 88.1561982336932 26.088832367955106 0.0 89.68945971603675 39.07797719178629 70.10555542148848 105.60865873697087 106.45022691901632 70.56192016194333 98.60458019801322 95.34189856283162 131.5845383845906 122.35564888676998 115.04689317532228 118.61975008997214 77.3469513433032 116.92890535635564 132.530772753979 98.77024621118285 71.45959086476562 101.69911530637998 182.86162374068869 78.96955560806036 93.47403254634929 40.60030903125746 58.62971445777546 102.25132714993926 124.87194036003805 79.91163392421865 38.32626009456806 139.80961715313134 55.346011245662964 96.9393267705825 76.86170762928747 108.86900041148765 97.86304737046176 100.38057836895518 124.87194036003805 191.65851041246657 93.26146159816669 97.86304737046176 58.62971445777546 80.63577507603658 72.77121921038916 172.45422001847447 106.75652256287943 123.6598387980073 117.84816393066203 164.0515654690576 49.653343322069155 97.86304737046176 142.03207783212042 121.93944530278243 127.32244958468702 7.454890982384754 72.49539731509606 10.743816946458509 151.0153397657018 90.87318712341558 100.29668754317053 89.5536291228243 102.30245632526241 111.5171085746085 151.51982490574892 103.97227246875256 114.06049487718599 117.16511798536722 145.0630306183898 134.0567228776523 141.3351386224075 77.24289223825136 93.96451087154598 102.30245632526241 132.7128076228288 80.06638527674046 62.72426650386232 122.98337082428661 128.43571895120573 72.20436498985353 84.8409544278505 74.94243742744652 108.97661840792118 29.352288469854315 80.16136074992113 186.98297541225185 83.20513397981003 52.09108782559395 84.71288733680703 147.95142725663862 102.4926853407094
135.02853562289732 58.65494638367126 108.77133580343069 138.45642316690652 131.5845383845906 60.62236136869853 111.28464977629226 112.79033157641028 100.86909620463477 134.51013763621336 78.07383731426256 157.885528241176 89.68945971603675 0.0 71.17211532588684 80.61658783851121 60.00845545491473 97.83873217435679 31.38217189124161 85.07660651138765 43.83025004638077 57.57492914777061 134.6488577406523 156.18776610143243 61.17979343588079 130.03557445686917 38.39409956416635 114.98589066049742 140.53914458733038 107.2040040387493 109.50780496668607 31.130079546563792 91.9748231445238 166.26423774220086 65.45932926341244 198.53616249250314 73.75189536385142 87.6438327508546 93.5149054121165 29.352288469854315 175.40112425197438 108.86900041148765 153.98373359313234 56.82910204587656 139.80961715313134 121.02056488219841 70.43468415584692 60.00845545491473 104.43056018813104 7.454890982384754 71.39153821821077 124.87194036003805 66.85713147775743 71.45959086476562 99.41249235851018 96.60799143218341 71.25635696495848 135.7945668100898 2.49712384605796 55.346011245662964 74.09253977013876 172.26256727898507 97.31310901460851 109.43359849640514 108.97661840792118 62.09447862215471 62.28155594569515 36.125956686887456 131.47571049210927 115.88072718111523 96.17009892095778 122.57503019011074 49.653343322069155 178.6786725182531 65.8178094346217 136.70433989115938 57.57492914777061 125.82282673245554 70.680419783239 36.0172408815843 97.95066686658267 164.0515654690576 49.45754837946054 140.1426166197528 121.68394580733526 38.39409956416635 31.721370676904144 162.68054819239148 80.90927222616213 69.47621757878026 77.38804255317515 104.24565138016439 81.3748601830975 119.74786958358776 214.4539216635814 135.47506309036424 65.3786213269961 191.65851041246657 99.0146788355104 101.51520367242261
99.76255087856285 124.57677541964296 138.07364189835752 39.04562760106751 161.9684500098919 122.61991980213138 78.36655060010517 43.09159869783615 138.45642316690652 115.38912747143313 175.40112425197438 80.06638527674046 39.07797719178629 71.17211532588684 0.0 122.14530870698059 25.744248220650505 72.29398698458903 110.48899003627088 23.683846727053677 73.27978635855405 104.31976510457989 50.6226430618399 180.93476345832204 117.48687511485844 132.2326086330206 91.7193257361557 112.31014156726742 99.76255087856285 87.6438327508546 3.370639372481776 159.6072649660978 116.92890535635564 58.82908901751076 132.7128076228288 197.09354454642656 178.6786725182531 144.89601234168487 183.68108500327833 95.14440135300565 102.69160178486003 14.22735578026436 109.09488300603586 67.1484861302634 49.63845301171701 28.321206901141707 108.97315970607544 38.32626009456806 178.494824370989 78.6887078397375 9.56960810720797 60.00845545491473 65.59560991581485 163.6945174871146 104.11633114812449 106.06755642930979 78.33170735151903 151.40120932926877 109.43359849640514 114.98589066049742 161.1579311318903 102.4926853407094 144.80193226880888 124.95108240112135 15.539701995738909 78.36655060010517 86.32881301892068 124.57677541964296 77.24289223825136 123.442559526929 114.06049487718599 47.959721566418054 136.3079233910312 51.925431770757704 165.70710633086924 74.67999246608683 121.02056488219841 24.189510169272452 82.18318184078743 58.62971445777546 106.06755642930979 85.23301050876697 131.69839613178337 89.51636204684787 163.56456846639665 138.07364189835752 88.1561982336932 51.91455724283473 47.959721566418054 82.48505285484207 159.6072649660978 104.11633114812449 74.42336762338228 104.47357952997702 168.20588666412505 97.69391566858927 66.94080091145958 161.1579311318903 36.45419854088053 118.53847461121374
89.51636204684787 146.72980711459618 73.57545831604469 146.56316613931523 161.15074369741365 91.5577063499961 97.86304737046176 121.80149887452588 161.5213238179718 51.91455724283473 172.45422001847447 80.06638527674046 70.10555542148848 80.61658783851121 122.14530870698059 0.0 90.96524957929739 65.45932926341244 134.47228038686478 114.92616942200408 89.67094564952845 45.63694112790929 47.993185522045266 44.82970283142325 110.8713821087522 17.859112700521408 53.087957985875676 76.86170762928747 98.55682797060997 135.36927362914435 217.0276270990288 160.64898324903393 161.78601769837843 157.42817938287385 167.7992059255153 115.38912747143313 23.683846727053677 89.5536291228243 134.66660533082378 114.11611151765456 91.55979653620582 172.42460841281743 124.68047333032585 113.85267852940207 71.11724810894282 104.97380560403477 99.09285015162251 86.46041691654844 132.3115782753253 98.72564000490021 114.38524275874524 14.957479045671548 90.46519977235185 113.91399995083832 132.7128076228288 114.028870977876 49.170422570594354 98.52654376660595 99.09285015162251 123.73784875995662 108.53227629207638 62.45131565900888 104.24565138016439 119.59997322338448 122.56816420355504 83.23220447129464 88.97951077320414 90.96524957929739 39.48689504714632 103.32760911571603 197.9439495945639 91.7193257361557 65.3786213269961 68.18019051038729 101.71592779507108 68.28700872858809 1.221042296915357 81.3748601830975 75.25272801019332 16.483539211613362 129.445903369286 89.22513703163635 16.340051745669683 196.4970885575977 125.52893004474146 135.94568673995047 69.84864075129208 99.76255087856285 57.53464237051233 188.39635991425308 85.61471751322082 116.74798832376291 15.539701995738909 137.04443963831906 127.0937074430784 28.59124302101091 148.3453876300892 38.32626009456806 37.26033077902333 59.53390283698704
86.59594779859121 123.95518458669633 114.58457952779756 126.60396028867228 143.55764833204336 219.774477726825 89.38050599278725 74.67999246608683 21.31127176652103 142.053804444819 161.76658936926728 43.9741483011234 105.60865873697087 60.00845545491473 25.744248220650505 90.96524957929739 0.0 113.33157115831342 56.15396921062839 125.82282673245554 139.8011330006308 61.2781931570489 199.6002708297683 154.89522627345423 163.56456846639665 161.51021866731503 24.58848869062186 93.96451087154598 86.442732443724 109.60384110390056 140.53914458733038 87.86799914081874 104.27573883595439 124.8611682190961 101.93315385004348 78.40663957368679 174.32574592691702 168.6790719938905 112.79033157641028 91.2416720416167 92.78656584780383 159.0111952568803 138.48767092503735 21.76707577803454 123.49275811469538 62.28155594569515 117.2205116158035 67.13703826222448 262.5862197728593 115.88072718111523 98.0763026371659 159.0114881422328 129.2878770048223 3.8176999814978956 125.82282673245554 168.68170467336395 133.35237843863095 148.77461703384904 59.53390283698704 23.56444231981901 165.70710633086924 80.90927222616213 108.35122468267747 182.464473038023 72.77121921038916 114.58457952779756 114.3490386711372 109.60384110390056 192.26642446009836 68.88340365151792 34.00637252680548 99.95577802361436 60.13595769011409 134.6488577406523 110.90717108235722 78.42646080833126 86.32881301892068 26.81982758583483 100.76168893083343 56.61862694724943 82.48505285484207 46.094018404610466 78.53529317476873 167.5272089610662 125.8630238460569 56.82910204587656 91.06995204022616 130.43036639511973 87.6438327508546 98.52654376660595 108.39238900348988 68.88340365151792 145.61434542882188 106.2081324496588 142.2431528712503 151.51982490574892 137.24072978516634 52.09108782559395 80.16136074992113 71.45959086476562
62.36050895672766 118.61975008997214 103.47733489527285 169.60428679764357 39.694731725562455 131.3546932354141 39.48689504714632 52.09108782559395 87.4692628418403 104.27573883595439 104.02915314327097 89.38050599278725 106.45022691901632 97.83873217435679 72.29398698458903 65.45932926341244 113.33157115831342 0.0 134.0567228776523 100.38057836895518 172.6063384468448 130.7696788416828 144.39489693700875 26.391892304329687 115.10978404351731 90.46519977235185 127.32244958468702 85.07660651138765 140.49756424640222 87.4692628418403 98.77024621118285 121.93944530278243 121.66583523875 144.39489693700875 118.10525900948929 102.30245632526241 91.7423989251794 100.76168893083343 114.028870977876 85.12653520233395 102.19666897049561 46.79694380632727 132.8001845612875 66.0701994697329 141.83573687155138 141.3351386224075 91.28301952812615 2.49712384605796 7.0855285014907 97.69391566858927 96.17009892095778 83.43978876876105 178.445633763105 95.14440135300565 161.9684500098919 104.27573883595439 132.32940428221775 102.33132357513956 77.24289223825136 3.8176999814978956 108.19002772814365 137.66833798670626 107.65282481284582 14.22735578026436 150.82684383831963 15.539701995738909 167.5272089610662 105.7402693364765 27.467035212307437 121.02056488219841 60.30258160869745 134.97380588601266 167.7992059255153 64.0950298267458 150.320358290627 96.92554619978497 115.83543579742658 91.06995204022616 102.48800725487203 135.96398995333703 182.86162374068869 150.2690503588781 103.10006768339863 99.63003101827495 9.65832329721718 5.72854551127152 26.088832367955106 65.3786213269961 49.62331615485289 61.57347024902372 52.61691343583726 99.68813796540648 80.16136074992113 89.90496716869858 182.86162374068869 106.45022691901632 51.649616718162996 39.694731725562455 44.2660100562544 64.7828052480761
179.60125188062855 137.04443963831906 83.50242705811281 89.30456775966185 164.83299790973814 25.49283123972414 95.82233514995886 49.63845301171701 178.494824370989 6.775002054294305 54.418804347868395 132.2326086330206 70.56192016194333 31.38217189124161 110.48899003627088 134.47228038686478 56.15396921062839 134.0567228776523 0.0 108.53227629207638 43.09159869783615 199.6002708297683 71.17211532588684 104.30836594686414 168.68170467336395 89.70642043376657 127.59848429351013 161.02011298943665 39.04562760106751 73.96235816717787 49.170422570594354 41.39672009766277 51.46400211503775 25.28675706037093 125.6716376245988 95.34189856283162 178.445633763105 136.76358587874844 113.33157115831342 104.30836594686414 186.14753539783578 63.44182781779145 48.58053230026614 58.006853513052306 83.43978876876105 42.55420850354999 133.48783489608172 78.42646080833126 72.49539731509606 62.36050895672766 81.06806783684617 91.54854117006008 76.85209187928845 48.00533064265516 107.0645580462992 43.83025004638077 125.8630238460569 89.38050599278725 39.70724946518463 67.00916307777331 84.71288733680703 117.2205116158035 112.31014156726742 66.0701994697329 95.82233514995886 38.32626009456806 6.035203356241553 117.2205116158035 138.07364189835752 15.895169006032575 138.07364189835752 104.02915314327097 134.97380588601266 107.2040040387493 124.87194036003805 80.83118980047485 159.35049799266264 68.44592408840445 161.76658936926728 140.1426166197528 108.56401105562759 159.1552507402983 71.17211532588684 150.0767197781806 113.91399995083832 217.0276270990288 77.3469513433032 111.72863201579759 81.50576353005835 161.1579311318903 262.5862197728593 150.0767197781806 144.89601234168487 105.74455803746424 153.98373359313234 83.42916625772415 62.20184134759868 105.47428527743378 71.45959086476562 47.13180192123695
84.38361422229262 93.19910445043224 75.94788355900957 71.25635696495848 58.006853513052306 136.58214351823386 105.7402693364765 146.72980711459618 38.113000732350955 91.81871919979152 134.51013763621336 134.97380588601266 98.60458019801322 85.07660651138765 23.683846727053677 114.92616942200408 125.82282673245554 100.38057836895518 108.53227629207638 0.0 89.45489231768036 201.91415019723655 150.82684383831963 101.92287930155405 84.8409544278505 47.13180192123695 151.0153397657018 153.74472710838117 146.81932700731963 36.79226038358722 83.20513397981003 132.530772753979 95.92809877041915 97.1657808278381 165.70710633086924 125.49644334765802 125.41832434089828 9.56960810720797 171.11962954253994 9.65832329721718 78.85340424710921 198.53616249250314 156.77190834874503 70.6652081354211 182.464473038023 36.45419854088053 138.25929487440027 103.4286752626469 115.10978404351731 85.12653520233395 90.87318712341558 148.3453876300892 103.73635717133871 162.45174575936727 81.9332872076252 99.95577802361436 93.26146159816669 91.5577063499961 164.0515654690576 111.43123825863222 143.55764833204336 15.895169006032575 62.28155594569515 108.3739412714942 56.61862694724943 119.74786958358776 150.320358290627 103.47733489527285 44.44454590597412 89.90496716869858 122.57503019011074 95.30807081188469 155.33394261725138 82.24935572968444 94.40542968934032 159.35049799266264 124.8611682190961 75.62727915300843 73.57545831604469 76.72207613860031 70.680419783239 106.45022691901632 33.49466354554944 64.86691414685934 96.77070262081047 126.2465590264509 57.57492914777061 136.37159225948557 53.814616673454886 185.07017116691077 66.505515516274 127.59848429351013 34.00637252680548 137.6820330840292 107.38141247268427 110.90717108235722 98.55682797060997 125.04225056517268 162.68054819239148 95.97024077653106
110.73808186226513 109.58692524854399 71.17211532588684 68.44592408840445 168.57565688252458 55.59056115634883 71.25635696495848 34.68222043109476 105.47428527743378 115.88072718111523 124.08498417509519 62.9777145309118 95.34189856283162 43.83025004638077 73.27978635855405 89.67094564952845 139.8011330006308 172.6063384468448 43.09159869783615 89.45489231768036 0.0 192.26642446009836 60.68766674234808 107.38141247268427 91.28301952812615 47.34900947838647 104.02915314327097 83.0306466945823 103.45111152205496 36.125956686887456 72.78994983520036 124.57677541964296 78.85340424710921 113.91399995083832 96.77070262081047 153.16153248943274 104.47357952997702 53.087957985875676 110.90717108235722 113.91399995083832 117.16511798536722 100.86909620463477 108.19002772814365 72.29398698458903 32.185580295265666 78.96955560806036 136.20014211906397 149.20011880442928 42.17587033745215 198.53616249250314 46.79694380632727 104.30836594686414 50.6226430618399 41.70685364249446 26.81982758583483 80.06638527674046 96.69209184115235 118.1533409400311 118.61975008997214 104.24565138016439 36.45419854088053 145.86865688948956 168.57565688252458 153.74472710838117 106.45022691901632 106.2081324496588 87.86799914081874 78.33170735151903 125.49644334765802 162.45174575936727 107.65282481284582 115.88072718111523 101.93448667289314 70.43468415584692 43.09159869783615 161.5213238179718 83.23220447129464 62.28155594569515 75.94788355900957 152.6208416978576 143.97120279152855 142.3758581640206 89.5605575216186 95.92809877041915 43.939210171358766 97.69391566858927 108.86900041148765 23.56444231981901 199.60113131031932 14.569851742524733 151.19427867450923 104.27573883595439 99.76255087856285 77.38804255317515 176.02584280179622 95.30807081188469 108.39547373073775 75.25272801019332 99.55099771074063 65.59560991581485
