100
0.0 194.30359555306336 104.59468772651634 82.92005384075105 98.42631154789069 173.1271994703655 203.4725073097639 75.93148704001453 113.48802266052553 224.03572782065436 143.31831786730115 205.46200789366492 93.40492742218707 148.49278643370062 114.82102327333646 113.01925801904466 170.16077288546387 149.97718147868335 74.51972389027272 155.5134702738966 183.5166006608472 114.40863532945048 145.55557048805218 148.64324405401533 142.36235778804794 215.24291095391516 99.85533797845608 96.94334898693657 128.261260439062 273.17230508521 147.9119432423639 214.57942824872714 106.21317065391975 199.3827548493582 214.53051500303678 106.02621142256268 178.2730458719047 129.83909409647154 126.05253349872959 168.64123662955188 83.00345151850851 169.88966231300873 110.38260302161689 117.037706407928 141.92842933599576 199.04037970508188 185.87634176549454 221.17428231877977 223.9355745496619 90.75509047706896 72.48141579138706 138.04305476334204 69.12532610143188 66.17401629715614 175.82200502912733 184.30890377009854 107.36344870433308 100.63456636230717 96.02924072697284 148.64324405401533 61.99713525747207 159.0362393560413 112.55226145203885 107.64750475906544 232.97330733570016 182.16996677897197 139.31685190556954 153.88790438965358 110.83476084352733 140.9769128870233 125.47976723448302 154.24752064498676 120.96219021752732 64.43692317601044 173.05923737392646 143.60546675182502 148.66567586101186 113.4486676478887 86.04736395756407 158.43844282535764 78.39616646351405 24.4439931789081 186.2728732474923 86.46613482153795 159.6675937917712 167.33816971614723 137.03850608114286 65.03878153249705 191.2279397154693 162.64389754520153 143.31831786730115 190.61374232809774 205.13179797815926 146.58984097993195 171.93823266991544 176.43014662140467 183.25242421762692 180.90030229822563 122.55190664694808 106.89170658047695
194.30359555306336 0.0 75.31022226179951 180.23648556483312 145.30118350489354 174.88850189762127 172.40822570336405 207.22137320442218 164.3842297434476 161.50066396853316 159.1305701419055 190.66268354242615 112.83510998270694 183.23237567824506 54.29496551658234 78.39616646351405 125.41474400575166 140.2239256345005 165.68083976043678 144.06955171623133 171.47684777924695 190.29079580775226 138.98062365179885 112.83510998270694 163.13103170493585 55.09448367319219 174.7594125759209 169.33702485283263 93.40492742218707 136.4505942745892 141.98777077119541 124.34641726924762 167.41715045939736 131.93408344158465 108.77014536785416 151.1933914512386 148.73312012304459 100.63456636230717 114.37823536606723 139.15620862285581 228.65417130974177 175.75212167227707 86.61129729675714 148.27700559321394 144.91130052647304 250.6692079969789 191.9692333317813 158.7772474170005 137.63322310554588 66.88355682757035 143.6853227349708 151.84327799952482 152.83158905818732 118.81898854012793 45.02031507219897 240.15441772024067 100.63456636230717 257.6659562823527 285.23504038144586 36.56364087529465 119.67189687722346 138.20677388699673 250.02987943681399 159.0009594232033 44.968452572813646 163.9641339171299 156.11723521519255 128.23673263982406 108.09475353689442 190.697965838982 238.51744196639024 172.7866753485706 147.21182006937835 91.98746622761496 118.81898854012793 170.08164237237605 153.14915923143352 120.39330578582269 119.69645818168905 88.00328099458045 88.75200048310774 229.2435336486034 131.19040642027994 113.41905867097901 243.34135543773198 247.1948915629751 164.25701554509237 110.07647486451621 157.80129475202642 158.4529670069409 259.5286847854792 201.67894097851354 104.64265751040051 231.13426734442044 145.8699724253269 176.94104999702336 173.39854280810462 145.9227579813085 104.72960731029471 202.54172953632974
104.59468772651634 75.31022226179951 0.0 199.04037970508188 140.33160142715238 116.18208961077102 144.3671943333471 197.92935253999622 153.76214580992342 184.56487530636653 174.7594125759209 139.15620862285581 178.02904168628143 232.33047527027213 169.56389473385426 125.83220538550117 190.66268354242615 189.45880458237838 190.85480554836386 148.49278643370062 124.58585297571705 153.79416978178418 172.22986292367716 44.968452572813646 272.4354250955723 232.33047527027213 151.93907848705467 100.63456636230717 99.21606767322233 174.7594125759209 138.84627287930948 145.56952863493717 136.6052654479957 156.21215350131988 170.82595711238812 210.30111466075437 130.0557357131257 105.09715032801654 112.89960654681326 128.12237999593745 135.28399253532612 94.47186182259684 143.94809449157398 208.26182161236662 171.65008621394054 172.40822570336405 117.3423212317423 192.67862577685582 187.42674784157114 156.76583316155518 206.03267063733722 205.44571617725657 162.5263294399617 117.51548730622409 123.8187238567767 158.5557752971059 212.43606380333972 215.897515066318 203.85404207087174 75.31022226179951 104.67411334500815 115.29586837070885 151.84327799952482 158.35544474068362 137.75443844049573 112.65283464796158 99.37119421730871 194.5543304546349 173.8918007591 130.0557357131257 197.89490167451908 181.11410033268055 195.83823741229844 208.66925693209004 149.91616588376309 118.93274438266441 157.41398466459663 137.19479034768506 205.46200789366492 89.27636505259667 48.328490620757634 262.7701943896361 161.18472205041667 145.204421809378 140.22478385822626 113.4486676478887 238.51744196639024 216.33723682968292 199.15997742888604 100.55087312301127 90.63578052696548 248.3910023101771 243.34135543773198 191.4439817235636 169.68019247503236 245.18383550320127 105.91980504579783 151.69306781648027 103.25747584203076 166.27043644841578
82.92005384075105 180.23648556483312 199.04037970508188 0.0 191.64256924794262 119.69645818168905 139.89644939885716 231.29807435920083 255.7772113027596 175.6005740021908 82.23959173345042 119.62033903052568 99.37119421730871 118.40128570813387 100.55087312301127 257.7275535335695 121.66433613517668 143.17388844601103 101.03020599226201 145.45398400311296 86.86733975043867 100.56375740774884 210.66552793845358 83.80443384508426 183.4175764000345 142.81609389583014 78.39616646351405 119.69645818168905 182.57295723251138 123.55783945086989 188.37898414829613 160.88476377857913 69.728502886394 148.56291509153814 173.86483190776397 104.36695125198497 162.64389754520153 134.51755197458462 134.52218393923258 184.70748973844204 121.67083313049626 154.59925842633223 228.65417130974177 229.71875128370527 223.85444989205257 75.93148704001453 120.78757122598984 174.47142039448778 176.74622775862738 153.6671736240697 218.01735866542583 119.9955015497629 245.18383550320127 172.07450138706682 162.70305912002604 161.50066396853316 132.56025917234246 181.65768595469652 131.38942204501976 191.63440574153364 205.44571617725657 109.1225164935708 169.90093063446088 163.18149967846438 198.24004966731093 182.9248330300441 143.6829698899543 81.26749965720157 129.41592049748763 58.17596536115806 148.43840024689402 105.0042223319075 250.02987943681399 86.07908585076021 206.799294651447 69.17247807544737 231.13426734442044 172.51343803914634 78.80949737404391 182.57295723251138 148.34300565861383 153.81226331639485 178.02904168628143 104.50782238208409 159.43170850358916 163.72423386733703 170.08164237237605 131.75951838069773 154.67047463809763 183.5166006608472 110.61205634243123 116.01982778621772 83.50111056252804 147.7405835151446 212.5012850273749 178.2730458719047 155.2866128143278 129.0813787067638 137.22620896353163 170.82595711238812
98.42631154789069 145.30118350489354 140.33160142715238 191.64256924794262 0.0 148.56291509153814 169.4421013933585 228.28072159804617 137.63322310554588 223.85444989205257 115.73429425460148 257.6659562823527 140.93568156121088 126.49021744408869 215.897515066318 143.21966093178432 126.78373983599946 145.4896199707024 116.01982778621772 205.40958171610035 112.55226145203885 153.14915923143352 78.89706347734301 259.84939008888966 212.4932289337037 185.96381194502584 96.52394190727418 124.60185623322894 236.6066659505761 149.42061747832662 232.20076505035007 155.91668842601734 196.74846734908795 219.65008581730797 104.38950184032491 160.73524225701522 173.91677901154435 200.47095903265566 143.0738908289677 191.08484654273587 169.56389473385426 122.14554227750773 147.2299046029936 45.481420904737774 102.13317927572481 172.44052452685668 110.80063031794258 189.57149063337755 181.11410033268055 129.0813787067638 151.04497433307543 78.39616646351405 209.99442299515238 145.13424564095794 107.64750475906544 86.33670943283772 145.60059977939738 131.6208440794694 182.31538698566115 90.28650129246131 133.73571339716767 174.3818050322643 132.95227139242468 117.63525629050386 245.92092572910502 151.04497433307543 102.42202632657117 239.4639680263716 170.84098666280175 127.19029327203121 126.78373983599946 129.07413193394936 135.77569166693303 110.37115001941595 216.62591303483026 175.94837958950487 163.19906867797073 131.7582512089856 127.9958702321548 133.73571339716767 165.68083976043678 159.63035514021223 123.04035088836724 185.22979452139398 140.9769128870233 168.64123662955188 71.407290233799 189.02763232560835 175.89496813508626 183.23237567824506 263.7226496524198 143.67574207349466 44.968452572813646 218.01735866542583 226.99738706604523 136.32214246705234 174.7594125759209 97.20038264473297 70.65266376983132 142.8187678092192
173.1271994703655 174.88850189762127 116.18208961077102 119.69645818168905 148.56291509153814 0.0 185.41832749247726 162.82054794350623 158.28147580075012 125.44280685786833 100.56375740774884 132.3772962788716 173.02838927534398 214.66229751028936 183.5166006608472 129.51766454838693 162.64981498482965 185.9607955514013 188.95522480050232 154.86664977190645 151.80335211894464 172.84802840331062 193.17941038654268 196.0123220976088 132.95227139242468 247.1948915629751 163.55937198101552 181.11410033268055 215.34170508533856 179.45138574981044 140.33160142715238 134.69043371470343 245.80736404165202 119.69645818168905 136.97386644028927 108.08151404112658 245.18383550320127 212.4932289337037 170.83018892338305 141.0574186593763 166.8905961926496 198.6906428031839 104.64265751040051 148.56291509153814 127.66094049719038 86.61129729675714 61.60563926715807 161.92464964535023 228.24096039873825 202.61225344276272 94.44673975151969 173.91677901154435 166.10626355950524 107.7723467752871 100.61348040457443 58.17596536115806 174.88850189762127 104.38950184032491 186.86114157710645 178.2730458719047 169.4421013933585 208.10564151208155 176.06627853368715 113.79619142843245 176.43014662140467 211.53158184623408 186.87639976554303 166.85566619931947 137.19479034768506 134.76232018387125 173.238961635701 67.65850993868911 96.94334898693657 100.6605239041902 133.83368848574185 202.04199747318341 132.95227139242468 175.92183988905782 169.04379944770227 129.07413193394936 196.2133238746151 144.43461243727054 69.54872817903583 120.39330578582269 142.8187678092192 212.84109516176105 96.14788594283519 183.87290394883348 243.34135543773198 162.70305912002604 141.5803608520547 139.63041062935574 175.01787255153113 147.2299046029936 157.84606755906708 83.70547287699775 185.96381194502584 179.45138574981044 261.85433435441 273.17230508521
203.4725073097639 172.40822570336405 144.3671943333471 139.89644939885716 169.4421013933585 185.41832749247726 0.0 164.90313123202026 147.98772303728853 160.26959645167608 125.83220538550117 190.22695543098462 106.21317065391975 184.53396183641817 175.82200502912733 142.74236422604292 173.1231309277261 165.55692913509026 123.04035088836724 63.174342501490486 203.18920328262013 145.72140356631442 211.7971533864379 134.5118306606031 205.14300483509584 159.57178353431524 181.1379196417571 160.35895427247334 255.7772113027596 166.449983642396 229.79415543466988 90.72765180275132 130.2385063952853 169.58030964544386 181.11410033268055 132.62822307104054 132.8054002886188 175.43458296955708 136.4505942745892 162.21935555373312 110.80063031794258 171.75321368990018 223.34395329244091 148.36517811782815 131.6208440794694 196.0271142095183 201.67894097851354 104.38950184032491 181.27402296175435 144.49529241592464 188.41211251811976 179.26418364192682 230.13335092224568 183.12905915201387 152.05426788589565 239.4639680263716 93.40492742218707 168.52313445478796 181.65768595469652 144.06955171623133 191.27818987598621 71.407290233799 146.50656353750844 223.27164919904203 147.7405835151446 94.20672609842089 184.36902883677556 96.94334898693657 192.15617414673284 181.5610895218771 120.5693871420291 225.0151973662168 179.24233542395075 102.13317927572481 134.7146574050283 109.40727206285251 94.44673975151969 155.91634618129535 163.1123834677055 243.46667806056843 149.8040156185373 202.49874443366872 223.34395329244091 196.35995686215398 121.67083313049626 175.94837958950487 210.79846034459965 58.17596536115806 196.35995686215398 123.55783945086989 116.9941222907625 205.33386793590765 79.21673434473165 107.2933732903455 159.38141347174297 151.19926178554158 168.87135783351965 202.04199747318341 172.58229733698354 158.28147580075012
75.93148704001453 207.22137320442218 197.92935253999622 231.29807435920083 228.28072159804617 162.82054794350623 164.90313123202026 0.0 159.43170850358916 109.41222042171977 240.15441772024067 99.63299591687243 114.32742823130704 187.41885629450036 136.49488718771974 128.0750625016322 195.69548064569892 239.7413808720044 202.29502588904563 145.64206922267235 183.12905915201387 238.63991347192444 98.84293704713076 170.85432712386606 138.8331778732863 156.21215350131988 187.32776610422545 125.69720095628038 65.03878153249705 211.91366013395924 161.57486620629666 136.97386644028927 196.2133238746151 134.5118306606031 171.31236418016476 77.39855637549425 172.84802840331062 165.8273639644742 173.0791963542062 146.70841189069242 154.63533763363844 152.37607014846893 166.86881759233444 113.59621215943014 123.04035088836724 174.50141316216815 134.70155101332958 160.2043102034314 108.09475353689442 113.10901230093904 180.08049047327742 172.7866753485706 190.1868923385791 100.48493537983194 184.53396183641817 78.11775509141536 228.28072159804617 153.6859259598287 82.54296407344603 153.6671736240697 146.34080915916084 127.47972999965256 171.65008621394054 164.94816327989238 181.8763002328522 136.12895793918716 216.62591303483026 239.4479968354587 156.23339340756667 204.88968931150325 116.01982778621772 122.14554227750773 160.35895427247334 180.11303313211621 127.43759964673487 190.5233550521781 69.728502886394 196.8538089756267 100.01253548049506 237.0079000895806 146.95760835869584 173.43389325069555 268.6295883315659 132.3772962788716 136.05822176084945 121.51248564920891 179.69850775145983 144.3671943333471 146.14214947517777 126.8278566612561 189.57149063337755 109.39832485534167 126.03805587147494 151.12596572922735 218.84554482940337 164.90313123202026 172.58229733698354 138.73837364948378 217.91129299105805 190.30904942833268
113.48802266052553 164.3842297434476 153.76214580992342 255.7772113027596 137.63322310554588 158.28147580075012 147.98772303728853 159.43170850358916 0.0 189.34851147230142 188.47056300994558 132.74925339399684 161.83741050088656 104.38950184032491 166.10626355950524 105.27686999275039 205.40958171610035 181.1379196417571 179.57707088736726 226.99738706604523 172.22986292367716 101.03273509711892 145.48669037313775 162.99780526073843 203.4725073097639 45.481420904737774 108.09475353689442 164.40820553173796 220.21520242629947 79.3980380106429 168.40752235806076 121.07833712216407 215.897515066318 182.16996677897197 226.7179978028443 175.01787255153113 81.54134754756546 156.98432182221464 117.29238335035895 136.18292831746373 148.43840024689402 137.6114295834676 145.14039578584016 150.44919820780063 105.09715032801654 202.61225344276272 187.46933641644955 188.8693301052354 229.599766476751 247.3014898032554 148.41438985111907 147.98512009630585 94.47186182259684 210.7081995403084 173.60857397043446 205.37429778165122 198.6906428031839 166.27043644841578 136.2393651214513 203.99871958489385 196.02117870126665 190.773943100884 156.2977187021742 176.25657936299694 88.01757252484109 96.39776592448717 147.89582607910063 67.65850993868911 169.56389473385426 156.00965125173045 178.836716155378 263.7226496524198 107.7723467752871 142.1531528516688 164.94816327989238 182.9248330300441 176.82597873790948 142.31609414255945 248.3910023101771 109.56283122001378 151.96605342409228 125.82792275746058 138.69273444343804 36.56364087529465 222.6382647370185 107.7723467752871 174.77049903486738 147.8573079902807 136.05822176084945 100.56375740774884 205.44571617725657 161.83741050088656 200.47095903265566 261.85433435441 166.449983642396 146.58984097993195 147.7405835151446 189.0964398618741 78.2261028590726 225.0151973662168
224.03572782065436 161.50066396853316 184.56487530636653 175.6005740021908 223.85444989205257 125.44280685786833 160.26959645167608 109.41222042171977 189.34851147230142 0.0 160.10840938907248 166.27043644841578 139.89644939885716 245.5693066333881 185.9607955514013 144.3776980565946 124.49997780700384 136.91777355283057 229.79415543466988 195.67749773318317 206.86565750466656 92.74620112759236 185.88966642660785 103.0085969208155 154.39995549993458 219.08201921164272 209.53618817633824 119.0801958636639 215.19302156509093 145.0754249418112 228.65417130974177 189.07515783397895 139.81478826123285 109.77279568548934 109.39832485534167 161.05055236622152 174.50141316216815 135.312000283152 189.34851147230142 149.90712855565133 140.39469686502588 120.16310568742587 86.07908585076021 154.63533763363844 163.95691622505865 239.4479968354587 117.27132968154459 131.38942204501976 103.25747584203076 218.01735866542583 190.4346454939124 181.65768595469652 161.90255453160597 163.18149967846438 131.93408344158465 186.5770331926116 127.43759964673487 109.39832485534167 144.3776980565946 136.75607889980262 158.78345851190585 159.1305701419055 250.02987943681399 105.20845444323786 113.10901230093904 119.9955015497629 105.55869679833455 158.4529670069409 92.23347847024526 121.6229698723686 206.97824856199853 189.98710237853987 179.24233542395075 148.66567586101186 175.6005740021908 208.26182161236662 126.5764949721585 148.41438985111907 143.60546675182502 99.72358202854375 104.64265751040051 148.49278643370062 154.1425269867034 165.55692913509026 176.26270798722314 165.5139864488205 115.34095540957212 191.5050595262878 155.7428175006522 175.8335072558757 168.09001232369195 24.4439931789081 171.47684777924695 202.61225344276272 168.0005420135555 127.43759964673487 157.65004477884773 173.05923737392646 165.11071857531067 106.66635003860978
143.31831786730115 159.1305701419055 174.7594125759209 82.23959173345042 115.73429425460148 100.56375740774884 125.83220538550117 240.15441772024067 188.47056300994558 160.10840938907248 0.0 207.77320519602023 105.40054733261378 188.8693301052354 123.63348921058537 106.02621142256268 114.40863532945048 148.66567586101186 162.26444427710902 121.6229698723686 77.77167985972335 145.30118350489354 112.62944240681998 179.57707088736726 89.73175604656916 139.81478826123285 161.57486620629666 186.87639976554303 140.93568156121088 108.31936310964875 145.64206922267235 145.8699724253269 172.84802840331062 196.09388874527144 159.22387697296486 117.037706407928 179.89311796380056 207.33851395022464 144.3671943333471 250.6692079969789 87.52881545173638 60.41910095188683 205.46200789366492 165.55718419705357 125.9991151972491 177.0484598507122 160.10840938907248 151.30631361095425 187.32776610422545 148.70078302021466 126.8278566612561 195.83823741229844 178.2730458719047 120.46689418288483 166.27043644841578 168.07161180884964 145.6661998739602 108.95179885210595 158.75734215053933 218.84554482940337 91.7421890474644 102.04958898063603 158.15309913322196 210.66552793845358 126.64667812206645 119.0801958636639 247.3014898032554 86.89996635366978 222.6382647370185 231.29807435920083 125.28339958399245 123.41309707225426 176.67649293501054 237.0079000895806 196.9396265922282 161.30223919292092 143.60546675182502 72.58802810030284 180.11303313211621 183.57912600261352 157.65004477884773 156.96470890435253 106.02621142256268 80.43000854882187 179.78565145708777 245.80736404165202 210.7081995403084 136.1087995524259 261.85433435441 153.7663691149005 149.44724644585142 126.64667812206645 211.53158184623408 188.3414137709913 210.66552793845358 155.3396569350859 159.2309350388866 192.16584008373746 104.88707422868197 162.9510660224558
205.46200789366492 190.66268354242615 139.15620862285581 119.62033903052568 257.6659562823527 132.3772962788716 190.22695543098462 99.63299591687243 132.74925339399684 166.27043644841578 207.77320519602023 0.0 107.71962897781113 147.8573079902807 109.44125760469947 132.59213282767914 223.9355745496619 122.76990543810945 82.23959173345042 118.07291302095939 173.06155091810496 181.49996854448713 166.8905961926496 213.16621881441702 130.20429406655143 164.3842297434476 137.22620896353163 88.31336394282948 103.0085969208155 92.23347847024526 196.74846734908795 214.51179019786073 98.94873579931507 221.57553214697475 151.59375691435667 189.34851147230142 202.53287051913813 170.93976337680465 167.5338843117732 131.0026945081348 141.41264457960875 184.57403035409484 189.9566683054477 184.30890377009854 33.544755181664485 175.89496813508626 147.24923698864313 96.94334898693657 159.55598895479687 148.64324405401533 177.6966362484228 78.89706347734301 87.56358182193057 210.05225209557477 178.17211273257868 131.13448357002304 147.89582607910063 182.62272454389637 112.2760667656952 168.52313445478796 208.26182161236662 126.62584027623991 72.48141579138706 184.405873444457 240.27824549687296 164.2743314790782 125.44280685786833 166.1396679106552 168.7764675111786 144.43461243727054 177.24863653306502 99.72358202854375 231.04899658977877 136.49488718771974 162.21935555373312 154.1425269867034 75.76710473627689 166.03046937216692 180.68464588478898 110.83476084352733 87.51161079974551 95.52121962472026 157.52201034905383 120.32346333035723 145.55557048805218 163.6805336974795 107.2933732903455 150.95836119293702 147.6127707817011 154.24752064498676 110.90055639145797 138.0978718622756 44.968452572813646 163.48147386679287 143.60546675182502 105.19927186476446 184.96671233323036 77.39855637549425 168.5987177077481 188.37898414829613
93.40492742218707 112.83510998270694 178.02904168628143 99.37119421730871 140.93568156121088 173.02838927534398 106.21317065391975 114.32742823130704 161.83741050088656 139.89644939885716 105.40054733261378 107.71962897781113 0.0 133.9450943297444 115.09728671967652 184.405873444457 161.17554849699061 199.15997742888604 168.94859533794883 205.23093811278267 196.8538089756267 201.34590567621507 213.53581107716454 145.56952863493717 171.92127433104878 193.17941038654268 69.728502886394 144.00999202204196 152.94156700771197 123.56802027293288 156.7984649047938 141.92842933599576 257.6659562823527 159.756962615712 154.1425269867034 209.71249816361427 162.70305912002604 155.24180280440854 180.83259555500578 165.95445873720175 114.47554024841122 213.83561697338774 139.81478826123285 142.98037206330068 100.6605239041902 132.23024291442118 151.19926178554158 201.67894097851354 159.43170850358916 198.646244553384 240.42278588227907 189.45880458237838 99.72358202854375 113.48802266052553 184.96671233323036 191.4439817235636 235.21782977665924 126.03805587147494 186.2728732474923 174.50141316216815 185.9607955514013 175.22234876666377 104.66582514495468 103.96818387709992 162.21935555373312 206.03267063733722 130.45224236987733 163.95691622505865 93.94547103297054 134.52218393923258 167.08245543668426 87.51161079974551 141.92842933599576 155.5134702738966 130.67273071818616 187.32776610422545 128.21501844092177 150.80436044152123 168.05185407744776 119.0801958636639 179.89311796380056 136.05687218951368 65.57706344529188 170.08784647612868 138.43523282564558 170.83018892338305 139.85922964073336 104.66582514495468 198.6906428031839 196.02117870126665 198.6440847566838 217.85623010361994 219.08201921164272 104.67411334500815 137.54088705956866 176.74622775862738 184.34231249884607 116.33275141153892 128.21501844092177 96.52394190727418
148.49278643370062 183.23237567824506 232.33047527027213 118.40128570813387 126.49021744408869 214.66229751028936 184.53396183641817 187.41885629450036 104.38950184032491 245.5693066333881 188.8693301052354 147.8573079902807 133.9450943297444 0.0 161.05055236622152 148.64324405401533 151.05549512159695 117.96021706938029 99.85533797845608 175.75212167227707 129.0813787067638 188.67312089940935 172.44052452685668 184.405873444457 121.98357271919001 153.82712537317158 182.62272454389637 136.1087995524259 142.98037206330068 223.2504099228594 137.6114295834676 115.55740004368275 33.544755181664485 188.8693301052354 126.25300498885768 161.92464964535023 159.50029021922495 210.79846034459965 233.92253726562922 170.59632096193096 133.73571339716767 263.7226496524198 210.66552793845358 145.96303752616976 94.67205573586335 139.63041062935574 214.66229751028936 217.85623010361994 168.8578524948096 209.53618817633824 116.9941222907625 181.1379196417571 200.76296499759974 67.01769660264348 248.3910023101771 149.8040156185373 129.09115177804978 105.22994527656597 77.2213714714932 183.23237567824506 97.78878792287853 187.96750475005405 218.49536222322678 229.64459683076805 112.2760667656952 196.8538089756267 159.0362393560413 153.60213309347 170.93976337680465 153.9466482658139 153.6671736240697 100.56375740774884 91.53219914621297 185.8642951184282 139.89644939885716 132.23024291442118 136.90820630565057 168.09001232369195 201.60104391176162 110.38260302161689 158.8355663101847 206.799294651447 157.9717759784912 110.38260302161689 140.2239256345005 210.69411861983923 190.773943100884 209.71249816361427 228.26136564066147 191.2279397154693 156.2977187021742 105.20845444323786 163.9641339171299 104.64265751040051 205.44571617725657 157.65004477884773 69.54872817903583 206.42527998572436 109.41222042171977 127.26521710399444
114.82102327333646 54.29496551658234 169.56389473385426 100.55087312301127 215.897515066318 183.5166006608472 175.82200502912733 136.49488718771974 166.10626355950524 185.9607955514013 123.63348921058537 109.44125760469947 115.09728671967652 161.05055236622152 0.0 132.95227139242468 189.98710237853987 119.62033903052568 103.04337176560128 120.5693871420291 183.04886164656023 66.88355682757035 99.92965055158302 91.53219914621297 77.77167985972335 77.20582864723602 104.96821011863639 231.56656139250543 206.42527998572436 109.44125760469947 143.13620342524953 161.06589661062563 113.79619142843245 173.34243091945848 203.45111069987314 128.86170649118532 115.93434293351294 80.16538166203031 116.9941222907625 164.84121895844652 250.71077720089406 159.0087345563266 170.16077288546387 129.07413193394936 187.41885629450036 154.33121787336222 182.5170842538082 132.95789918771052 120.36630331246904 153.79416978178418 140.19568644369815 181.67978765787603 201.33771597975576 103.16620573581844 169.90093063446088 108.77014536785416 213.70351856149168 149.65115942072669 161.17554849699061 141.64682144924365 196.0271142095183 248.00811121986834 175.92183988905782 145.4896199707024 238.63991347192444 78.89706347734301 168.52313445478796 175.8335072558757 136.6052654479957 126.78373983599946 136.78748001651644 203.99871958489385 197.31090167373708 170.73128848941323 158.01719250626374 103.96818387709992 179.49666038389063 89.73175604656916 147.87689819765524 185.9607955514013 131.74589362890853 175.05245252568542 122.81732406504837 162.70305912002604 163.72423386733703 132.3772962788716 179.0689862709104 147.8573079902807 164.25701554509237 79.3980380106429 172.59034842482595 142.74236422604292 132.74925339399684 165.77174179977342 160.73524225701522 142.23509712857663 160.85069919294304 170.87650343448968 191.9692333317813 208.91216920657007
113.01925801904466 78.39616646351405 125.83220538550117 257.7275535335695 143.21966093178432 129.51766454838693 142.74236422604292 128.0750625016322 105.27686999275039 144.3776980565946 106.02621142256268 132.59213282767914 184.405873444457 148.64324405401533 132.95227139242468 0.0 133.52005241143468 166.8905961926496 180.95911163647122 103.16620573581844 187.32776610422545 191.08484654273587 105.22994527656597 145.64206922267235 261.85433435441 235.71987702641565 192.29106958243068 143.60546675182502 104.96821011863639 88.40693376860217 179.23922758080968 137.05721539013368 210.30111466075437 170.98665701664032 103.04337176560128 133.71346926872675 103.86359298981142 101.30192656024363 213.36165023559306 115.09728671967652 200.76296499759974 139.36304061334644 177.9126623857299 156.23339340756667 138.73837364948378 178.9693930308287 214.66229751028936 146.42905373942804 297.2700554602792 226.7179978028443 77.39855637549425 198.6440847566838 212.433581973686 110.80063031794258 175.89496813508626 113.61602091827967 154.8520934893701 166.449983642396 125.41474400575166 115.93434293351294 104.67411334500815 114.32742823130704 240.27824549687296 218.01735866542583 107.65735057471173 80.16538166203031 160.2043102034314 122.71419673078618 78.11775509141536 90.63578052696548 161.30223919292092 186.2728732474923 83.70547287699775 159.0362393560413 174.36598403966633 173.16947157569578 187.4576891481797 96.39776592448717 117.29238335035895 170.59632096193096 79.92170520240832 127.9958702321548 105.55869679833455 93.40492742218707 192.29106958243068 148.01803489885285 232.97330733570016 151.41988309144435 121.98357271919001 152.05426788589565 164.8002098750671 88.98729754641045 145.13424564095794 193.26699254389712 84.11538400427136 78.80949737404391 182.0597870084933 110.80063031794258 139.12249988936054 171.31885917577242
170.16077288546387 125.41474400575166 190.66268354242615 121.66433613517668 126.78373983599946 162.64981498482965 173.1231309277261 195.69548064569892 205.40958171610035 124.49997780700384 114.40863532945048 223.9355745496619 161.17554849699061 151.05549512159695 189.98710237853987 133.52005241143468 0.0 101.29575848359204 25.156486440707837 240.21112792169816 167.53014442913303 138.4925246220855 133.92744301633064 99.02578839330866 33.857495430363926 154.39995549993458 166.10626355950524 135.312000283152 139.63041062935574 238.63991347192444 179.23922758080968 138.69273444343804 155.42116508570243 120.61469004436769 121.6229698723686 69.54872817903583 69.12532610143188 285.23504038144586 189.98710237853987 217.2961243549189 160.4906454978777 152.3560905079933 170.73128848941323 233.92253726562922 272.4354250955723 65.03878153249705 149.87351356017447 140.33160142715238 72.78989634752676 205.14300483509584 188.4867242527233 211.43771627672464 159.756962615712 98.20444796237939 150.80436044152123 153.6671736240697 80.16538166203031 144.00999202204196 195.75132134976946 191.55709060777886 121.57046845223272 154.33121787336222 195.69548064569892 189.98710237853987 103.86359298981142 161.06589661062563 96.52394190727418 98.44331996208383 207.77320519602023 132.78238479367147 169.04379944770227 125.82792275746058 174.3818050322643 137.22620896353163 163.65730949047003 136.14636543828024 230.28086001530596 240.15441772024067 112.62712439711795 107.71962897781113 120.43837821590398 168.10451761381483 176.06627853368715 114.37823536606723 169.0415445564024 163.95691622505865 200.18839088681227 212.43606380333972 158.5557752971059 142.1531528516688 90.62618463636014 158.75734215053933 127.58869338633765 234.9388859220724 127.19029327203121 163.1123834677055 148.56036826718903 134.76232018387125 153.79416978178418 65.11967194487414
149.97718147868335 140.2239256345005 189.45880458237838 143.17388844601103 145.4896199707024 185.9607955514013 165.55692913509026 239.7413808720044 181.1379196417571 136.91777355283057 148.66567586101186 122.76990543810945 199.15997742888604 117.96021706938029 119.62033903052568 166.8905961926496 101.29575848359204 0.0 101.30192656024363 213.83561697338774 182.9248330300441 179.12827433755825 146.42905373942804 100.48493537983194 162.13048534711606 123.26594622409172 117.63525629050386 123.72999192765008 123.8187238567767 138.8331778732863 140.9769128870233 108.77014536785416 233.92253726562922 104.66582514495468 150.95836119293702 166.84454633761612 100.73906519691381 61.60563926715807 120.43837821590398 158.01719250626374 174.00622056870296 149.92527808181293 127.66094049719038 157.90435891207886 108.09894108842698 104.03891558707654 134.64897103865897 180.89428330867747 121.07833712216407 213.09058546578507 86.21195430878805 142.96039989313752 151.05549512159695 112.62944240681998 104.67411334500815 194.17384563880728 129.47057696745426 158.15309913322196 100.01253548049506 181.70112742789402 208.0003577899023 158.15119602457779 186.87639976554303 105.91980504579783 122.71419673078618 113.49993801084166 154.52892652147514 172.58229733698354 105.55869679833455 210.05225209557477 168.52313445478796 86.33670943283772 110.37115001941595 131.67934671173845 153.76214580992342 193.17941038654268 132.74925339399684 232.33047527027213 147.6127707817011 146.7742806852551 173.16269960275326 239.4479968354587 190.30904942833268 153.85760487727808 153.60213309347 136.2939108074073 143.6829698899543 129.41592049748763 127.43759964673487 139.31685190556954 248.3887839415733 205.13179797815926 139.25746893019675 159.1305701419055 100.61348040457443 128.99362359038537 125.28339958399245 141.5803608520547 198.646244553384 210.16048757643435
74.51972389027272 165.68083976043678 190.85480554836386 101.03020599226201 116.01982778621772 188.95522480050232 123.04035088836724 202.29502588904563 179.57707088736726 229.79415543466988 162.26444427710902 82.23959173345042 168.94859533794883 99.85533797845608 103.04337176560128 180.95911163647122 25.156486440707837 101.30192656024363 0.0 205.37429778165122 145.56952863493717 147.87689819765524 163.65730949047003 155.91668842601734 185.31854390827112 138.20677388699673 160.26959645167608 104.55600208126725 136.12895793918716 223.85444989205257 25.156486440707837 96.52394190727418 145.96303752616976 171.6959467036821 128.68283923827994 169.0415445564024 212.7235569621854 104.66582514495468 247.1948915629751 186.5770331926116 150.1333112572388 120.2178886012759 181.49996854448713 57.237400339148294 191.63440574153364 100.6605239041902 195.69548064569892 211.43771627672464 36.75819811411604 142.96990386677044 146.78081949644044 84.11538400427136 145.96303752616976 248.3887839415733 153.79416978178418 88.49265973019476 131.7582512089856 205.14300483509584 169.6807276189057 153.88790438965358 133.71346926872675 151.3805670577982 174.50141316216815 119.68675524697923 207.22137320442218 138.73837364948378 255.7772113027596 115.93434293351294 212.4076246134467 94.20672609842089 263.7226496524198 209.53618817633824 146.42070311853976 109.40727206285251 94.47186182259684 199.13103265361255 141.0574186593763 228.26136564066147 98.20444796237939 190.0921837637367 213.83561697338774 133.9450943297444 161.36968587845303 219.05989393786962 138.84627287930948 169.90093063446088 166.3779862989507 130.45224236987733 165.0060967695071 119.69645818168905 161.92464964535023 214.56832199412503 125.41474400575166 265.04860948647917 142.74236422604292 176.97173323891016 129.31520833654042 117.037706407928 120.78757122598984 172.0035421799678
155.5134702738966 144.06955171623133 148.49278643370062 145.45398400311296 205.40958171610035 154.86664977190645 63.174342501490486 145.64206922267235 226.99738706604523 195.67749773318317 121.6229698723686 118.07291302095939 205.23093811278267 175.75212167227707 120.5693871420291 103.16620573581844 240.21112792169816 213.83561697338774 205.37429778165122 0.0 123.26594622409172 78.80949737404391 161.06589661062563 60.41910095188683 240.27824549687296 172.38469098546062 172.58229733698354 128.88377394338983 165.77174179977342 113.00123587053452 137.03850608114286 192.29106958243068 193.92556672948442 212.4076246134467 130.45224236987733 247.3014898032554 197.92935253999622 182.25037261106797 237.0079000895806 69.54872817903583 144.57102795177653 63.99134481782423 165.0060967695071 69.728502886394 112.83510998270694 142.36806762387226 101.25591993924627 150.44919820780063 113.56894054007749 155.91668842601734 202.20838343383664 131.27972492680277 120.95416434992822 96.39776592448717 135.0312464387897 157.9717759784912 174.47142039448778 159.38141347174297 61.42866098671345 243.4958495585638 192.0379757031768 212.4076246134467 119.49315641654655 153.2280648119834 146.34080915916084 12.754532584443155 141.41264457960875 193.92556672948442 110.61205634243123 104.96821011863639 140.91170590308235 147.21182006937835 151.1933914512386 224.03572782065436 185.88966642660785 196.2133238746151 128.12237999593745 207.77320519602023 171.93823266991544 115.34095540957212 145.30118350489354 80.64504569198273 257.7275535335695 244.03050723088455 144.06955171623133 131.67934671173845 151.93907848705467 147.9119432423639 136.97386644028927 181.27402296175435 110.61205634243123 145.0754249418112 174.36598403966633 154.39995549993458 100.59561828216398 131.13448357002304 187.46933641644955 105.91980504579783 209.84935565463314 205.40958171610035
183.5166006608472 171.47684777924695 124.58585297571705 86.86733975043867 112.55226145203885 151.80335211894464 203.18920328262013 183.12905915201387 172.22986292367716 206.86565750466656 77.77167985972335 173.06155091810496 196.8538089756267 129.0813787067638 183.04886164656023 187.32776610422545 167.53014442913303 182.9248330300441 145.56952863493717 123.26594622409172 0.0 117.91985088173763 196.9396265922282 124.58585297571705 110.38260302161689 121.51248564920891 162.5263294399617 222.41812068246895 158.03984834542533 111.46642351786339 86.33670943283772 245.92092572910502 208.26182161236662 142.36806762387226 132.62822307104054 202.53287051913813 215.19302156509093 146.14214947517777 146.58984097993195 153.79416978178418 193.04995506156837 144.666556057413 136.49488718771974 70.65266376983132 121.99398671991347 177.08424713766317 105.86934369118114 158.75734215053933 130.29619975659085 140.2239256345005 173.78234162859172 166.88298956804832 135.45712420504742 241.09311949646087 210.05225209557477 120.36630331246904 151.6161299291329 243.46667806056843 128.86170649118532 169.58030964544386 171.65008621394054 107.37538773317874 186.2790871166634 80.12195555306795 120.36630331246904 212.30646394727484 203.85404207087174 217.55617714393898 131.93408344158465 168.5987177077481 141.41264457960875 177.6966362484228 208.2221269620035 200.01733312950665 195.83823741229844 240.15441772024067 137.65098998620343 188.47056300994558 81.54134754756546 162.82054794350623 175.22234876666377 120.5693871420291 151.23862544043345 142.23509712857663 120.2399449190084 67.65850993868911 123.45150236658561 164.90787849344807 204.72381052568312 117.29238335035895 126.05253349872959 115.93434293351294 238.0439013642242 187.41885629450036 75.07608241952194 96.52394190727418 181.11410033268055 202.53287051913813 146.15055745469962 164.25701554509237
