100
0.0 45.64263293789974 82.94749282204066 70.90621662337622 17.27632564050063 57.364161621787716 20.319526436311964 46.09132279732457 98.12629607492437 50.79842467085645 28.162008948219928 55.67693148293617 36.676732716227036 78.16727588435805 58.004859413461666 34.457913045522 57.05978342628773 11.397332802255363 87.55852606941511 58.70100511454537 25.05407823273821 81.94587762053789 5.905403114980658 48.7336497610147 20.93478295622623 82.94749282204066 25.05407823273821 25.01655130310442 78.16727588435805 41.83280074349575 59.167939197702424 28.162008948219928 17.954775447099202 58.42198731780893 46.19376199328825 45.03640298151728 55.67693148293617 48.7336497610147 82.25898904184433 43.09429441996914 70.69997049274413 14.570276901572257 25.01655130310442 82.94749282204066 68.42062038434395 48.01445108361436 14.678840813140937 20.319526436311964 48.17858794146428 46.5475659324593 62.33115168168784 50.99830844634339 58.32033827504743 78.47859305847265 11.397332802255363 84.77080924087926 59.167939197702424 63.01127431446423 44.717007580760225 36.63162507054648 36.676732716227036 17.954775447099202 78.16727588435805 84.77080924087926 98.12629607492437 57.98068205850819 78.31777819512655 34.457913045522 98.12629607492437 5.905403114980658 58.70100511454537 48.979528582537185 46.19376199328825 78.47859305847265 57.05978342628773 15.467581230835904 52.68252109420854 63.01127431446423 3.158319105880068 56.70105406297593 68.42062038434395 70.69997049274413 28.365579805053372 22.013477169665613 56.70105406297593 30.721326195459312 58.42198731780893 46.19376199328825 57.98068205850819 87.66913963021108 58.70100511454537 5.905403114980658 47.4202279602422 78.47859305847265 45.03640298151728 41.10298058182616 58.42198731780893 45.03640298151728 3.158319105880068 55.67693148293617
45.64263293789974 0.0 14.953479827047914 49.59829045325112 11.397332802255363 56.70105406297593 55.67693148293617 46.163559681807826 71.18535507137966 50.051245747916944 20.93478295622623 49.84591013375373 78.16727588435805 25.05407823273821 84.77080924087926 48.7336497610147 48.01445108361436 63.01127431446423 81.25947327359205 81.25947327359205 62.15437692520736 48.7336497610147 57.05978342628773 84.77080924087926 57.05978342628773 36.63162507054648 48.17858794146428 87.55852606941511 27.908771716899807 5.905403114980658 37.769267281288 20.319526436311964 14.570276901572257 25.05407823273821 36.676732716227036 84.66739861016879 58.70100511454537 34.728693705981826 50.79842467085645 47.23624357888098 34.728693705981826 27.908771716899807 81.94587762053789 41.83280074349575 50.051245747916944 71.18535507137966 50.79842467085645 87.55852606941511 50.99830844634339 78.31777819512655 84.66739861016879 83.61144271436066 58.70100511454537 58.70100511454537 83.60064232245084 46.09132279732457 28.365579805053372 38.22892596203257 57.364161621787716 98.12629607492437 66.28007115475293 70.69997049274413 38.22892596203257 22.013477169665613 48.00561964358186 57.05978342628773 58.32033827504743 83.61144271436066 52.857094446848606 46.08716385617195 45.64263293789974 68.42062038434395 45.03640298151728 58.70100511454537 46.15311888337391 87.66913963021108 38.22892596203257 81.25947327359205 11.397332802255363 37.35164312917742 56.70105406297593 67.00941857404672 47.4202279602422 66.28007115475293 61.858637270113924 70.69997049274413 49.59829045325112 70.69997049274413 37.769267281288 70.90621662337622 83.60064232245084 62.15437692520736 53.737040086738595 81.25947327359205 78.47859305847265 48.7336497610147 3.158319105880068 55.67693148293617 68.42062038434395 43.09429441996914
82.94749282204066 14.953479827047914 0.0 57.05978342628773 46.15311888337391 74.37106123817188 14.678840813140937 61.858637270113924 31.201726843055127 56.70105406297593 81.94587762053789 83.60064232245084 27.908771716899807 70.69997049274413 71.18535507137966 52.68252109420854 46.5475659324593 48.00561964358186 3.158319105880068 57.05978342628773 46.09132279732457 83.60064232245084 52.68252109420854 81.25947327359205 36.63162507054648 37.35164312917742 71.18535507137966 81.25947327359205 11.397332802255363 14.678840813140937 57.364161621787716 58.42198731780893 82.25898904184433 46.5475659324593 34.457913045522 52.68252109420854 48.01445108361436 41.83280074349575 82.25898904184433 61.816881527185075 71.18535507137966 41.10298058182616 46.52417065799504 44.717007580760225 48.7336497610147 78.16727588435805 33.14894252375716 11.397332802255363 80.72288133608174 55.70743788790078 55.67693148293617 36.63162507054648 20.319526436311964 57.364161621787716 48.17858794146428 68.42062038434395 41.10298058182616 46.19376199328825 50.051245747916944 33.14894252375716 45.03640298151728 62.15437692520736 46.163559681807826 41.10298058182616 20.93478295622623 58.004859413461666 84.77080924087926 67.00941857404672 49.84591013375373 78.16727588435805 3.158319105880068 50.051245747916944 47.4202279602422 37.769267281288 49.59829045325112 25.05407823273821 58.004859413461666 61.858637270113924 62.15437692520736 81.25947327359205 71.18535507137966 28.162008948219928 82.25898904184433 52.857094446848606 48.00561964358186 20.319526436311964 62.15437692520736 37.769267281288 11.397332802255363 43.09429441996914 47.23624357888098 46.19376199328825 71.18535507137966 82.25898904184433 62.33115168168784 29.936448735405737 46.09132279732457 48.00561964358186 58.42198731780893 45.03640298151728
70.90621662337622 49.59829045325112 57.05978342628773 0.0 25.05407823273821 28.162008948219928 30.721326195459312 53.25676202681297 50.99830844634339 81.94587762053789 48.01445108361436 84.66739861016879 33.14894252375716 78.16727588435805 81.94587762053789 81.94587762053789 25.01655130310442 3.158319105880068 46.163559681807826 58.004859413461666 17.954775447099202 34.728693705981826 38.22892596203257 62.15437692520736 48.17858794146428 41.83280074349575 68.42062038434395 70.69997049274413 98.12629607492437 55.70743788790078 14.678840813140937 25.05407823273821 63.72523107767633 53.737040086738595 66.28007115475293 44.717007580760225 55.70743788790078 78.31777819512655 58.32033827504743 88.19138397354212 87.66913963021108 45.31915852355547 78.31777819512655 87.66913963021108 17.954775447099202 58.004859413461666 87.66913963021108 53.25676202681297 59.167939197702424 57.98068205850819 17.27632564050063 66.28007115475293 41.10298058182616 87.55852606941511 44.717007580760225 68.42062038434395 50.79842467085645 50.79842467085645 88.19138397354212 52.68252109420854 70.90621662337622 22.013477169665613 45.03640298151728 20.93478295622623 25.05407823273821 25.05407823273821 52.68252109420854 31.201726843055127 36.63162507054648 58.70100511454537 30.721326195459312 46.5475659324593 46.5475659324593 56.70105406297593 48.7336497610147 48.17858794146428 70.90621662337622 28.162008948219928 48.00561964358186 37.35164312917742 49.59829045325112 74.37106123817188 83.61144271436066 53.25676202681297 58.70100511454537 62.33115168168784 62.33115168168784 14.953479827047914 84.66739861016879 87.66913963021108 67.63796064681247 62.33115168168784 46.163559681807826 98.12629607492437 36.676732716227036 78.16727588435805 44.717007580760225 84.66739861016879 48.7336497610147 82.94749282204066
17.27632564050063 11.397332802255363 46.15311888337391 25.05407823273821 0.0 17.954775447099202 47.23624357888098 20.319526436311964 15.467581230835904 37.769267281288 56.70105406297593 34.457913045522 58.42198731780893 34.457913045522 28.365579805053372 37.769267281288 36.676732716227036 48.17858794146428 29.936448735405737 43.09429441996914 45.03640298151728 17.954775447099202 78.16727588435805 48.979528582537185 30.721326195459312 58.70100511454537 55.70743788790078 28.365579805053372 84.66739861016879 3.158319105880068 45.03640298151728 30.721326195459312 36.63162507054648 45.64263293789974 68.42062038434395 43.09429441996914 11.397332802255363 14.570276901572257 25.01655130310442 48.00561964358186 55.70743788790078 46.163559681807826 15.467581230835904 49.59829045325112 48.00561964358186 81.25947327359205 81.94587762053789 87.55852606941511 57.364161621787716 34.728693705981826 14.953479827047914 83.61144271436066 11.397332802255363 48.17858794146428 58.004859413461666 58.70100511454537 63.01127431446423 38.22892596203257 28.365579805053372 47.4202279602422 61.816881527185075 20.93478295622623 22.013477169665613 58.004859413461666 37.769267281288 50.051245747916944 74.37106123817188 48.17858794146428 78.31777819512655 34.457913045522 58.004859413461666 22.013477169665613 74.37106123817188 67.00941857404672 88.19138397354212 57.364161621787716 70.90621662337622 68.42062038434395 3.158319105880068 47.4202279602422 82.25898904184433 62.33115168168784 28.162008948219928 57.364161621787716 45.64263293789974 81.25947327359205 25.05407823273821 31.201726843055127 49.84591013375373 50.99830844634339 37.769267281288 78.47859305847265 22.013477169665613 70.69997049274413 20.319526436311964 3.158319105880068 52.68252109420854 52.68252109420854 50.051245747916944 58.70100511454537
57.364161621787716 56.70105406297593 74.37106123817188 28.162008948219928 17.954775447099202 0.0 55.70743788790078 87.55852606941511 52.68252109420854 20.319526436311964 58.42198731780893 17.954775447099202 47.23624357888098 52.857094446848606 36.676732716227036 57.98068205850819 50.051245747916944 46.19376199328825 50.051245747916944 82.25898904184433 49.84591013375373 49.59829045325112 53.737040086738595 70.90621662337622 57.364161621787716 46.09132279732457 58.32033827504743 22.013477169665613 36.676732716227036 46.163559681807826 78.16727588435805 45.31915852355547 30.721326195459312 63.72523107767633 36.676732716227036 58.32033827504743 38.22892596203257 49.59829045325112 58.32033827504743 83.61144271436066 46.52417065799504 78.47859305847265 82.94749282204066 5.905403114980658 48.01445108361436 38.22892596203257 20.319526436311964 22.013477169665613 45.31915852355547 14.678840813140937 25.01655130310442 45.64263293789974 82.94749282204066 20.319526436311964 30.721326195459312 50.051245747916944 48.7336497610147 22.013477169665613 45.03640298151728 84.66739861016879 48.7336497610147 25.05407823273821 46.52417065799504 46.5475659324593 63.01127431446423 98.12629607492437 14.953479827047914 7.916043450653106 53.737040086738595 46.163559681807826 52.68252109420854 78.16727588435805 58.004859413461666 58.004859413461666 71.18535507137966 45.03640298151728 83.61144271436066 61.816881527185075 61.816881527185075 59.167939197702424 55.67693148293617 48.17858794146428 20.93478295622623 66.28007115475293 66.28007115475293 48.17858794146428 27.908771716899807 45.31915852355547 46.5475659324593 58.70100511454537 50.051245747916944 57.98068205850819 87.66913963021108 49.84591013375373 74.37106123817188 58.004859413461666 67.00941857404672 47.23624357888098 15.467581230835904 41.83280074349575
20.319526436311964 55.67693148293617 14.678840813140937 30.721326195459312 47.23624357888098 55.70743788790078 0.0 29.936448735405737 46.163559681807826 57.05978342628773 14.678840813140937 81.25947327359205 44.717007580760225 41.10298058182616 83.61144271436066 66.28007115475293 50.99830844634339 46.15311888337391 37.35164312917742 48.17858794146428 78.16727588435805 46.08716385617195 46.5475659324593 28.365579805053372 14.953479827047914 70.90621662337622 20.93478295622623 61.858637270113924 46.08716385617195 62.15437692520736 57.05978342628773 17.954775447099202 11.397332802255363 50.051245747916944 67.63796064681247 78.16727588435805 11.397332802255363 70.90621662337622 31.201726843055127 17.954775447099202 70.69997049274413 82.94749282204066 87.55852606941511 82.94749282204066 27.908771716899807 17.27632564050063 78.31777819512655 33.14894252375716 57.364161621787716 20.319526436311964 58.42198731780893 5.905403114980658 87.66913963021108 56.70105406297593 17.954775447099202 44.717007580760225 58.004859413461666 53.737040086738595 3.158319105880068 62.33115168168784 53.25676202681297 27.908771716899807 81.94587762053789 63.72523107767633 3.158319105880068 14.953479827047914 48.17858794146428 34.457913045522 5.905403114980658 46.163559681807826 50.051245747916944 84.77080924087926 88.19138397354212 38.22892596203257 48.979528582537185 43.09429441996914 58.70100511454537 58.42198731780893 28.365579805053372 47.23624357888098 47.4202279602422 57.364161621787716 83.61144271436066 5.905403114980658 27.908771716899807 46.15311888337391 71.18535507137966 31.201726843055127 31.201726843055127 45.31915852355547 50.99830844634339 31.201726843055127 70.90621662337622 57.364161621787716 29.936448735405737 58.004859413461666 58.004859413461666 58.004859413461666 46.19376199328825 57.364161621787716
46.09132279732457 46.163559681807826 61.858637270113924 53.25676202681297 20.319526436311964 87.55852606941511 29.936448735405737 0.0 45.31915852355547 48.7336497610147 59.167939197702424 28.365579805053372 66.28007115475293 88.19138397354212 41.10298058182616 48.00561964358186 68.42062038434395 25.01655130310442 63.72523107767633 48.00561964358186 37.769267281288 48.17858794146428 67.00941857404672 37.35164312917742 45.64263293789974 11.397332802255363 41.10298058182616 50.99830844634339 7.916043450653106 81.25947327359205 36.63162507054648 62.15437692520736 45.31915852355547 50.051245747916944 30.721326195459312 63.01127431446423 20.93478295622623 50.79842467085645 67.00941857404672 20.93478295622623 84.77080924087926 58.42198731780893 15.467581230835904 55.67693148293617 57.364161621787716 82.25898904184433 48.01445108361436 31.201726843055127 67.00941857404672 78.47859305847265 53.25676202681297 78.16727588435805 58.004859413461666 82.94749282204066 70.90621662337622 52.857094446848606 15.467581230835904 3.158319105880068 11.397332802255363 44.717007580760225 48.01445108361436 38.22892596203257 14.953479827047914 52.857094446848606 58.32033827504743 41.83280074349575 46.15311888337391 46.09132279732457 48.17858794146428 78.16727588435805 67.63796064681247 14.953479827047914 20.319526436311964 70.90621662337622 25.01655130310442 55.67693148293617 61.816881527185075 68.42062038434395 52.68252109420854 46.5475659324593 37.769267281288 74.37106123817188 44.717007580760225 22.013477169665613 57.05978342628773 48.00561964358186 82.94749282204066 58.42198731780893 7.916043450653106 41.83280074349575 83.61144271436066 68.42062038434395 50.79842467085645 28.365579805053372 45.03640298151728 87.66913963021108 41.10298058182616 29.936448735405737 37.35164312917742 25.01655130310442
98.12629607492437 71.18535507137966 31.201726843055127 50.99830844634339 15.467581230835904 52.68252109420854 46.163559681807826 45.31915852355547 0.0 80.72288133608174 37.769267281288 36.63162507054648 25.05407823273821 82.25898904184433 50.79842467085645 70.69997049274413 81.94587762053789 25.05407823273821 52.857094446848606 28.365579805053372 17.954775447099202 46.08716385617195 55.70743788790078 78.16727588435805 78.31777819512655 34.457913045522 45.31915852355547 61.858637270113924 25.01655130310442 48.7336497610147 46.19376199328825 41.10298058182616 84.66739861016879 53.737040086738595 14.953479827047914 45.31915852355547 59.167939197702424 55.67693148293617 81.94587762053789 20.93478295622623 81.25947327359205 53.737040086738595 62.33115168168784 70.90621662337622 20.93478295622623 48.17858794146428 45.31915852355547 81.25947327359205 37.35164312917742 87.55852606941511 28.365579805053372 63.72523107767633 46.19376199328825 48.979528582537185 53.25676202681297 48.01445108361436 22.013477169665613 68.42062038434395 25.01655130310442 66.28007115475293 81.94587762053789 45.31915852355547 46.52417065799504 83.60064232245084 52.68252109420854 57.364161621787716 46.15311888337391 53.737040086738595 74.37106123817188 66.28007115475293 83.60064232245084 67.00941857404672 66.28007115475293 45.31915852355547 50.79842467085645 41.83280074349575 82.94749282204066 47.4202279602422 15.467581230835904 48.7336497610147 45.31915852355547 88.19138397354212 28.162008948219928 25.05407823273821 53.25676202681297 25.01655130310442 14.570276901572257 22.013477169665613 15.467581230835904 46.52417065799504 41.10298058182616 14.570276901572257 46.09132279732457 49.84591013375373 70.90621662337622 50.79842467085645 48.979528582537185 67.63796064681247 71.18535507137966 57.05978342628773
50.79842467085645 50.051245747916944 56.70105406297593 81.94587762053789 37.769267281288 20.319526436311964 57.05978342628773 48.7336497610147 80.72288133608174 0.0 61.858637270113924 66.28007115475293 50.99830844634339 56.70105406297593 46.15311888337391 53.737040086738595 48.01445108361436 61.816881527185075 81.94587762053789 50.99830844634339 25.05407823273821 47.23624357888098 84.66739861016879 56.70105406297593 58.70100511454537 3.158319105880068 48.01445108361436 50.79842467085645 14.678840813140937 62.15437692520736 27.908771716899807 47.4202279602422 57.05978342628773 53.25676202681297 45.03640298151728 43.09429441996914 29.936448735405737 53.737040086738595 17.27632564050063 55.70743788790078 78.16727588435805 78.47859305847265 61.816881527185075 81.25947327359205 46.15311888337391 46.5475659324593 41.10298058182616 68.42062038434395 45.03640298151728 25.05407823273821 70.90621662337622 50.79842467085645 3.158319105880068 62.33115168168784 53.737040086738595 58.70100511454537 5.905403114980658 45.64263293789974 52.857094446848606 83.61144271436066 14.678840813140937 14.953479827047914 36.63162507054648 52.68252109420854 20.319526436311964 50.051245747916944 14.678840813140937 5.905403114980658 17.954775447099202 52.68252109420854 52.857094446848606 27.908771716899807 71.18535507137966 49.84591013375373 48.17858794146428 62.33115168168784 41.10298058182616 56.70105406297593 11.397332802255363 33.14894252375716 48.7336497610147 47.23624357888098 48.7336497610147 53.737040086738595 81.25947327359205 47.23624357888098 45.64263293789974 83.61144271436066 48.00561964358186 41.10298058182616 49.59829045325112 58.70100511454537 78.47859305847265 66.28007115475293 50.051245747916944 58.70100511454537 48.979528582537185 66.28007115475293 48.979528582537185 81.25947327359205
28.162008948219928 20.93478295622623 81.94587762053789 48.01445108361436 56.70105406297593 58.42198731780893 14.678840813140937 59.167939197702424 37.769267281288 61.858637270113924 0.0 17.954775447099202 50.99830844634339 20.93478295622623 80.72288133608174 41.10298058182616 20.93478295622623 63.72523107767633 67.63796064681247 46.52417065799504 20.93478295622623 84.77080924087926 88.19138397354212 83.60064232245084 44.717007580760225 5.905403114980658 48.01445108361436 55.70743788790078 25.05407823273821 82.25898904184433 83.61144271436066 30.721326195459312 17.954775447099202 78.31777819512655 53.737040086738595 36.63162507054648 52.68252109420854 83.61144271436066 63.72523107767633 62.33115168168784 74.37106123817188 56.70105406297593 55.70743788790078 20.319526436311964 46.52417065799504 81.25947327359205 52.857094446848606 57.05978342628773 98.12629607492437 78.47859305847265 98.12629607492437 45.03640298151728 57.364161621787716 45.03640298151728 88.19138397354212 98.12629607492437 88.19138397354212 55.70743788790078 53.737040086738595 48.01445108361436 57.05978342628773 82.25898904184433 43.09429441996914 83.61144271436066 82.25898904184433 49.59829045325112 5.905403114980658 44.717007580760225 7.916043450653106 45.64263293789974 55.67693148293617 84.66739861016879 82.94749282204066 67.63796064681247 50.99830844634339 61.858637270113924 62.15437692520736 37.769267281288 78.47859305847265 58.70100511454537 28.162008948219928 58.70100511454537 31.201726843055127 52.857094446848606 45.31915852355547 61.816881527185075 55.70743788790078 46.09132279732457 61.858637270113924 68.42062038434395 31.201726843055127 58.42198731780893 46.163559681807826 83.61144271436066 46.163559681807826 25.01655130310442 50.79842467085645 50.99830844634339 63.72523107767633 7.916043450653106
55.67693148293617 49.84591013375373 83.60064232245084 84.66739861016879 34.457913045522 17.954775447099202 81.25947327359205 28.365579805053372 36.63162507054648 66.28007115475293 17.954775447099202 0.0 83.61144271436066 57.98068205850819 27.908771716899807 63.01127431446423 50.79842467085645 74.37106123817188 61.816881527185075 84.66739861016879 7.916043450653106 25.05407823273821 34.457913045522 47.23624357888098 50.79842467085645 48.979528582537185 31.201726843055127 63.01127431446423 83.61144271436066 78.16727588435805 87.55852606941511 57.05978342628773 88.19138397354212 47.4202279602422 50.79842467085645 55.67693148293617 46.5475659324593 17.954775447099202 84.77080924087926 62.15437692520736 67.00941857404672 56.70105406297593 70.69997049274413 44.717007580760225 80.72288133608174 83.61144271436066 53.737040086738595 28.162008948219928 56.70105406297593 80.72288133608174 58.32033827504743 45.03640298151728 17.27632564050063 46.09132279732457 15.467581230835904 45.03640298151728 14.570276901572257 14.953479827047914 17.954775447099202 82.25898904184433 53.25676202681297 45.03640298151728 7.916043450653106 28.162008948219928 48.7336497610147 70.90621662337622 46.163559681807826 46.5475659324593 37.35164312917742 3.158319105880068 57.364161621787716 78.47859305847265 34.457913045522 14.953479827047914 17.27632564050063 46.15311888337391 15.467581230835904 36.676732716227036 28.162008948219928 46.5475659324593 57.05978342628773 57.364161621787716 46.5475659324593 67.63796064681247 82.94749282204066 67.63796064681247 55.70743788790078 28.365579805053372 37.769267281288 30.721326195459312 33.14894252375716 36.676732716227036 48.7336497610147 63.72523107767633 67.00941857404672 58.42198731780893 28.365579805053372 14.953479827047914 48.7336497610147 20.319526436311964
36.676732716227036 78.16727588435805 27.908771716899807 33.14894252375716 58.42198731780893 47.23624357888098 44.717007580760225 66.28007115475293 25.05407823273821 50.99830844634339 50.99830844634339 83.61144271436066 0.0 61.858637270113924 83.60064232245084 20.319526436311964 15.467581230835904 71.18535507137966 58.004859413461666 48.7336497610147 53.25676202681297 41.83280074349575 25.05407823273821 3.158319105880068 55.70743788790078 87.55852606941511 48.00561964358186 78.16727588435805 57.05978342628773 49.59829045325112 48.00561964358186 47.23624357888098 46.09132279732457 14.570276901572257 31.201726843055127 61.858637270113924 7.916043450653106 82.25898904184433 61.816881527185075 14.570276901572257 58.42198731780893 53.737040086738595 33.14894252375716 44.717007580760225 17.27632564050063 17.954775447099202 67.00941857404672 46.08716385617195 36.676732716227036 41.83280074349575 82.94749282204066 78.31777819512655 84.77080924087926 61.858637270113924 59.167939197702424 71.18535507137966 71.18535507137966 41.10298058182616 53.737040086738595 71.18535507137966 22.013477169665613 46.15311888337391 17.27632564050063 87.55852606941511 25.01655130310442 83.61144271436066 46.52417065799504 53.25676202681297 41.83280074349575 38.22892596203257 58.42198731780893 48.7336497610147 36.63162507054648 20.319526436311964 34.728693705981826 49.59829045325112 59.167939197702424 49.84591013375373 80.72288133608174 27.908771716899807 50.99830844634339 46.5475659324593 62.33115168168784 36.676732716227036 20.319526436311964 25.01655130310442 70.69997049274413 70.90621662337622 36.63162507054648 37.35164312917742 57.364161621787716 28.162008948219928 50.79842467085645 88.19138397354212 47.23624357888098 38.22892596203257 58.70100511454537 30.721326195459312 27.908771716899807 15.467581230835904
78.16727588435805 25.05407823273821 70.69997049274413 78.16727588435805 34.457913045522 52.857094446848606 41.10298058182616 88.19138397354212 82.25898904184433 56.70105406297593 20.93478295622623 57.98068205850819 61.858637270113924 0.0 46.09132279732457 37.35164312917742 50.051245747916944 25.05407823273821 68.42062038434395 49.59829045325112 59.167939197702424 46.08716385617195 50.051245747916944 28.162008948219928 58.004859413461666 71.18535507137966 62.15437692520736 14.953479827047914 48.17858794146428 78.31777819512655 45.03640298151728 25.01655130310442 28.365579805053372 28.162008948219928 66.28007115475293 46.52417065799504 46.19376199328825 28.365579805053372 83.61144271436066 58.32033827504743 61.816881527185075 58.32033827504743 15.467581230835904 50.99830844634339 67.63796064681247 47.23624357888098 78.47859305847265 67.63796064681247 5.905403114980658 15.467581230835904 63.01127431446423 98.12629607492437 59.167939197702424 68.42062038434395 82.25898904184433 47.4202279602422 48.7336497610147 57.98068205850819 81.94587762053789 48.00561964358186 17.27632564050063 82.25898904184433 46.5475659324593 48.979528582537185 88.19138397354212 15.467581230835904 55.67693148293617 48.01445108361436 47.4202279602422 68.42062038434395 14.678840813140937 25.01655130310442 83.61144271436066 88.19138397354212 46.08716385617195 45.03640298151728 38.22892596203257 14.678840813140937 87.66913963021108 46.15311888337391 63.72523107767633 41.83280074349575 74.37106123817188 20.93478295622623 62.15437692520736 74.37106123817188 57.364161621787716 68.42062038434395 27.908771716899807 71.18535507137966 67.00941857404672 50.79842467085645 48.7336497610147 34.728693705981826 56.70105406297593 48.01445108361436 53.25676202681297 36.63162507054648 14.678840813140937 41.10298058182616
58.004859413461666 84.77080924087926 71.18535507137966 81.94587762053789 28.365579805053372 36.676732716227036 83.61144271436066 41.10298058182616 50.79842467085645 46.15311888337391 80.72288133608174 27.908771716899807 83.60064232245084 46.09132279732457 0.0 11.397332802255363 15.467581230835904 41.83280074349575 3.158319105880068 84.77080924087926 87.55852606941511 30.721326195459312 25.01655130310442 25.01655130310442 46.5475659324593 53.25676202681297 62.15437692520736 45.64263293789974 45.03640298151728 14.953479827047914 45.03640298151728 22.013477169665613 11.397332802255363 20.93478295622623 83.60064232245084 33.14894252375716 81.94587762053789 63.01127431446423 82.25898904184433 48.7336497610147 46.19376199328825 34.457913045522 84.77080924087926 74.37106123817188 46.19376199328825 48.7336497610147 28.365579805053372 47.4202279602422 68.42062038434395 15.467581230835904 83.60064232245084 37.35164312917742 31.201726843055127 37.769267281288 11.397332802255363 17.27632564050063 28.162008948219928 36.63162507054648 87.66913963021108 50.79842467085645 38.22892596203257 57.98068205850819 49.84591013375373 57.364161621787716 41.10298058182616 44.717007580760225 14.678840813140937 45.31915852355547 30.721326195459312 47.4202279602422 98.12629607492437 56.70105406297593 61.816881527185075 84.66739861016879 46.09132279732457 82.25898904184433 34.457913045522 45.31915852355547 30.721326195459312 14.570276901572257 78.31777819512655 45.31915852355547 82.94749282204066 83.61144271436066 25.05407823273821 36.63162507054648 17.954775447099202 14.570276901572257 22.013477169665613 57.98068205850819 82.94749282204066 80.72288133608174 78.16727588435805 58.42198731780893 52.68252109420854 78.16727588435805 83.61144271436066 46.09132279732457 57.98068205850819 63.01127431446423
34.457913045522 48.7336497610147 52.68252109420854 81.94587762053789 37.769267281288 57.98068205850819 66.28007115475293 48.00561964358186 70.69997049274413 53.737040086738595 41.10298058182616 63.01127431446423 20.319526436311964 37.35164312917742 11.397332802255363 0.0 3.158319105880068 3.158319105880068 70.69997049274413 33.14894252375716 44.717007580760225 61.858637270113924 67.63796064681247 43.09429441996914 25.01655130310442 48.979528582537185 87.55852606941511 62.15437692520736 37.769267281288 59.167939197702424 48.979528582537185 67.00941857404672 48.17858794146428 20.319526436311964 53.737040086738595 46.5475659324593 17.954775447099202 43.09429441996914 14.678840813140937 58.42198731780893 74.37106123817188 25.01655130310442 46.52417065799504 46.5475659324593 88.19138397354212 5.905403114980658 29.936448735405737 27.908771716899807 74.37106123817188 14.678840813140937 58.70100511454537 38.22892596203257 17.27632564050063 71.18535507137966 59.167939197702424 87.55852606941511 20.93478295622623 52.857094446848606 57.364161621787716 48.7336497610147 45.03640298151728 45.64263293789974 43.09429441996914 17.954775447099202 20.93478295622623 46.15311888337391 71.18535507137966 78.31777819512655 41.83280074349575 48.979528582537185 68.42062038434395 48.01445108361436 46.09132279732457 83.61144271436066 11.397332802255363 53.25676202681297 57.98068205850819 14.570276901572257 20.319526436311964 46.163559681807826 36.676732716227036 46.19376199328825 25.05407823273821 36.676732716227036 58.70100511454537 17.954775447099202 88.19138397354212 61.858637270113924 80.72288133608174 11.397332802255363 27.908771716899807 52.68252109420854 74.37106123817188 27.908771716899807 29.936448735405737 30.721326195459312 14.570276901572257 31.201726843055127 67.00941857404672 17.954775447099202
57.05978342628773 48.01445108361436 46.5475659324593 25.01655130310442 36.676732716227036 50.051245747916944 50.99830844634339 68.42062038434395 81.94587762053789 48.01445108361436 20.93478295622623 50.79842467085645 15.467581230835904 50.051245747916944 15.467581230835904 3.158319105880068 0.0 48.7336497610147 87.55852606941511 88.19138397354212 46.08716385617195 52.68252109420854 49.84591013375373 48.00561964358186 47.4202279602422 83.60064232245084 61.858637270113924 61.816881527185075 56.70105406297593 17.27632564050063 57.98068205850819 78.47859305847265 63.01127431446423 38.22892596203257 66.28007115475293 28.365579805053372 7.916043450653106 88.19138397354212 7.916043450653106 78.16727588435805 41.10298058182616 5.905403114980658 48.00561964358186 57.364161621787716 61.816881527185075 53.737040086738595 58.70100511454537 55.67693148293617 53.25676202681297 25.01655130310442 63.72523107767633 14.953479827047914 52.857094446848606 74.37106123817188 50.99830844634339 98.12629607492437 28.162008948219928 53.737040086738595 53.25676202681297 52.857094446848606 53.737040086738595 37.769267281288 25.05407823273821 61.858637270113924 44.717007580760225 25.01655130310442 45.31915852355547 49.84591013375373 81.94587762053789 49.84591013375373 3.158319105880068 14.570276901572257 67.63796064681247 47.4202279602422 49.59829045325112 27.908771716899807 57.98068205850819 83.60064232245084 17.954775447099202 46.52417065799504 63.72523107767633 14.570276901572257 46.15311888337391 27.908771716899807 5.905403114980658 50.051245747916944 20.319526436311964 50.99830844634339 88.19138397354212 80.72288133608174 46.52417065799504 44.717007580760225 43.09429441996914 46.163559681807826 81.94587762053789 53.737040086738595 45.03640298151728 37.35164312917742 66.28007115475293 70.90621662337622
11.397332802255363 63.01127431446423 48.00561964358186 3.158319105880068 48.17858794146428 46.19376199328825 46.15311888337391 25.01655130310442 25.05407823273821 61.816881527185075 63.72523107767633 74.37106123817188 71.18535507137966 25.05407823273821 41.83280074349575 3.158319105880068 48.7336497610147 0.0 49.84591013375373 46.5475659324593 78.16727588435805 22.013477169665613 5.905403114980658 67.00941857404672 58.004859413461666 57.98068205850819 46.15311888337391 82.94749282204066 58.42198731780893 56.70105406297593 55.70743788790078 34.457913045522 45.64263293789974 11.397332802255363 61.816881527185075 44.717007580760225 57.98068205850819 57.05978342628773 67.00941857404672 14.678840813140937 25.01655130310442 46.09132279732457 29.936448735405737 20.93478295622623 63.01127431446423 45.64263293789974 58.004859413461666 58.70100511454537 20.319526436311964 48.979528582537185 53.737040086738595 48.01445108361436 46.15311888337391 68.42062038434395 53.25676202681297 50.79842467085645 38.22892596203257 48.7336497610147 71.18535507137966 46.5475659324593 44.717007580760225 3.158319105880068 44.717007580760225 36.63162507054648 46.19376199328825 87.66913963021108 28.365579805053372 98.12629607492437 45.64263293789974 48.01445108361436 57.05978342628773 34.457913045522 36.676732716227036 14.570276901572257 83.60064232245084 67.00941857404672 43.09429441996914 78.31777819512655 57.98068205850819 48.00561964358186 28.162008948219928 52.857094446848606 48.00561964358186 55.67693148293617 46.5475659324593 49.84591013375373 46.08716385617195 63.72523107767633 14.678840813140937 55.67693148293617 41.10298058182616 88.19138397354212 62.15437692520736 48.01445108361436 14.678840813140937 48.01445108361436 84.66739861016879 20.319526436311964 87.55852606941511 78.31777819512655
87.55852606941511 81.25947327359205 3.158319105880068 46.163559681807826 29.936448735405737 50.051245747916944 37.35164312917742 63.72523107767633 52.857094446848606 81.94587762053789 67.63796064681247 61.816881527185075 58.004859413461666 68.42062038434395 3.158319105880068 70.69997049274413 87.55852606941511 49.84591013375373 0.0 15.467581230835904 45.03640298151728 31.201726843055127 41.83280074349575 52.68252109420854 78.47859305847265 45.03640298151728 34.457913045522 80.72288133608174 46.08716385617195 58.004859413461666 70.90621662337622 70.69997049274413 48.7336497610147 20.319526436311964 83.61144271436066 31.201726843055127 81.94587762053789 37.35164312917742 3.158319105880068 53.737040086738595 27.908771716899807 52.857094446848606 48.00561964358186 30.721326195459312 14.678840813140937 37.35164312917742 55.67693148293617 41.10298058182616 48.00561964358186 15.467581230835904 50.051245747916944 34.728693705981826 5.905403114980658 62.33115168168784 66.28007115475293 49.84591013375373 87.66913963021108 88.19138397354212 70.69997049274413 41.10298058182616 98.12629607492437 81.25947327359205 58.42198731780893 46.15311888337391 3.158319105880068 14.570276901572257 57.05978342628773 46.15311888337391 83.61144271436066 47.4202279602422 58.004859413461666 11.397332802255363 57.98068205850819 82.25898904184433 46.09132279732457 78.16727588435805 7.916043450653106 55.70743788790078 84.66739861016879 58.70100511454537 34.728693705981826 78.47859305847265 70.69997049274413 84.66739861016879 30.721326195459312 31.201726843055127 70.69997049274413 82.25898904184433 62.15437692520736 37.35164312917742 17.954775447099202 25.01655130310442 48.7336497610147 87.66913963021108 87.55852606941511 44.717007580760225 78.16727588435805 11.397332802255363 46.09132279732457 84.77080924087926
58.70100511454537 81.25947327359205 57.05978342628773 58.004859413461666 43.09429441996914 82.25898904184433 48.17858794146428 48.00561964358186 28.365579805053372 50.99830844634339 46.52417065799504 84.66739861016879 48.7336497610147 49.59829045325112 84.77080924087926 33.14894252375716 88.19138397354212 46.5475659324593 15.467581230835904 0.0 58.32033827504743 56.70105406297593 52.857094446848606 98.12629607492437 98.12629607492437 80.72288133608174 28.162008948219928 53.737040086738595 57.98068205850819 83.61144271436066 70.69997049274413 83.60064232245084 46.163559681807826 61.816881527185075 36.63162507054648 82.25898904184433 49.59829045325112 37.35164312917742 71.18535507137966 84.77080924087926 50.99830844634339 48.00561964358186 57.98068205850819 36.676732716227036 47.4202279602422 30.721326195459312 49.84591013375373 45.03640298151728 53.25676202681297 87.55852606941511 63.01127431446423 78.31777819512655 31.201726843055127 62.33115168168784 78.47859305847265 47.23624357888098 14.953479827047914 48.01445108361436 27.908771716899807 20.93478295622623 45.64263293789974 45.31915852355547 20.93478295622623 61.858637270113924 70.90621662337622 55.70743788790078 57.05978342628773 48.00561964358186 57.98068205850819 62.15437692520736 28.162008948219928 17.954775447099202 46.15311888337391 78.31777819512655 31.201726843055127 57.98068205850819 78.16727588435805 46.19376199328825 50.051245747916944 34.457913045522 78.47859305847265 37.769267281288 78.47859305847265 62.33115168168784 62.33115168168784 50.79842467085645 45.64263293789974 45.03640298151728 14.953479827047914 45.03640298151728 57.05978342628773 74.37106123817188 57.05978342628773 38.22892596203257 43.09429441996914 58.32033827504743 50.79842467085645 67.00941857404672 30.721326195459312 44.717007580760225
25.05407823273821 62.15437692520736 46.09132279732457 17.954775447099202 45.03640298151728 49.84591013375373 78.16727588435805 37.769267281288 17.954775447099202 25.05407823273821 20.93478295622623 7.916043450653106 53.25676202681297 59.167939197702424 87.55852606941511 44.717007580760225 46.08716385617195 78.16727588435805 45.03640298151728 58.32033827504743 0.0 58.004859413461666 46.09132279732457 46.19376199328825 83.61144271436066 48.979528582537185 7.916043450653106 14.570276901572257 83.60064232245084 48.979528582537185 57.05978342628773 55.70743788790078 53.25676202681297 7.916043450653106 38.22892596203257 20.319526436311964 61.816881527185075 57.364161621787716 45.03640298151728 81.25947327359205 63.72523107767633 84.77080924087926 46.15311888337391 36.676732716227036 27.908771716899807 29.936448735405737 38.22892596203257 67.00941857404672 37.769267281288 55.70743788790078 58.004859413461666 36.63162507054648 67.00941857404672 63.01127431446423 45.03640298151728 62.33115168168784 81.25947327359205 47.4202279602422 50.99830844634339 46.163559681807826 63.01127431446423 45.31915852355547 81.25947327359205 36.63162507054648 37.769267281288 29.936448735405737 41.10298058182616 28.365579805053372 3.158319105880068 82.94749282204066 83.60064232245084 36.63162507054648 62.33115168168784 45.03640298151728 45.31915852355547 78.16727588435805 50.99830844634339 14.570276901572257 62.33115168168784 5.905403114980658 48.979528582537185 52.857094446848606 57.05978342628773 45.03640298151728 14.678840813140937 30.721326195459312 58.004859413461666 59.167939197702424 20.319526436311964 78.16727588435805 55.67693148293617 52.857094446848606 31.201726843055127 14.953479827047914 5.905403114980658 34.728693705981826 57.364161621787716 57.98068205850819 17.27632564050063 36.63162507054648
81.94587762053789 48.7336497610147 83.60064232245084 34.728693705981826 17.954775447099202 49.59829045325112 46.08716385617195 48.17858794146428 46.08716385617195 47.23624357888098 84.77080924087926 25.05407823273821 41.83280074349575 46.08716385617195 30.721326195459312 61.858637270113924 52.68252109420854 22.013477169665613 31.201726843055127 56.70105406297593 58.004859413461666 0.0 48.979528582537185 41.10298058182616 50.99830844634339 37.769267281288 59.167939197702424 61.816881527185075 36.676732716227036 46.163559681807826 55.70743788790078 62.33115168168784 81.25947327359205 46.19376199328825 50.99830844634339 61.816881527185075 36.676732716227036 28.365579805053372 82.94749282204066 55.67693148293617 83.61144271436066 28.365579805053372 46.52417065799504 3.158319105880068 70.69997049274413 45.31915852355547 41.83280074349575 45.03640298151728 70.90621662337622 45.64263293789974 36.63162507054648 84.66739861016879 7.916043450653106 36.63162507054648 48.7336497610147 46.5475659324593 25.05407823273821 63.72523107767633 46.5475659324593 48.00561964358186 20.93478295622623 43.09429441996914 58.32033827504743 15.467581230835904 20.319526436311964 36.676732716227036 80.72288133608174 57.05978342628773 62.33115168168784 81.94587762053789 37.35164312917742 61.816881527185075 36.63162507054648 34.457913045522 15.467581230835904 52.68252109420854 5.905403114980658 25.01655130310442 14.678840813140937 14.953479827047914 11.397332802255363 46.08716385617195 46.52417065799504 58.32033827504743 15.467581230835904 78.47859305847265 70.69997049274413 36.63162507054648 58.70100511454537 55.67693148293617 59.167939197702424 14.678840813140937 41.83280074349575 67.63796064681247 43.09429441996914 58.42198731780893 41.83280074349575 33.14894252375716 41.10298058182616 83.60064232245084
