100
0.0 19.09204275997427 60.88114017703266 42.04491345929195 27.01769551146626 47.67453781792422 56.4371859417593 59.73916999451879 59.73916999451879 49.18314460494268 66.85499774994678 32.26549548418153 23.22851535045651 52.73151577201905 57.23445569952969 52.56183485095633 32.26549548418153 24.354938119426617 29.59423791707553 22.56897908559842 51.393106486888584 51.001799835398565 76.96098915720647 52.73151577201905 48.89975570837091 24.354938119426617 72.22702001807568 48.538233792922036 43.63861155814288 53.561606904217015 35.72966870405568 43.63861155814288 53.01904509701516 58.30346935831127 53.01904509701516 66.6339639019074 32.640877554607805 38.09392095050876 19.827829276646057 60.29805568293787 66.6339639019074 44.07421430561888 31.33559628660224 60.0579568904757 94.57485466818048 54.600482547991774 40.62995459244787 53.97468512411929 47.3219032513565 35.72966870405568 53.561606904217015 48.538233792922036 52.11288613612282 37.56537217314835 19.827829276646057 47.53703936009174 72.22702001807568 45.92029483969951 58.91928500819186 64.37043914557788 51.001799835398565 31.836168846808636 59.73916999451879 33.97249909630786 52.07233580911426 69.24015922684859 44.07421430561888 52.56183485095633 32.26549548418153 59.24441206312688 51.393106486888584 31.23112959327585 54.600482547991774 47.67453781792422 25.859541631667216 51.99893026767466 47.53703936009174 53.97468512411929 72.03662790999286 69.6125096932602 53.01904509701516 59.73916999451879 32.32857518644539 56.67195050896288 39.5870994398687 47.53703936009174 32.32857518644539 19.09204275997427 47.3219032513565 63.46322351144893 47.3219032513565 40.76884736325877 53.2350585779653 31.23112959327585 36.65286543738005 33.51268327260031 37.56537217314835 66.6339639019074 94.57485466818048 56.4371859417593
19.09204275997427 0.0 58.91928500819186 56.67195050896288 31.23112959327585 45.94077643661136 27.987897027730977 60.0579568904757 24.354938119426617 22.813906386840394 45.94077643661136 47.53703936009174 57.9579138216932 69.24015922684859 61.93039825272609 48.89975570837091 24.354938119426617 64.37043914557788 22.56897908559842 51.80226604646188 32.26549548418153 57.23445569952969 26.230055257506667 32.640877554607805 28.623945609087468 52.56183485095633 45.92029483969951 52.56183485095633 39.5870994398687 53.2350585779653 74.91450308434058 66.85499774994678 74.91450308434058 60.29805568293787 53.35322266146439 47.67453781792422 53.01904509701516 53.075409484475855 72.03662790999286 63.46322351144893 25.859541631667216 60.0579568904757 69.24015922684859 35.72966870405568 32.32857518644539 51.001799835398565 72.22702001807568 26.230055257506667 47.67453781792422 27.01769551146626 19.09204275997427 57.9579138216932 23.22851535045651 53.561606904217015 59.24441206312688 51.80226604646188 29.59423791707553 51.80226604646188 66.85499774994678 63.039386501698246 69.6125096932602 70.67457721508049 48.89975570837091 61.93039825272609 65.61852009971324 58.30346935831127 40.76884736325877 70.67457721508049 48.89975570837091 46.97186458529687 57.320662746128576 48.89975570837091 53.03279373638341 53.2350585779653 53.03279373638341 19.09204275997427 53.561606904217015 24.354938119426617 38.09392095050876 57.23445569952969 57.320662746128576 74.91450308434058 53.97468512411929 59.73916999451879 45.94077643661136 22.56897908559842 27.01769551146626 45.92029483969951 72.22702001807568 25.859541631667216 70.67457721508049 22.56897908559842 33.51268327260031 56.67195050896288 39.671952157102396 53.35322266146439 22.56897908559842 60.86781920738182 48.538233792922036 35.72966870405568
60.88114017703266 58.91928500819186 0.0 72.22702001807568 44.07421430561888 63.039386501698246 59.73916999451879 35.72966870405568 63.039386501698246 32.640877554607805 29.59423791707553 59.73916999451879 47.3219032513565 25.859541631667216 66.85499774994678 51.80226604646188 32.640877554607805 38.09392095050876 47.67453781792422 37.56537217314835 57.23445569952969 57.320662746128576 39.671952157102396 37.56537217314835 47.67453781792422 22.56897908559842 35.72966870405568 27.987897027730977 76.96098915720647 48.538233792922036 45.92029483969951 51.001799835398565 33.238725007521374 38.6272725063054 63.46322351144893 32.32857518644539 60.0579568904757 39.5870994398687 51.80226604646188 19.09204275997427 48.538233792922036 94.57485466818048 73.72737331840719 19.827829276646057 65.61852009971324 64.37043914557788 53.03279373638341 26.230055257506667 39.5870994398687 33.51268327260031 61.93039825272609 47.3219032513565 51.99893026767466 60.29805568293787 66.85499774994678 22.56897908559842 53.2350585779653 59.73916999451879 76.96098915720647 61.93039825272609 37.314240421555255 58.77701364369511 48.538233792922036 52.56183485095633 42.04491345929195 26.230055257506667 76.96098915720647 31.836168846808636 31.836168846808636 49.18314460494268 70.13439371841383 49.18314460494268 60.0579568904757 23.22851535045651 25.859541631667216 26.230055257506667 60.88114017703266 31.836168846808636 56.4371859417593 19.827829276646057 53.03279373638341 33.97249909630786 49.18314460494268 51.80226604646188 56.62737544044283 64.69359792413806 72.03662790999286 32.32857518644539 47.3219032513565 66.6339639019074 39.5870994398687 43.63861155814288 76.96098915720647 31.23112959327585 37.56537217314835 48.89975570837091 51.001799835398565 39.5870994398687 69.6125096932602 46.97186458529687
42.04491345929195 56.67195050896288 72.22702001807568 0.0 47.67453781792422 54.39469158830508 33.97249909630786 70.13439371841383 63.039386501698246 43.63861155814288 24.354938119426617 53.97468512411929 76.96098915720647 65.61852009971324 44.07421430561888 36.65286543738005 54.600482547991774 51.99893026767466 45.82748380310374 53.03279373638341 60.0579568904757 36.65286543738005 61.93039825272609 29.59423791707553 51.80226604646188 27.987897027730977 54.600482547991774 28.623945609087468 74.91450308434058 58.91928500819186 53.075409484475855 69.6125096932602 40.62995459244787 51.001799835398565 35.72966870405568 33.97249909630786 31.33559628660224 40.62995459244787 76.96098915720647 60.88114017703266 48.89975570837091 73.72737331840719 37.314240421555255 56.62737544044283 39.5870994398687 57.9579138216932 65.61852009971324 23.22851535045651 40.62995459244787 37.314240421555255 52.73151577201905 39.5870994398687 32.716164390851574 49.18314460494268 59.73916999451879 59.24441206312688 37.314240421555255 63.46322351144893 45.94077643661136 53.03279373638341 42.04491345929195 53.35322266146439 57.23445569952969 22.56897908559842 51.001799835398565 56.4371859417593 53.35322266146439 63.039386501698246 24.354938119426617 35.72966870405568 56.4371859417593 61.93039825272609 56.67195050896288 65.61852009971324 60.88114017703266 33.51268327260031 73.72737331840719 39.671952157102396 63.46322351144893 48.89975570837091 70.67457721508049 70.13439371841383 39.671952157102396 31.836168846808636 43.63861155814288 63.46322351144893 47.3219032513565 32.32857518644539 52.07233580911426 54.39469158830508 76.96098915720647 58.91928500819186 66.85499774994678 38.6272725063054 73.72737331840719 32.26549548418153 48.538233792922036 57.23445569952969 53.35322266146439 39.5870994398687
27.01769551146626 31.23112959327585 44.07421430561888 47.67453781792422 0.0 45.94077643661136 38.09392095050876 72.22702001807568 33.97249909630786 59.24441206312688 42.04491345929195 72.22702001807568 60.29805568293787 45.82748380310374 26.230055257506667 19.09204275997427 54.39469158830508 58.91928500819186 32.32857518644539 43.63861155814288 57.23445569952969 53.2350585779653 48.89975570837091 33.238725007521374 42.04491345929195 48.538233792922036 60.29805568293787 48.538233792922036 39.671952157102396 53.97468512411929 59.24441206312688 65.61852009971324 32.716164390851574 32.32857518644539 63.46322351144893 53.561606904217015 94.57485466818048 41.81740427683497 47.53703936009174 43.7678309803322 46.97186458529687 57.9579138216932 56.4371859417593 31.7454144698597 52.11288613612282 56.62737544044283 32.32857518644539 57.320662746128576 59.24441206312688 51.393106486888584 57.23445569952969 60.29805568293787 44.07421430561888 53.35322266146439 63.039386501698246 40.62995459244787 31.33559628660224 51.80226604646188 51.80226604646188 27.987897027730977 72.03662790999286 60.0579568904757 33.7346623149902 36.65286543738005 36.65286543738005 94.57485466818048 69.6125096932602 76.96098915720647 45.94077643661136 76.96098915720647 52.73151577201905 28.623945609087468 41.81740427683497 33.238725007521374 51.001799835398565 66.85499774994678 53.075409484475855 60.88114017703266 58.30346935831127 48.538233792922036 64.37043914557788 27.987897027730977 51.80226604646188 66.6339639019074 24.354938119426617 28.623945609087468 38.09392095050876 52.11288613612282 33.7346623149902 56.67195050896288 56.67195050896288 60.86781920738182 56.67195050896288 56.4371859417593 22.813906386840394 72.22702001807568 43.7678309803322 27.01769551146626 61.93039825272609 36.65286543738005
47.67453781792422 45.94077643661136 63.039386501698246 54.39469158830508 45.94077643661136 0.0 29.59423791707553 53.97468512411929 54.600482547991774 72.03662790999286 31.33559628660224 35.72966870405568 53.97468512411929 51.001799835398565 59.73916999451879 56.67195050896288 33.51268327260031 31.23112959327585 40.76884736325877 45.82748380310374 74.91450308434058 52.56183485095633 52.07233580911426 56.4371859417593 23.22851535045651 23.22851535045651 22.56897908559842 33.51268327260031 56.62737544044283 39.5870994398687 27.987897027730977 59.73916999451879 45.92029483969951 70.13439371841383 51.393106486888584 69.24015922684859 63.46322351144893 66.85499774994678 60.0579568904757 57.23445569952969 66.6339639019074 58.30346935831127 45.82748380310374 49.18314460494268 46.97186458529687 39.671952157102396 27.01769551146626 27.987897027730977 52.56183485095633 40.62995459244787 25.859541631667216 26.230055257506667 60.86781920738182 28.623945609087468 36.65286543738005 63.46322351144893 31.836168846808636 70.67457721508049 54.600482547991774 54.39469158830508 31.836168846808636 37.56537217314835 29.59423791707553 25.859541631667216 52.56183485095633 43.7678309803322 53.01904509701516 40.76884736325877 31.23112959327585 19.827829276646057 57.23445569952969 58.30346935831127 61.93039825272609 43.7678309803322 60.86781920738182 45.94077643661136 52.07233580911426 64.37043914557788 60.29805568293787 26.230055257506667 70.13439371841383 22.813906386840394 53.01904509701516 53.561606904217015 69.24015922684859 63.46322351144893 53.01904509701516 53.01904509701516 25.859541631667216 39.671952157102396 40.62995459244787 60.0579568904757 32.32857518644539 70.13439371841383 60.29805568293787 31.33559628660224 43.7678309803322 58.77701364369511 52.07233580911426 60.0579568904757
56.4371859417593 27.987897027730977 59.73916999451879 33.97249909630786 38.09392095050876 29.59423791707553 0.0 40.76884736325877 45.82748380310374 44.07421430561888 27.01769551146626 53.01904509701516 47.3219032513565 32.716164390851574 60.86781920738182 25.859541631667216 57.23445569952969 31.33559628660224 54.600482547991774 60.0579568904757 42.04491345929195 53.2350585779653 38.6272725063054 36.65286543738005 53.2350585779653 37.314240421555255 45.82748380310374 23.22851535045651 45.82748380310374 57.23445569952969 54.600482547991774 22.813906386840394 54.600482547991774 39.5870994398687 45.82748380310374 54.600482547991774 32.26549548418153 49.18314460494268 24.354938119426617 65.61852009971324 48.538233792922036 33.97249909630786 27.987897027730977 47.53703936009174 64.37043914557788 52.11288613612282 31.33559628660224 29.59423791707553 32.640877554607805 47.53703936009174 66.85499774994678 64.37043914557788 72.03662790999286 33.238725007521374 52.07233580911426 23.22851535045651 70.67457721508049 66.6339639019074 40.76884736325877 58.91928500819186 22.813906386840394 70.67457721508049 70.13439371841383 36.65286543738005 53.97468512411929 60.0579568904757 66.6339639019074 27.01769551146626 72.03662790999286 53.03279373638341 49.18314460494268 60.29805568293787 72.22702001807568 52.07233580911426 40.62995459244787 51.99893026767466 57.320662746128576 57.23445569952969 38.6272725063054 49.18314460494268 46.97186458529687 73.72737331840719 29.59423791707553 24.354938119426617 47.53703936009174 27.987897027730977 48.89975570837091 72.03662790999286 66.6339639019074 31.7454144698597 66.85499774994678 53.03279373638341 37.56537217314835 31.7454144698597 47.67453781792422 47.53703936009174 64.69359792413806 64.37043914557788 41.81740427683497 24.354938119426617
59.73916999451879 60.0579568904757 35.72966870405568 70.13439371841383 72.22702001807568 53.97468512411929 40.76884736325877 0.0 47.67453781792422 45.82748380310374 76.96098915720647 47.67453781792422 46.97186458529687 47.53703936009174 54.39469158830508 51.001799835398565 56.62737544044283 76.96098915720647 63.46322351144893 46.97186458529687 47.53703936009174 33.238725007521374 31.23112959327585 44.07421430561888 64.69359792413806 59.24441206312688 26.230055257506667 53.97468512411929 51.80226604646188 32.32857518644539 25.859541631667216 31.33559628660224 63.46322351144893 51.99893026767466 51.99893026767466 42.04491345929195 59.24441206312688 39.5870994398687 59.24441206312688 47.67453781792422 56.4371859417593 38.6272725063054 47.53703936009174 53.01904509701516 33.97249909630786 31.7454144698597 72.22702001807568 53.2350585779653 51.393106486888584 53.97468512411929 64.69359792413806 43.63861155814288 40.76884736325877 59.73916999451879 64.69359792413806 60.86781920738182 69.24015922684859 64.37043914557788 27.01769551146626 25.859541631667216 45.92029483969951 72.22702001807568 33.51268327260031 36.65286543738005 37.56537217314835 23.22851535045651 60.0579568904757 31.23112959327585 54.600482547991774 53.97468512411929 53.97468512411929 39.5870994398687 54.39469158830508 45.92029483969951 58.91928500819186 56.4371859417593 39.671952157102396 51.001799835398565 28.623945609087468 27.987897027730977 31.33559628660224 59.73916999451879 61.93039825272609 70.67457721508049 31.33559628660224 45.92029483969951 53.97468512411929 57.23445569952969 44.07421430561888 28.623945609087468 37.56537217314835 32.32857518644539 73.72737331840719 72.03662790999286 73.72737331840719 44.07421430561888 28.623945609087468 51.80226604646188 54.600482547991774 39.5870994398687
59.73916999451879 24.354938119426617 63.039386501698246 63.039386501698246 33.97249909630786 54.600482547991774 45.82748380310374 47.67453781792422 0.0 69.6125096932602 53.561606904217015 72.03662790999286 27.01769551146626 37.314240421555255 53.075409484475855 33.51268327260031 40.76884736325877 24.354938119426617 53.2350585779653 43.63861155814288 69.24015922684859 37.314240421555255 33.97249909630786 43.63861155814288 72.22702001807568 35.72966870405568 60.86781920738182 94.57485466818048 57.320662746128576 66.6339639019074 47.67453781792422 32.716164390851574 22.813906386840394 69.6125096932602 63.46322351144893 56.67195050896288 32.32857518644539 37.56537217314835 53.2350585779653 59.24441206312688 35.72966870405568 72.22702001807568 56.62737544044283 43.7678309803322 76.96098915720647 46.97186458529687 64.69359792413806 42.04491345929195 37.56537217314835 74.91450308434058 53.35322266146439 53.01904509701516 64.37043914557788 57.320662746128576 65.61852009971324 83.33293862377505 59.73916999451879 53.35322266146439 58.91928500819186 37.314240421555255 33.51268327260031 83.33293862377505 52.07233580911426 53.2350585779653 32.640877554607805 53.01904509701516 33.97249909630786 60.29805568293787 29.59423791707553 39.671952157102396 47.67453781792422 52.73151577201905 54.39469158830508 51.393106486888584 60.88114017703266 60.86781920738182 52.56183485095633 53.35322266146439 31.7454144698597 22.813906386840394 31.836168846808636 33.51268327260031 27.01769551146626 25.859541631667216 48.89975570837091 39.671952157102396 70.13439371841383 43.63861155814288 40.62995459244787 57.23445569952969 32.640877554607805 60.88114017703266 61.93039825272609 25.859541631667216 38.6272725063054 54.600482547991774 73.72737331840719 33.238725007521374 58.30346935831127 43.7678309803322
49.18314460494268 22.813906386840394 32.640877554607805 43.63861155814288 59.24441206312688 72.03662790999286 44.07421430561888 45.82748380310374 69.6125096932602 0.0 66.6339639019074 24.354938119426617 65.61852009971324 66.85499774994678 53.2350585779653 74.91450308434058 35.72966870405568 48.89975570837091 69.6125096932602 57.320662746128576 33.238725007521374 63.039386501698246 40.62995459244787 47.3219032513565 38.6272725063054 65.61852009971324 22.813906386840394 27.01769551146626 36.65286543738005 49.18314460494268 60.0579568904757 48.89975570837091 32.716164390851574 59.73916999451879 45.94077643661136 26.230055257506667 33.97249909630786 40.76884736325877 48.89975570837091 47.67453781792422 23.22851535045651 38.09392095050876 94.57485466818048 64.69359792413806 45.82748380310374 43.63861155814288 57.9579138216932 53.03279373638341 38.6272725063054 42.04491345929195 32.32857518644539 24.354938119426617 73.72737331840719 27.01769551146626 58.91928500819186 69.6125096932602 35.72966870405568 74.91450308434058 64.37043914557788 58.77701364369511 53.075409484475855 33.51268327260031 47.53703936009174 33.238725007521374 29.59423791707553 27.987897027730977 56.67195050896288 32.26549548418153 66.6339639019074 76.96098915720647 45.82748380310374 59.24441206312688 19.827829276646057 19.09204275997427 66.85499774994678 43.63861155814288 57.9579138216932 57.9579138216932 32.716164390851574 24.354938119426617 22.813906386840394 63.039386501698246 37.314240421555255 60.86781920738182 72.22702001807568 53.2350585779653 43.63861155814288 66.85499774994678 32.640877554607805 38.6272725063054 43.7678309803322 27.01769551146626 35.72966870405568 53.97468512411929 26.230055257506667 31.7454144698597 52.07233580911426 42.04491345929195 33.51268327260031 31.33559628660224
66.85499774994678 45.94077643661136 29.59423791707553 24.354938119426617 42.04491345929195 31.33559628660224 27.01769551146626 76.96098915720647 53.561606904217015 66.6339639019074 0.0 63.039386501698246 28.623945609087468 60.0579568904757 31.23112959327585 39.671952157102396 32.640877554607805 44.07421430561888 31.33559628660224 24.354938119426617 52.11288613612282 48.89975570837091 45.82748380310374 31.23112959327585 48.89975570837091 38.6272725063054 53.03279373638341 38.6272725063054 43.7678309803322 56.67195050896288 51.393106486888584 36.65286543738005 53.2350585779653 32.32857518644539 40.76884736325877 32.716164390851574 26.230055257506667 19.827829276646057 27.01769551146626 33.51268327260031 94.57485466818048 45.82748380310374 23.22851535045651 38.6272725063054 37.314240421555255 53.561606904217015 24.354938119426617 70.67457721508049 45.94077643661136 38.6272725063054 60.29805568293787 94.57485466818048 51.001799835398565 42.04491345929195 66.6339639019074 56.62737544044283 73.72737331840719 73.72737331840719 39.671952157102396 51.99893026767466 47.67453781792422 52.56183485095633 58.91928500819186 59.73916999451879 46.97186458529687 53.01904509701516 61.93039825272609 33.7346623149902 32.716164390851574 72.03662790999286 33.51268327260031 43.7678309803322 53.35322266146439 83.33293862377505 19.827829276646057 76.96098915720647 69.6125096932602 46.97186458529687 40.76884736325877 46.97186458529687 19.827829276646057 57.320662746128576 31.33559628660224 27.01769551146626 70.67457721508049 59.73916999451879 60.29805568293787 54.600482547991774 94.57485466818048 45.92029483969951 43.7678309803322 65.61852009971324 57.9579138216932 66.6339639019074 53.2350585779653 40.62995459244787 41.81740427683497 39.671952157102396 27.987897027730977 53.97468512411929
32.26549548418153 47.53703936009174 59.73916999451879 53.97468512411929 72.22702001807568 35.72966870405568 53.01904509701516 47.67453781792422 72.03662790999286 24.354938119426617 63.039386501698246 0.0 22.56897908559842 27.01769551146626 44.07421430561888 60.29805568293787 63.039386501698246 61.93039825272609 74.91450308434058 59.73916999451879 33.97249909630786 53.35322266146439 51.393106486888584 69.24015922684859 39.671952157102396 40.76884736325877 43.7678309803322 45.82748380310374 60.0579568904757 52.11288613612282 63.46322351144893 42.04491345929195 60.86781920738182 43.63861155814288 35.72966870405568 60.0579568904757 37.314240421555255 51.99893026767466 57.320662746128576 32.32857518644539 28.623945609087468 61.93039825272609 70.13439371841383 22.813906386840394 31.836168846808636 53.03279373638341 51.80226604646188 76.96098915720647 33.7346623149902 56.67195050896288 53.075409484475855 36.65286543738005 51.393106486888584 53.03279373638341 41.81740427683497 35.72966870405568 53.03279373638341 60.29805568293787 57.23445569952969 54.39469158830508 26.230055257506667 53.35322266146439 19.09204275997427 74.91450308434058 28.623945609087468 42.04491345929195 59.73916999451879 52.56183485095633 51.393106486888584 70.67457721508049 72.22702001807568 58.91928500819186 27.01769551146626 51.001799835398565 66.85499774994678 52.73151577201905 33.97249909630786 27.987897027730977 24.354938119426617 45.92029483969951 53.075409484475855 46.97186458529687 63.039386501698246 44.07421430561888 65.61852009971324 33.51268327260031 59.24441206312688 27.987897027730977 26.230055257506667 66.85499774994678 48.538233792922036 64.69359792413806 63.039386501698246 66.6339639019074 43.7678309803322 31.7454144698597 64.37043914557788 31.33559628660224 45.82748380310374 64.37043914557788
23.22851535045651 57.9579138216932 47.3219032513565 76.96098915720647 60.29805568293787 53.97468512411929 47.3219032513565 46.97186458529687 27.01769551146626 65.61852009971324 28.623945609087468 22.56897908559842 0.0 47.53703936009174 64.69359792413806 48.89975570837091 32.716164390851574 51.393106486888584 76.96098915720647 60.86781920738182 54.600482547991774 72.22702001807568 66.6339639019074 60.29805568293787 32.26549548418153 66.85499774994678 64.69359792413806 54.39469158830508 22.813906386840394 69.24015922684859 46.97186458529687 35.72966870405568 19.827829276646057 53.35322266146439 53.561606904217015 38.6272725063054 32.716164390851574 37.314240421555255 39.5870994398687 83.33293862377505 33.97249909630786 49.18314460494268 38.6272725063054 60.29805568293787 32.716164390851574 56.62737544044283 49.18314460494268 58.77701364369511 32.640877554607805 76.96098915720647 64.69359792413806 38.09392095050876 94.57485466818048 52.07233580911426 35.72966870405568 33.7346623149902 52.11288613612282 56.62737544044283 59.24441206312688 19.09204275997427 44.07421430561888 41.81740427683497 53.35322266146439 73.72737331840719 83.33293862377505 94.57485466818048 33.7346623149902 83.33293862377505 48.89975570837091 37.56537217314835 51.001799835398565 33.238725007521374 47.53703936009174 74.91450308434058 63.039386501698246 33.238725007521374 57.9579138216932 33.97249909630786 31.23112959327585 64.69359792413806 32.32857518644539 83.33293862377505 53.01904509701516 57.23445569952969 32.32857518644539 74.91450308434058 53.2350585779653 35.72966870405568 76.96098915720647 94.57485466818048 33.97249909630786 65.61852009971324 53.01904509701516 45.94077643661136 53.2350585779653 51.99893026767466 24.354938119426617 43.7678309803322 59.73916999451879 63.039386501698246
52.73151577201905 69.24015922684859 25.859541631667216 65.61852009971324 45.82748380310374 51.001799835398565 32.716164390851574 47.53703936009174 37.314240421555255 66.85499774994678 60.0579568904757 27.01769551146626 47.53703936009174 0.0 74.91450308434058 39.671952157102396 73.72737331840719 45.82748380310374 47.67453781792422 66.85499774994678 56.4371859417593 29.59423791707553 63.46322351144893 53.2350585779653 45.94077643661136 27.987897027730977 72.03662790999286 59.24441206312688 61.93039825272609 49.18314460494268 54.39469158830508 44.07421430561888 72.22702001807568 47.53703936009174 60.88114017703266 63.039386501698246 38.09392095050876 66.6339639019074 69.6125096932602 70.67457721508049 51.001799835398565 23.22851535045651 53.075409484475855 58.77701364369511 64.69359792413806 47.3219032513565 32.32857518644539 35.72966870405568 59.24441206312688 69.24015922684859 56.4371859417593 32.32857518644539 83.33293862377505 60.0579568904757 43.7678309803322 72.03662790999286 94.57485466818048 53.01904509701516 53.2350585779653 24.354938119426617 66.6339639019074 43.7678309803322 94.57485466818048 53.075409484475855 22.56897908559842 53.561606904217015 40.76884736325877 32.640877554607805 70.67457721508049 58.30346935831127 42.04491345929195 56.4371859417593 52.07233580911426 61.93039825272609 58.30346935831127 53.97468512411929 94.57485466818048 60.29805568293787 64.37043914557788 31.23112959327585 46.97186458529687 69.24015922684859 59.73916999451879 56.4371859417593 40.62995459244787 76.96098915720647 48.89975570837091 51.393106486888584 57.320662746128576 31.33559628660224 33.51268327260031 31.33559628660224 45.82748380310374 53.03279373638341 59.73916999451879 45.82748380310374 26.230055257506667 33.238725007521374 40.76884736325877 53.561606904217015
57.23445569952969 61.93039825272609 66.85499774994678 44.07421430561888 26.230055257506667 59.73916999451879 60.86781920738182 54.39469158830508 53.075409484475855 53.2350585779653 31.23112959327585 44.07421430561888 64.69359792413806 74.91450308434058 0.0 60.29805568293787 59.73916999451879 56.4371859417593 61.93039825272609 70.13439371841383 37.314240421555255 27.987897027730977 54.600482547991774 31.7454144698597 56.67195050896288 22.56897908559842 53.2350585779653 56.67195050896288 53.03279373638341 69.6125096932602 72.22702001807568 32.32857518644539 52.07233580911426 24.354938119426617 40.62995459244787 51.80226604646188 29.59423791707553 45.92029483969951 76.96098915720647 60.86781920738182 65.61852009971324 66.85499774994678 56.4371859417593 61.93039825272609 72.22702001807568 94.57485466818048 38.6272725063054 31.836168846808636 53.561606904217015 70.67457721508049 19.09204275997427 42.04491345929195 53.03279373638341 31.23112959327585 53.35322266146439 29.59423791707553 60.86781920738182 69.24015922684859 31.23112959327585 56.4371859417593 56.62737544044283 52.73151577201905 58.91928500819186 37.314240421555255 53.075409484475855 53.075409484475855 31.33559628660224 73.72737331840719 23.22851535045651 45.82748380310374 64.69359792413806 52.11288613612282 58.91928500819186 52.11288613612282 94.57485466818048 54.39469158830508 38.09392095050876 56.4371859417593 43.63861155814288 53.075409484475855 57.320662746128576 51.393106486888584 39.671952157102396 44.07421430561888 72.22702001807568 26.230055257506667 22.56897908559842 45.94077643661136 70.67457721508049 60.88114017703266 47.67453781792422 37.314240421555255 33.51268327260031 40.76884736325877 60.88114017703266 27.01769551146626 48.89975570837091 28.623945609087468 29.59423791707553 40.62995459244787
52.56183485095633 48.89975570837091 51.80226604646188 36.65286543738005 19.09204275997427 56.67195050896288 25.859541631667216 51.001799835398565 33.51268327260031 74.91450308434058 39.671952157102396 60.29805568293787 48.89975570837091 39.671952157102396 60.29805568293787 0.0 39.5870994398687 51.99893026767466 22.56897908559842 53.01904509701516 58.30346935831127 48.538233792922036 38.6272725063054 56.4371859417593 45.82748380310374 57.9579138216932 51.393106486888584 33.51268327260031 19.09204275997427 73.72737331840719 53.2350585779653 32.32857518644539 44.07421430561888 57.23445569952969 74.91450308434058 51.393106486888584 58.91928500819186 51.80226604646188 52.56183485095633 65.61852009971324 65.61852009971324 63.039386501698246 33.51268327260031 70.13439371841383 59.24441206312688 69.6125096932602 33.97249909630786 46.97186458529687 33.238725007521374 31.836168846808636 74.91450308434058 73.72737331840719 37.56537217314835 38.6272725063054 63.039386501698246 72.22702001807568 56.4371859417593 53.2350585779653 38.09392095050876 66.6339639019074 73.72737331840719 83.33293862377505 19.827829276646057 72.03662790999286 31.23112959327585 63.039386501698246 70.13439371841383 32.640877554607805 56.67195050896288 53.2350585779653 31.23112959327585 48.89975570837091 47.3219032513565 22.56897908559842 33.97249909630786 46.97186458529687 69.6125096932602 52.11288613612282 35.72966870405568 39.5870994398687 42.04491345929195 72.03662790999286 73.72737331840719 64.69359792413806 47.53703936009174 22.813906386840394 64.69359792413806 47.3219032513565 73.72737331840719 52.11288613612282 52.07233580911426 52.07233580911426 33.97249909630786 31.836168846808636 51.393106486888584 26.230055257506667 53.97468512411929 51.393106486888584 39.5870994398687 59.73916999451879
32.26549548418153 24.354938119426617 32.640877554607805 54.600482547991774 54.39469158830508 33.51268327260031 57.23445569952969 56.62737544044283 40.76884736325877 35.72966870405568 32.640877554607805 63.039386501698246 32.716164390851574 73.72737331840719 59.73916999451879 39.5870994398687 0.0 69.6125096932602 53.01904509701516 48.89975570837091 29.59423791707553 94.57485466818048 60.88114017703266 58.77701364369511 53.35322266146439 37.314240421555255 25.859541631667216 44.07421430561888 70.13439371841383 35.72966870405568 33.7346623149902 54.600482547991774 60.0579568904757 51.99893026767466 59.24441206312688 53.075409484475855 53.97468512411929 65.61852009971324 40.76884736325877 25.859541631667216 38.6272725063054 57.23445569952969 45.94077643661136 57.320662746128576 19.09204275997427 37.314240421555255 27.987897027730977 56.4371859417593 49.18314460494268 39.671952157102396 51.393106486888584 56.62737544044283 56.4371859417593 29.59423791707553 74.91450308434058 37.314240421555255 48.538233792922036 70.13439371841383 32.26549548418153 60.29805568293787 47.3219032513565 51.001799835398565 28.623945609087468 69.24015922684859 31.33559628660224 39.671952157102396 56.62737544044283 43.7678309803322 24.354938119426617 61.93039825272609 74.91450308434058 58.77701364369511 53.35322266146439 33.238725007521374 69.6125096932602 56.67195050896288 57.9579138216932 39.671952157102396 60.88114017703266 47.3219032513565 41.81740427683497 33.7346623149902 39.671952157102396 27.01769551146626 37.56537217314835 48.89975570837091 52.73151577201905 83.33293862377505 94.57485466818048 57.23445569952969 42.04491345929195 72.03662790999286 58.77701364369511 53.561606904217015 33.7346623149902 54.39469158830508 47.67453781792422 39.5870994398687 25.859541631667216 36.65286543738005
24.354938119426617 64.37043914557788 38.09392095050876 51.99893026767466 58.91928500819186 31.23112959327585 31.33559628660224 76.96098915720647 24.354938119426617 48.89975570837091 44.07421430561888 61.93039825272609 51.393106486888584 45.82748380310374 56.4371859417593 51.99893026767466 69.6125096932602 0.0 70.67457721508049 44.07421430561888 19.827829276646057 52.07233580911426 58.30346935831127 60.29805568293787 40.76884736325877 57.23445569952969 51.80226604646188 52.56183485095633 57.320662746128576 69.6125096932602 54.39469158830508 69.24015922684859 31.33559628660224 53.35322266146439 54.600482547991774 39.5870994398687 60.86781920738182 26.230055257506667 69.24015922684859 53.075409484475855 63.46322351144893 37.314240421555255 51.001799835398565 53.561606904217015 64.37043914557788 59.73916999451879 45.94077643661136 76.96098915720647 40.76884736325877 60.86781920738182 43.7678309803322 48.89975570837091 42.04491345929195 74.91450308434058 31.836168846808636 94.57485466818048 45.94077643661136 58.30346935831127 31.33559628660224 23.22851535045651 38.09392095050876 47.67453781792422 32.32857518644539 36.65286543738005 19.09204275997427 66.6339639019074 46.97186458529687 53.561606904217015 66.6339639019074 57.23445569952969 44.07421430561888 47.67453781792422 70.67457721508049 35.72966870405568 53.03279373638341 52.11288613612282 53.561606904217015 54.600482547991774 58.91928500819186 42.04491345929195 74.91450308434058 83.33293862377505 19.827829276646057 54.39469158830508 27.01769551146626 33.238725007521374 57.320662746128576 41.81740427683497 51.80226604646188 23.22851535045651 47.53703936009174 39.671952157102396 59.73916999451879 48.538233792922036 28.623945609087468 59.73916999451879 64.69359792413806 37.56537217314835 44.07421430561888 53.35322266146439
29.59423791707553 22.56897908559842 47.67453781792422 45.82748380310374 32.32857518644539 40.76884736325877 54.600482547991774 63.46322351144893 53.2350585779653 69.6125096932602 31.33559628660224 74.91450308434058 76.96098915720647 47.67453781792422 61.93039825272609 22.56897908559842 53.01904509701516 70.67457721508049 0.0 53.01904509701516 52.07233580911426 51.393106486888584 64.69359792413806 53.03279373638341 51.99893026767466 53.35322266146439 24.354938119426617 22.56897908559842 45.94077643661136 66.85499774994678 53.35322266146439 51.393106486888584 57.23445569952969 51.001799835398565 29.59423791707553 39.671952157102396 63.46322351144893 47.67453781792422 24.354938119426617 32.716164390851574 32.640877554607805 53.97468512411929 49.18314460494268 59.73916999451879 32.26549548418153 52.56183485095633 45.94077643661136 83.33293862377505 38.6272725063054 43.7678309803322 60.29805568293787 45.94077643661136 22.813906386840394 23.22851535045651 40.62995459244787 64.37043914557788 58.30346935831127 44.07421430561888 57.320662746128576 33.7346623149902 53.03279373638341 31.23112959327585 53.561606904217015 31.836168846808636 22.813906386840394 47.3219032513565 53.97468512411929 25.859541631667216 29.59423791707553 59.73916999451879 27.987897027730977 53.03279373638341 53.561606904217015 32.26549548418153 72.22702001807568 64.69359792413806 40.62995459244787 52.11288613612282 53.561606904217015 53.97468512411929 69.24015922684859 56.67195050896288 52.56183485095633 37.314240421555255 44.07421430561888 73.72737331840719 49.18314460494268 63.039386501698246 33.238725007521374 19.827829276646057 63.46322351144893 27.01769551146626 69.6125096932602 65.61852009971324 29.59423791707553 66.85499774994678 57.23445569952969 22.813906386840394 49.18314460494268 53.561606904217015
22.56897908559842 51.80226604646188 37.56537217314835 53.03279373638341 43.63861155814288 45.82748380310374 60.0579568904757 46.97186458529687 43.63861155814288 57.320662746128576 24.354938119426617 59.73916999451879 60.86781920738182 66.85499774994678 70.13439371841383 53.01904509701516 48.89975570837091 44.07421430561888 53.01904509701516 0.0 19.827829276646057 51.393106486888584 57.9579138216932 32.640877554607805 22.813906386840394 51.99893026767466 39.5870994398687 37.314240421555255 31.33559628660224 56.62737544044283 53.2350585779653 33.7346623149902 31.23112959327585 56.67195050896288 57.9579138216932 53.03279373638341 32.716164390851574 32.640877554607805 53.561606904217015 51.393106486888584 51.99893026767466 24.354938119426617 31.7454144698597 27.01769551146626 52.11288613612282 57.320662746128576 64.69359792413806 53.35322266146439 63.46322351144893 69.24015922684859 36.65286543738005 45.92029483969951 24.354938119426617 33.97249909630786 45.82748380310374 53.2350585779653 42.04491345929195 66.6339639019074 37.314240421555255 57.23445569952969 64.69359792413806 32.640877554607805 69.6125096932602 32.640877554607805 33.7346623149902 28.623945609087468 24.354938119426617 53.2350585779653 51.99893026767466 28.623945609087468 47.3219032513565 94.57485466818048 53.01904509701516 64.69359792413806 54.39469158830508 29.59423791707553 63.039386501698246 27.01769551146626 48.538233792922036 58.77701364369511 33.7346623149902 57.320662746128576 43.63861155814288 52.07233580911426 28.623945609087468 51.001799835398565 44.07421430561888 28.623945609087468 58.30346935831127 58.30346935831127 46.97186458529687 39.5870994398687 43.63861155814288 37.314240421555255 52.56183485095633 58.77701364369511 69.6125096932602 35.72966870405568 37.56537217314835 58.77701364369511
51.393106486888584 32.26549548418153 57.23445569952969 60.0579568904757 57.23445569952969 74.91450308434058 42.04491345929195 47.53703936009174 69.24015922684859 33.238725007521374 52.11288613612282 33.97249909630786 54.600482547991774 56.4371859417593 37.314240421555255 58.30346935831127 29.59423791707553 19.827829276646057 52.07233580911426 19.827829276646057 0.0 59.73916999451879 70.67457721508049 52.07233580911426 45.82748380310374 31.33559628660224 63.039386501698246 23.22851535045651 69.6125096932602 22.56897908559842 27.01769551146626 44.07421430561888 53.35322266146439 31.836168846808636 65.61852009971324 59.73916999451879 51.393106486888584 94.57485466818048 19.09204275997427 48.538233792922036 53.01904509701516 63.039386501698246 37.314240421555255 31.7454144698597 29.59423791707553 49.18314460494268 53.35322266146439 72.03662790999286 59.24441206312688 42.04491345929195 47.67453781792422 39.671952157102396 51.99893026767466 52.11288613612282 45.82748380310374 59.24441206312688 44.07421430561888 73.72737331840719 63.46322351144893 54.600482547991774 53.35322266146439 19.827829276646057 25.859541631667216 57.320662746128576 47.3219032513565 33.51268327260031 53.35322266146439 57.23445569952969 51.80226604646188 56.67195050896288 44.07421430561888 53.01904509701516 53.075409484475855 58.30346935831127 54.600482547991774 31.33559628660224 61.93039825272609 64.37043914557788 43.7678309803322 38.09392095050876 61.93039825272609 59.73916999451879 83.33293862377505 25.859541631667216 31.7454144698597 56.67195050896288 25.859541631667216 45.94077643661136 36.65286543738005 41.81740427683497 40.62995459244787 29.59423791707553 33.238725007521374 63.46322351144893 60.88114017703266 32.26549548418153 54.600482547991774 31.23112959327585 42.04491345929195 46.97186458529687
51.001799835398565 57.23445569952969 57.320662746128576 36.65286543738005 53.2350585779653 52.56183485095633 53.2350585779653 33.238725007521374 37.314240421555255 63.039386501698246 48.89975570837091 53.35322266146439 72.22702001807568 29.59423791707553 27.987897027730977 48.538233792922036 94.57485466818048 52.07233580911426 51.393106486888584 51.393106486888584 59.73916999451879 0.0 83.33293862377505 39.5870994398687 60.0579568904757 32.716164390851574 54.39469158830508 31.7454144698597 43.63861155814288 60.86781920738182 60.86781920738182 52.56183485095633 33.97249909630786 22.813906386840394 39.671952157102396 31.836168846808636 35.72966870405568 19.09204275997427 38.09392095050876 53.075409484475855 60.88114017703266 57.9579138216932 63.46322351144893 60.86781920738182 23.22851535045651 60.88114017703266 32.26549548418153 42.04491345929195 72.03662790999286 45.82748380310374 47.53703936009174 83.33293862377505 45.92029483969951 51.393106486888584 32.640877554607805 39.671952157102396 70.67457721508049 57.23445569952969 33.238725007521374 58.30346935831127 46.97186458529687 19.827829276646057 31.7454144698597 58.30346935831127 52.56183485095633 74.91450308434058 33.7346623149902 56.62737544044283 53.561606904217015 70.13439371841383 57.23445569952969 25.859541631667216 65.61852009971324 66.6339639019074 54.600482547991774 83.33293862377505 33.97249909630786 51.001799835398565 69.24015922684859 40.76884736325877 33.238725007521374 22.56897908559842 63.46322351144893 52.11288613612282 40.76884736325877 60.0579568904757 23.22851535045651 35.72966870405568 43.63861155814288 57.320662746128576 66.85499774994678 26.230055257506667 40.76884736325877 33.51268327260031 19.827829276646057 58.77701364369511 19.827829276646057 60.88114017703266 24.354938119426617 41.81740427683497
