100
0.0 50.2185211728125 49.32294661091499 58.96428341802478 43.331320267104466 47.410058732087556 52.332601312057506 47.98802246703025 50.20425999945365 48.15950109319799 47.137447700810725 47.47628768092513 59.04730810670065 47.537947769343766 58.14558939101349 49.18078906976098 49.92557724218708 53.854432506853314 45.38408105836476 56.355350438068456 53.19984647681944 49.86455554705251 45.44125095112921 44.41766519233318 50.98593129725296 54.15124963027159 51.864596719706334 48.552250960400315 49.40632762276723 45.42667875459097 51.37109986180594 55.08427135100615 48.941624416082036 57.00604881086312 49.58507170593377 55.626266660696395 39.74084711189484 46.3892180514796 53.46443473525381 44.29455831264412 50.20425999945365 55.626266660696395 57.09667521176801 53.24660362979133 56.8896650283303 40.219730261949124 52.329336534589686 51.039831584850035 55.04380955778619 43.081385650305236 54.89978098209366 57.104441818741705 54.73213811671417 52.18016828185711 50.45191773886247 48.27370348643019 47.43892971444469 46.89118583404226 54.196387426501325 49.40632762276723 47.57264216504668 53.06164549746091 49.01225017798251 47.137447700810725 50.42573800650001 49.10463143982583 41.619728297469095 48.15950109319799 49.58507170593377 54.60735833536591 43.50099042340015 52.6142220341221 44.296516943187186 40.58240985719314 39.74084711189484 49.259605964970405 45.48044142422001 52.395808562246295 47.6864803703315 56.90313676833358 53.3634521997324 48.15950109319799 47.15585543133281 49.044591588946695 53.97494110320973 51.44094146324785 59.04730810670065 52.19950703194426 39.68736505849115 41.280255733443454 51.336857744734914 49.86455554705251 41.619728297469095 53.34642238343556 54.15124963027159 56.217703410156986 47.7870371734421 55.84088962554968 51.15957077249755 47.47628768092513
50.2185211728125 0.0 53.10501723809524 41.8901815473033 50.98593129725296 47.98802246703025 52.332601312057506 50.65819628358359 57.00604881086312 50.371679277673685 53.82374649322002 40.58240985719314 46.677394332701276 40.219730261949124 53.391333746736954 56.37369807010565 54.346305978666535 43.081385650305236 53.34642238343556 49.259605964970405 53.82374649322002 47.94537049847128 57.55869936277567 47.157174460524345 47.591432410710084 52.6142220341221 50.205954019455575 52.73267303282454 53.389046941943796 47.41689916261718 50.37868211472081 44.78178627629312 48.27370348643019 51.666595443186104 44.78178627629312 55.78840631189527 55.84088962554968 49.32294661091499 53.34642238343556 51.8439914685838 45.38408105836476 52.59931594597566 47.901558594871545 46.89118583404226 56.84703316585175 51.150517016183514 50.42573800650001 49.14588815030346 47.50649644162263 43.993262719823456 49.15763454910686 48.535531529614516 52.32241860434356 54.60735833536591 49.09888678979867 42.3887611563459 49.100388309017234 49.95417658986829 59.04730810670065 53.46443473525381 48.941624416082036 44.49457857436679 57.20130683032064 49.38952990018951 48.941624416082036 52.89067642058319 59.08687111373834 56.217703410156986 48.21869445316237 41.77479815775634 47.982424256283316 48.503355155338085 46.33290020765468 52.19950703194426 53.97494110320973 51.58262242929195 47.869642804473074 47.157174460524345 47.1914760748135 41.280255733443454 48.78345759031321 51.46647548409676 54.89978098209366 51.43588766199208 49.01225017798251 60.51417485122202 52.6142220341221 49.100388309017234 51.48091349040517 48.27370348643019 55.27056742974641 50.98593129725296 49.297922905586766 41.77479815775634 46.33290020765468 56.21009035641522 57.55869936277567 50.170973107410866 48.18604572996622 39.80209908107715
49.32294661091499 53.10501723809524 0.0 47.74531992144048 53.528434514889526 49.93644249796623 53.94415585752825 53.69491824971612 45.345100972219555 52.19950703194426 51.8439914685838 55.08427135100615 51.44219115970215 57.83633732365205 47.57264216504668 50.37868211472081 50.98593129725296 59.04730810670065 51.44094146324785 36.01124625935708 47.94537049847128 50.170973107410866 45.38408105836476 41.77479815775634 45.04118212612398 49.38952990018951 44.569427053737925 49.33339766944669 41.280255733443454 50.85858296938674 49.58507170593377 54.20228169957091 55.21585917299996 51.43588766199208 52.64989003769741 53.94415585752825 50.17978620434961 47.901558594871545 56.38814516918194 44.46155080581847 53.69491824971612 43.56543599428061 48.941624416082036 54.89461730765382 49.92557724218708 53.182291689363936 51.843545180375905 53.96515484098774 42.561638069907424 56.535853155076204 49.92557724218708 48.552250960400315 53.946407739886276 50.27116938986002 41.77479815775634 39.80209908107715 57.00604881086312 49.24790872834236 54.73213811671417 53.19984647681944 50.2185211728125 58.14558939101349 51.44219115970215 42.74560867971016 49.38952990018951 47.74531992144048 41.34332278498949 59.739586758865144 51.58262242929195 49.25150351211753 53.35322494555636 54.74974203274334 50.17978620434961 55.21585917299996 47.537947769343766 49.18078906976098 56.84703316585175 56.217703410156986 47.47628768092513 50.205954019455575 52.030385728650316 47.47628768092513 59.739586758865144 47.57264216504668 48.27370348643019 57.00604881086312 50.64598327232948 55.05877705375568 51.336857744734914 58.47876711458786 51.15957077249755 53.946407739886276 44.569427053737925 52.09778237167397 46.98892675869917 53.19984647681944 40.219730261949124 45.095180933124404 48.15950109319799 49.78499025664758
58.96428341802478 41.8901815473033 47.74531992144048 0.0 51.37109986180594 39.11185742876461 42.67435303602764 44.78178627629312 51.336857744734914 47.6864803703315 52.64989003769741 55.04380955778619 45.99688709659016 51.8439914685838 47.591432410710084 57.55869936277567 54.346305978666535 50.55083915209307 56.8896650283303 51.150517016183514 50.98593129725296 53.82374649322002 52.031145842703474 52.73267303282454 48.54681273484191 53.82374649322002 46.32889212193868 48.535531529614516 55.78840631189527 44.16198409532797 56.8896650283303 59.08687111373834 47.901558594871545 51.8439914685838 57.00604881086312 50.170973107410866 46.98892675869917 48.91201870083152 53.60390384602893 47.83445688084643 54.74974203274334 47.50649644162263 47.86708748928786 47.43970663610776 43.07824655165049 41.280255733443454 51.843545180375905 51.039831584850035 45.48044142422001 41.619728297469095 48.03828664405576 54.73213811671417 51.43588766199208 45.38408105836476 47.47628768092513 50.65819628358359 46.98892675869917 49.10463143982583 45.42667875459097 57.20130683032064 48.18604572996622 53.46443473525381 51.217928493637245 49.18078906976098 52.329336534589686 56.90313676833358 50.42573800650001 47.67438484764756 47.98802246703025 48.91201870083152 53.10501723809524 43.8104279444677 53.182291689363936 50.3255123556371 48.18604572996622 48.503355155338085 45.86905324873825 53.33857093292902 48.09578524304422 49.15763454910686 47.372210771346126 43.969481899085665 51.843545180375905 44.78178627629312 49.95417658986829 52.09778237167397 57.67754386323171 49.100388309017234 51.37109986180594 51.48091349040517 44.71709361983329 53.69491824971612 45.61559593822593 44.71709361983329 53.97494110320973 54.73213811671417 56.15186061726312 51.46647548409676 47.869642804473074 58.809459614955884
43.331320267104466 50.98593129725296 53.528434514889526 51.37109986180594 0.0 47.83445688084643 59.739586758865144 51.81573741368935 48.552250960400315 48.535531529614516 45.095180933124404 38.71342739542544 46.660939061034334 47.6864803703315 53.94415585752825 53.60390384602893 47.86708748928786 50.98593129725296 49.10649775941516 49.297922905586766 52.031145842703474 41.8901815473033 46.13468938733607 50.3255123556371 58.58164217879379 46.98892675869917 52.59931594597566 46.32889212193868 47.15585543133281 44.22990854078377 50.205954019455575 47.57264216504668 51.48091349040517 47.982424256283316 44.16198409532797 50.95631123283769 55.21585917299996 46.13468938733607 49.259605964970405 47.74531992144048 43.8104279444677 42.67435303602764 41.075588106522474 48.924570039416906 46.13468938733607 52.73267303282454 57.53467369872767 55.21585917299996 53.43947809685441 53.94415585752825 47.99314253207271 57.970159464611555 41.075588106522474 53.528434514889526 47.43892971444469 51.217928493637245 49.044591588946695 53.46443473525381 49.86455554705251 41.66269899549036 53.19984647681944 40.58240985719314 45.99688709659016 53.43947809685441 47.1914760748135 55.21585917299996 53.27469831030274 50.65819628358359 48.18604572996622 54.20228169957091 48.503355155338085 51.039831584850035 39.74084711189484 56.38814516918194 53.389046941943796 50.64598327232948 42.3887611563459 49.86455554705251 42.02787188834418 52.030385728650316 41.280255733443454 44.49457857436679 40.219730261949124 39.74084711189484 49.259605964970405 48.31254585232836 53.391333746736954 60.34774673468637 54.60735833536591 53.43947809685441 44.71709361983329 40.219730261949124 58.58164217879379 50.9488248752505 44.49457857436679 48.91201870083152 54.78026241622187 44.46155080581847 59.08687111373834 53.46443473525381
47.410058732087556 47.98802246703025 49.93644249796623 39.11185742876461 47.83445688084643 0.0 47.57264216504668 45.61559593822593 48.535531529614516 58.809459614955884 49.78499025664758 55.08427135100615 47.43970663610776 43.465631825964245 53.391333746736954 51.44094146324785 48.303041931812736 49.40632762276723 47.901558594871545 41.8901815473033 53.85199475817582 51.11959239926644 53.06164549746091 44.71709361983329 40.219730261949124 44.49457857436679 50.46932165325944 58.21947656976802 46.89118583404226 50.85099656695058 39.68736505849115 50.3255123556371 56.355350438068456 49.40632762276723 49.044591588946695 56.355350438068456 50.34806658462144 50.46932165325944 50.17978620434961 50.205954019455575 43.56543599428061 57.55869936277567 54.89461730765382 52.727168592970514 51.81573741368935 52.031145842703474 48.09578524304422 53.69491824971612 53.946407739886276 41.280255733443454 45.48044142422001 57.60218779745312 48.15950109319799 45.04118212612398 41.77479815775634 39.80209908107715 54.73213811671417 49.33339766944669 53.33857093292902 58.21947656976802 49.25150351211753 47.137447700810725 50.21481724344023 60.34774673468637 49.40632762276723 55.626266660696395 50.85099656695058 49.33339766944669 48.503355155338085 47.65665742255137 41.66269899549036 48.32812617085717 45.178303329259315 43.993262719823456 55.626266660696395 49.01225017798251 47.372210771346126 57.67754386323171 47.6864803703315 46.32889212193868 50.55083915209307 57.104441818741705 47.67438484764756 53.34642238343556 55.04380955778619 50.85099656695058 47.67438484764756 50.27116938986002 45.178303329259315 54.74974203274334 53.27469831030274 58.47876711458786 45.04118212612398 50.42573800650001 42.3887611563459 49.044591588946695 47.6864803703315 49.01225017798251 57.970159464611555 44.41766519233318
52.332601312057506 52.332601312057506 53.94415585752825 42.67435303602764 59.739586758865144 47.57264216504668 0.0 53.391333746736954 47.41689916261718 44.29455831264412 51.843545180375905 50.9488248752505 56.217703410156986 40.219730261949124 47.6864803703315 56.21009035641522 50.17978620434961 50.30433728613761 51.333942241066126 43.331320267104466 55.05877705375568 52.821624394126644 50.34806658462144 53.34642238343556 51.336857744734914 47.51062162587674 46.13468938733607 43.8104279444677 50.874854032987 57.09667521176801 49.33339766944669 40.219730261949124 54.89978098209366 56.15186061726312 48.535531529614516 49.044591588946695 50.17978620434961 60.310664944404394 40.219730261949124 57.53467369872767 53.34642238343556 40.58240985719314 51.333942241066126 58.21947656976802 56.21009035641522 49.40632762276723 39.11185742876461 49.86455554705251 53.182291689363936 51.039831584850035 50.17978620434961 50.30433728613761 54.89978098209366 42.561638069907424 41.280255733443454 39.74084711189484 56.8896650283303 44.569427053737925 57.83633732365205 53.391333746736954 55.78840631189527 50.19957728675697 53.76991105094533 51.44219115970215 48.503355155338085 50.30433728613761 52.746745866396154 43.56543599428061 58.81198975628283 46.299254975626404 54.15124963027159 51.58262242929195 47.137447700810725 49.92557724218708 47.43892971444469 39.74084711189484 51.43588766199208 38.71342739542544 49.32294661091499 53.946407739886276 53.96515484098774 55.84088962554968 48.552250960400315 50.170973107410866 52.89067642058319 53.391333746736954 50.55083915209307 53.94415585752825 54.20228169957091 55.05877705375568 55.21585917299996 55.05877705375568 55.626266660696395 55.924415008409845 49.044591588946695 54.78026241622187 49.297922905586766 56.21009035641522 52.59931594597566 50.46210391313193
47.98802246703025 50.65819628358359 53.69491824971612 44.78178627629312 51.81573741368935 45.61559593822593 53.391333746736954 0.0 43.993262719823456 59.08687111373834 43.465631825964245 39.74084711189484 50.19957728675697 51.44094146324785 48.924570039416906 52.030385728650316 58.14558939101349 47.537947769343766 44.71709361983329 53.94415585752825 39.80209908107715 51.44219115970215 53.33857093292902 43.969481899085665 60.310664944404394 51.48091349040517 45.48044142422001 41.619728297469095 51.333942241066126 53.182291689363936 49.10649775941516 53.854432506853314 57.55869936277567 50.37868211472081 47.537947769343766 57.09667521176801 42.3887611563459 49.95417658986829 49.297922905586766 46.98892675869917 50.33602338327441 49.78499025664758 50.33602338327441 39.955310730641116 43.83043104122376 47.47628768092513 50.46210391313193 56.355350438068456 42.67435303602764 52.6142220341221 51.15957077249755 52.821624394126644 51.37109986180594 36.01124625935708 44.22990854078377 46.3892180514796 53.946407739886276 57.104441818741705 53.97494110320973 53.76991105094533 54.73213811671417 47.15585543133281 53.528434514889526 47.202343262784545 53.82374649322002 55.626266660696395 39.11185742876461 48.31254585232836 52.727168592970514 53.96515484098774 41.66269899549036 44.22990854078377 53.946407739886276 56.21009035641522 60.310664944404394 56.217703410156986 47.1914760748135 45.178303329259315 46.33290020765468 39.74084711189484 49.22462945607574 44.46155080581847 54.94556836647473 47.74531992144048 42.02787188834418 52.030385728650316 57.00604881086312 51.039831584850035 47.43970663610776 50.37868211472081 50.65819628358359 45.095180933124404 50.874854032987 49.40632762276723 60.3946713057013 49.33339766944669 47.537947769343766 47.67438484764756 57.83633732365205 45.345100972219555
50.20425999945365 57.00604881086312 45.345100972219555 51.336857744734914 48.552250960400315 48.535531529614516 47.41689916261718 43.993262719823456 0.0 47.982424256283316 44.22990854078377 55.78052526824298 47.74531992144048 51.333942241066126 45.04118212612398 54.346305978666535 43.993262719823456 54.94556836647473 51.336857744734914 55.01214784120294 46.98892675869917 50.3255123556371 49.259605964970405 49.95417658986829 51.336857744734914 49.10649775941516 49.95417658986829 45.38408105836476 39.80209908107715 44.41766519233318 44.569427053737925 50.98593129725296 41.280255733443454 52.59931594597566 42.02787188834418 48.54681273484191 47.137447700810725 47.137447700810725 52.09778237167397 47.202343262784545 50.371679277673685 51.46647548409676 55.74858863385243 53.35322494555636 49.15763454910686 47.41689916261718 58.809459614955884 47.137447700810725 47.57264216504668 51.44094146324785 39.11185742876461 50.64598327232948 51.333942241066126 47.982424256283316 39.11185742876461 57.60218779745312 50.46932165325944 47.51062162587674 49.38952990018951 36.01124625935708 46.89118583404226 49.0975419349866 46.32889212193868 56.90313676833358 38.71342739542544 47.83445688084643 58.81198975628283 59.04730810670065 50.170973107410866 53.06494446879268 50.85858296938674 48.31254585232836 55.74858863385243 56.95706228082146 44.22990854078377 42.02787188834418 47.41689916261718 50.33602338327441 46.059377804853824 44.49457857436679 47.410058732087556 53.182291689363936 45.04118212612398 48.32812617085717 51.039831584850035 46.299254975626404 43.83043104122376 50.17978620434961 51.37109986180594 53.389046941943796 44.16198409532797 54.94556836647473 57.104441818741705 41.66269899549036 45.178303329259315 50.85099656695058 50.95631123283769 56.95706228082146 48.09578524304422 51.19778729155017
48.15950109319799 50.371679277673685 52.19950703194426 47.6864803703315 48.535531529614516 58.809459614955884 44.29455831264412 59.08687111373834 47.982424256283316 0.0 36.01124625935708 53.43947809685441 50.42573800650001 56.10213024937404 46.660939061034334 50.37868211472081 56.36113554335598 50.64598327232948 53.96515484098774 46.98892675869917 43.42552905453003 48.09578524304422 47.51062162587674 51.11959239926644 56.10213024937404 36.01124625935708 51.44094146324785 46.98892675869917 52.746745866396154 55.924415008409845 53.85199475817582 50.2185211728125 55.626266660696395 57.09667521176801 60.34774673468637 56.38814516918194 46.33290020765468 56.15186061726312 53.35322494555636 54.20228169957091 39.74084711189484 50.64598327232948 57.104441818741705 48.303041931812736 48.535531529614516 53.85199475817582 55.78840631189527 54.196387426501325 49.78499025664758 56.95706228082146 48.52823809700531 60.51417485122202 43.50099042340015 56.217703410156986 44.29455831264412 50.2185211728125 54.78026241622187 55.626266660696395 42.561638069907424 52.32241860434356 46.299254975626404 53.76991105094533 55.74858863385243 53.391333746736954 53.96515484098774 51.16680138559763 58.21947656976802 45.345100972219555 52.6142220341221 49.01225017798251 46.660939061034334 49.33339766944669 47.94537049847128 51.336857744734914 54.94556836647473 53.06494446879268 53.06164549746091 49.10649775941516 56.8896650283303 49.93644249796623 47.51062162587674 49.18078906976098 59.08687111373834 53.06494446879268 51.15957077249755 56.36113554335598 54.20228169957091 43.50099042340015 57.09667521176801 43.42552905453003 53.69491824971612 51.38001936500185 51.19778729155017 48.535531529614516 48.15950109319799 53.94415585752825 49.95417658986829 50.34806658462144 47.65665742255137 56.535853155076204
47.137447700810725 53.82374649322002 51.8439914685838 52.64989003769741 45.095180933124404 49.78499025664758 51.843545180375905 43.465631825964245 44.22990854078377 36.01124625935708 0.0 54.89461730765382 39.68736505849115 59.739586758865144 52.329336534589686 51.11959239926644 53.182291689363936 51.11959239926644 52.59931594597566 46.89118583404226 53.69491824971612 50.98593129725296 47.15585543133281 52.746745866396154 38.71342739542544 45.178303329259315 45.178303329259315 41.8901815473033 55.05877705375568 44.296516943187186 48.21869445316237 55.74858863385243 50.205954019455575 43.081385650305236 48.18604572996622 51.19778729155017 50.371679277673685 44.46155080581847 50.371679277673685 49.78499025664758 48.15950109319799 50.21481724344023 48.535531529614516 52.332601312057506 49.32294661091499 59.739586758865144 50.46210391313193 56.95706228082146 51.217928493637245 56.90313676833358 46.677394332701276 50.46932165325944 50.55083915209307 46.299254975626404 46.059377804853824 49.15763454910686 47.51062162587674 55.01214784120294 59.08687111373834 50.46210391313193 47.537947769343766 55.78840631189527 40.58240985719314 41.66269899549036 53.46443473525381 43.83043104122376 47.157174460524345 45.178303329259315 47.15585543133281 48.91201870083152 50.9488248752505 54.12739748080318 48.91201870083152 48.303041931812736 45.095180933124404 54.94556836647473 53.19984647681944 50.64598327232948 57.09667521176801 55.01214784120294 42.74560867971016 49.15763454910686 53.389046941943796 52.2722951865709 55.96445531454608 54.60735833536591 50.33472549193881 43.081385650305236 53.43947809685441 44.46155080581847 48.27370348643019 47.99314253207271 47.157174460524345 56.38814516918194 39.74084711189484 55.27056742974641 49.18078906976098 53.69491824971612 56.95706228082146 45.99688709659016
47.47628768092513 40.58240985719314 55.08427135100615 55.04380955778619 38.71342739542544 55.08427135100615 50.9488248752505 39.74084711189484 55.78052526824298 53.43947809685441 54.89461730765382 0.0 44.569427053737925 49.38952990018951 45.99688709659016 50.46210391313193 47.869642804473074 47.43892971444469 50.95631123283769 52.19950703194426 47.50649644162263 43.331320267104466 52.030385728650316 58.47876711458786 50.46210391313193 46.89118583404226 54.20228169957091 49.14588815030346 45.38408105836476 44.78178627629312 50.55083915209307 49.95417658986829 53.94415585752825 52.89067642058319 56.36113554335598 44.29455831264412 55.78052526824298 48.09578524304422 48.9921346751034 43.83043104122376 49.22462945607574 49.14588815030346 58.81198975628283 58.21947656976802 48.85520627711587 47.202343262784545 40.58240985719314 51.81573741368935 49.10463143982583 51.666595443186104 50.371679277673685 56.21009035641522 50.33602338327441 40.219730261949124 57.67754386323171 55.05877705375568 52.821624394126644 51.43588766199208 52.2722951865709 57.20130683032064 44.41766519233318 47.7870371734421 55.01214784120294 53.182291689363936 50.42573800650001 48.9921346751034 42.67435303602764 51.8439914685838 45.345100972219555 42.67435303602764 45.48044142422001 43.969481899085665 45.48044142422001 39.80209908107715 48.18604572996622 54.60735833536591 49.24790872834236 54.74974203274334 49.18078906976098 47.47628768092513 49.93644249796623 48.09578524304422 56.38814516918194 51.864596719706334 60.310664944404394 52.332601312057506 52.821624394126644 51.44219115970215 53.46443473525381 51.44094146324785 49.40632762276723 48.941624416082036 41.8901815473033 49.14588815030346 57.09667521176801 39.955310730641116 51.864596719706334 57.00604881086312 55.21585917299996 52.2722951865709
59.04730810670065 46.677394332701276 51.44219115970215 45.99688709659016 46.660939061034334 47.43970663610776 56.217703410156986 50.19957728675697 47.74531992144048 50.42573800650001 39.68736505849115 44.569427053737925 0.0 48.91201870083152 48.85520627711587 43.07824655165049 53.85199475817582 49.14588815030346 44.49457857436679 49.58507170593377 46.33290020765468 44.46155080581847 45.48044142422001 54.73213811671417 49.22462945607574 45.61559593822593 54.20228169957091 46.89118583404226 50.45191773886247 49.93644249796623 48.03828664405576 53.85199475817582 47.99314253207271 49.92557724218708 50.20425999945365 50.33472549193881 52.329336534589686 47.537947769343766 48.54681273484191 56.217703410156986 53.10501723809524 47.137447700810725 47.591432410710084 47.372210771346126 49.18078906976098 55.74858863385243 49.24790872834236 58.96428341802478 49.14588815030346 57.20130683032064 53.27469831030274 50.21481724344023 52.329336534589686 58.809459614955884 50.20425999945365 46.32889212193868 43.331320267104466 50.2185211728125 43.993262719823456 52.821624394126644 52.912131135402106 43.8104279444677 56.217703410156986 53.34827904230543 50.17978620434961 48.303041931812736 58.21947656976802 39.955310730641116 55.626266660696395 49.24790872834236 41.8901815473033 48.21869445316237 48.9921346751034 58.81198975628283 57.60218779745312 46.13468938733607 47.50649644162263 48.552250960400315 55.01214784120294 56.217703410156986 57.00604881086312 51.43588766199208 50.85099656695058 36.10149547515796 49.24790872834236 47.157174460524345 42.67435303602764 50.33602338327441 48.18604572996622 44.49457857436679 57.104441818741705 43.465631825964245 56.95706228082146 52.64989003769741 56.90313676833358 49.93644249796623 43.993262719823456 53.391333746736954 54.89978098209366 55.626266660696395
47.537947769343766 40.219730261949124 57.83633732365205 51.8439914685838 47.6864803703315 43.465631825964245 40.219730261949124 51.44094146324785 51.333942241066126 56.10213024937404 59.739586758865144 49.38952990018951 48.91201870083152 0.0 58.58164217879379 49.25150351211753 41.075588106522474 51.039831584850035 58.14558939101349 50.2185211728125 54.20228169957091 50.2185211728125 40.219730261949124 41.8901815473033 50.46210391313193 52.64989003769741 51.8439914685838 53.46443473525381 51.336857744734914 49.40632762276723 57.60218779745312 48.21869445316237 51.19778729155017 60.3946713057013 49.18078906976098 53.854432506853314 50.17978620434961 48.31254585232836 50.85858296938674 52.09778237167397 48.552250960400315 54.196387426501325 58.96428341802478 54.60735833536591 47.86708748928786 36.10149547515796 47.57264216504668 49.92557724218708 56.21009035641522 52.19950703194426 53.3634521997324 47.86708748928786 49.38952990018951 43.07824655165049 50.874854032987 58.58164217879379 57.60218779745312 47.74531992144048 58.14558939101349 55.96445531454608 46.299254975626404 54.78026241622187 52.031145842703474 45.38408105836476 52.821624394126644 48.09578524304422 55.96445531454608 51.44094146324785 49.100388309017234 50.37868211472081 48.03828664405576 44.71709361983329 42.3887611563459 51.217928493637245 53.19984647681944 51.11959239926644 51.46647548409676 39.11185742876461 58.58164217879379 54.73213811671417 49.09888678979867 51.150517016183514 49.0975419349866 55.84088962554968 41.8901815473033 38.71342739542544 53.33857093292902 48.54681273484191 47.50649644162263 46.33290020765468 52.821624394126644 52.73267303282454 49.297922905586766 54.73213811671417 58.14558939101349 43.331320267104466 48.535531529614516 54.89461730765382 43.50099042340015 47.51062162587674
58.14558939101349 53.391333746736954 47.57264216504668 47.591432410710084 53.94415585752825 53.391333746736954 47.6864803703315 48.924570039416906 45.04118212612398 46.660939061034334 52.329336534589686 45.99688709659016 48.85520627711587 58.58164217879379 0.0 56.36113554335598 51.11959239926644 50.42573800650001 55.27056742974641 54.73213811671417 52.727168592970514 53.97494110320973 36.01124625935708 49.10649775941516 52.912131135402106 46.33290020765468 49.58507170593377 50.17978620434961 42.561638069907424 47.83445688084643 50.30433728613761 58.81198975628283 50.34806658462144 48.303041931812736 58.81198975628283 47.57264216504668 55.626266660696395 48.9921346751034 47.537947769343766 47.74531992144048 55.21585917299996 53.97494110320973 51.93430003693527 44.49457857436679 45.42667875459097 51.11959239926644 53.85199475817582 52.031145842703474 51.43588766199208 47.7870371734421 47.94537049847128 60.3946713057013 47.202343262784545 53.76991105094533 45.44125095112921 49.01225017798251 56.355350438068456 53.3634521997324 58.14558939101349 49.044591588946695 49.38952990018951 47.67438484764756 50.64598327232948 56.21009035641522 58.809459614955884 52.332601312057506 54.20228169957091 49.18078906976098 41.77479815775634 52.395808562246295 53.06494446879268 58.14558939101349 50.21481724344023 53.35322494555636 50.874854032987 52.16481977362268 47.410058732087556 56.355350438068456 45.61559593822593 50.64598327232948 51.666595443186104 57.970159464611555 56.95706228082146 47.372210771346126 42.74560867971016 51.58262242929195 53.85199475817582 52.821624394126644 52.727168592970514 53.06494446879268 49.01225017798251 43.969481899085665 56.8896650283303 56.8896650283303 51.15957077249755 44.71709361983329 58.47876711458786 56.10213024937404 53.96515484098774 56.21009035641522
49.18078906976098 56.37369807010565 50.37868211472081 57.55869936277567 53.60390384602893 51.44094146324785 56.21009035641522 52.030385728650316 54.346305978666535 50.37868211472081 51.11959239926644 50.46210391313193 43.07824655165049 49.25150351211753 56.36113554335598 0.0 57.67754386323171 57.53467369872767 48.54681273484191 46.13468938733607 51.19778729155017 54.94556836647473 55.96445531454608 41.280255733443454 46.98892675869917 47.41689916261718 47.137447700810725 43.969481899085665 47.43892971444469 50.34806658462144 51.19778729155017 52.395808562246295 46.299254975626404 50.55083915209307 43.465631825964245 50.21481724344023 50.45191773886247 43.42552905453003 57.60218779745312 56.355350438068456 55.96445531454608 57.67754386323171 52.031145842703474 47.6864803703315 50.33472549193881 50.30433728613761 50.46210391313193 36.01124625935708 49.044591588946695 46.059377804853824 49.24790872834236 49.40632762276723 48.78345759031321 44.46155080581847 49.297922905586766 42.561638069907424 47.94537049847128 39.11185742876461 42.67435303602764 44.71709361983329 51.333942241066126 57.55869936277567 51.333942241066126 52.912131135402106 51.16680138559763 51.37109986180594 43.331320267104466 57.970159464611555 48.32812617085717 57.09667521176801 53.389046941943796 47.57264216504668 38.71342739542544 56.95706228082146 50.98593129725296 47.901558594871545 50.42573800650001 50.27116938986002 51.11959239926644 47.202343262784545 58.58164217879379 52.09778237167397 54.15124963027159 57.104441818741705 51.843545180375905 48.91201870083152 59.739586758865144 45.095180933124404 50.874854032987 52.32241860434356 47.537947769343766 60.34774673468637 52.19950703194426 50.34806658462144 48.78345759031321 41.77479815775634 53.854432506853314 55.21585917299996 52.727168592970514 50.85858296938674
49.92557724218708 54.346305978666535 50.98593129725296 54.346305978666535 47.86708748928786 48.303041931812736 50.17978620434961 58.14558939101349 43.993262719823456 56.36113554335598 53.182291689363936 47.869642804473074 53.85199475817582 41.075588106522474 51.11959239926644 57.67754386323171 0.0 44.49457857436679 50.37868211472081 40.219730261949124 53.946407739886276 52.912131135402106 55.01214784120294 50.30433728613761 52.395808562246295 48.303041931812736 50.64598327232948 48.78345759031321 54.196387426501325 49.93644249796623 56.95706228082146 50.34806658462144 53.391333746736954 51.150517016183514 58.58164217879379 52.6142220341221 49.09888678979867 47.1914760748135 47.98802246703025 51.864596719706334 49.92557724218708 58.81198975628283 53.528434514889526 52.395808562246295 39.11185742876461 38.71342739542544 39.11185742876461 54.78026241622187 50.20425999945365 53.82374649322002 47.1914760748135 49.38952990018951 50.55083915209307 44.49457857436679 47.94537049847128 51.43588766199208 48.503355155338085 41.280255733443454 51.38001936500185 51.44219115970215 47.591432410710084 41.66269899549036 52.09778237167397 53.946407739886276 47.99314253207271 58.47876711458786 52.332601312057506 47.41689916261718 55.08427135100615 44.46155080581847 56.38814516918194 49.38952990018951 53.85199475817582 47.137447700810725 51.16680138559763 43.331320267104466 47.99314253207271 49.01225017798251 49.22462945607574 49.25150351211753 52.329336534589686 55.84088962554968 50.2185211728125 49.58507170593377 48.91201870083152 44.78178627629312 47.28180470011604 41.075588106522474 53.19984647681944 47.157174460524345 57.970159464611555 47.372210771346126 59.04730810670065 53.34827904230543 44.22990854078377 51.843545180375905 47.901558594871545 54.94556836647473 58.47876711458786 48.18604572996622
53.854432506853314 43.081385650305236 59.04730810670065 50.55083915209307 50.98593129725296 49.40632762276723 50.30433728613761 47.537947769343766 54.94556836647473 50.64598327232948 51.11959239926644 47.43892971444469 49.14588815030346 51.039831584850035 50.42573800650001 57.53467369872767 44.49457857436679 0.0 48.32812617085717 51.333942241066126 43.07824655165049 49.58507170593377 47.43970663610776 57.53467369872767 53.69491824971612 53.19984647681944 52.16481977362268 45.48044142422001 42.74560867971016 51.37109986180594 52.727168592970514 50.33472549193881 51.8439914685838 45.345100972219555 50.95631123283769 50.98593129725296 45.44125095112921 53.43947809685441 49.32294661091499 47.94537049847128 51.44219115970215 47.99314253207271 47.57264216504668 50.64598327232948 48.03828664405576 56.38814516918194 47.157174460524345 48.32812617085717 46.89118583404226 52.329336534589686 56.8896650283303 56.38814516918194 51.217928493637245 51.666595443186104 49.22462945607574 55.96445531454608 46.33290020765468 53.182291689363936 51.039831584850035 52.32241860434356 47.869642804473074 55.27056742974641 49.38952990018951 47.67438484764756 54.60735833536591 44.71709361983329 57.970159464611555 51.44219115970215 45.345100972219555 42.67435303602764 47.47628768092513 49.044591588946695 47.67438484764756 47.137447700810725 50.20425999945365 47.50649644162263 55.74858863385243 52.32241860434356 54.15124963027159 42.74560867971016 43.969481899085665 49.09888678979867 48.31254585232836 56.37369807010565 53.182291689363936 44.569427053737925 44.41766519233318 49.32294661091499 47.1914760748135 55.96445531454608 42.74560867971016 60.34774673468637 52.395808562246295 47.1914760748135 45.095180933124404 44.16198409532797 43.331320267104466 47.7870371734421 39.11185742876461 45.61559593822593
45.38408105836476 53.34642238343556 51.44094146324785 56.8896650283303 49.10649775941516 47.901558594871545 51.333942241066126 44.71709361983329 51.336857744734914 53.96515484098774 52.59931594597566 50.95631123283769 44.49457857436679 58.14558939101349 55.27056742974641 48.54681273484191 50.37868211472081 48.32812617085717 0.0 52.6142220341221 46.299254975626404 53.82374649322002 48.303041931812736 53.85199475817582 47.65665742255137 53.182291689363936 45.99688709659016 45.48044142422001 48.91201870083152 52.09778237167397 45.42667875459097 47.6864803703315 46.33290020765468 43.42552905453003 47.372210771346126 54.89978098209366 49.24790872834236 46.32889212193868 52.329336534589686 53.182291689363936 53.946407739886276 55.924415008409845 48.924570039416906 47.98802246703025 53.3634521997324 55.01214784120294 51.43588766199208 53.43947809685441 44.49457857436679 50.205954019455575 51.15957077249755 51.666595443186104 50.20425999945365 55.04380955778619 47.98802246703025 46.33290020765468 47.57264216504668 44.71709361983329 42.67435303602764 53.43947809685441 55.05877705375568 50.33602338327441 49.78499025664758 57.53467369872767 53.946407739886276 60.51417485122202 56.217703410156986 39.955310730641116 48.535531529614516 53.24660362979133 54.60735833536591 57.00604881086312 50.46210391313193 43.83043104122376 56.37369807010565 53.60390384602893 55.27056742974641 50.98593129725296 60.51417485122202 50.98593129725296 56.37369807010565 53.854432506853314 56.8896650283303 59.08687111373834 52.912131135402106 53.76991105094533 40.219730261949124 50.3255123556371 48.535531529614516 45.99688709659016 53.06494446879268 48.15950109319799 41.77479815775634 43.07824655165049 49.10649775941516 51.333942241066126 60.51417485122202 39.80209908107715 48.535531529614516 45.04118212612398
56.355350438068456 49.259605964970405 36.01124625935708 51.150517016183514 49.297922905586766 41.8901815473033 43.331320267104466 53.94415585752825 55.01214784120294 46.98892675869917 46.89118583404226 52.19950703194426 49.58507170593377 50.2185211728125 54.73213811671417 46.13468938733607 40.219730261949124 51.333942241066126 52.6142220341221 0.0 44.29455831264412 49.93644249796623 49.14588815030346 53.33857093292902 44.71709361983329 52.09778237167397 47.65665742255137 49.0975419349866 53.06164549746091 46.33290020765468 53.24660362979133 52.09778237167397 51.93430003693527 47.591432410710084 51.217928493637245 42.3887611563459 51.44094146324785 43.993262719823456 53.43947809685441 52.395808562246295 58.21947656976802 39.80209908107715 47.51062162587674 50.21481724344023 51.37109986180594 55.21585917299996 56.217703410156986 49.09888678979867 52.6142220341221 55.27056742974641 54.346305978666535 50.85099656695058 48.9921346751034 41.280255733443454 47.1914760748135 59.04730810670065 48.18604572996622 51.16680138559763 47.28180470011604 53.389046941943796 39.11185742876461 47.65665742255137 53.69491824971612 48.303041931812736 42.561638069907424 57.00604881086312 47.98802246703025 49.86455554705251 54.89978098209366 46.89118583404226 52.395808562246295 49.38952990018951 43.465631825964245 55.78840631189527 50.33472549193881 45.48044142422001 52.912131135402106 53.946407739886276 49.22462945607574 41.8901815473033 51.8439914685838 38.71342739542544 57.67754386323171 39.11185742876461 42.02787188834418 50.42573800650001 50.45191773886247 44.49457857436679 52.030385728650316 51.38001936500185 47.43970663610776 50.3255123556371 52.031145842703474 52.32241860434356 52.2722951865709 51.44219115970215 48.32812617085717 52.73267303282454 50.3255123556371 50.3255123556371
53.19984647681944 53.82374649322002 47.94537049847128 50.98593129725296 52.031145842703474 53.85199475817582 55.05877705375568 39.80209908107715 46.98892675869917 43.42552905453003 53.69491824971612 47.50649644162263 46.33290020765468 54.20228169957091 52.727168592970514 51.19778729155017 53.946407739886276 43.07824655165049 46.299254975626404 44.29455831264412 0.0 42.561638069907424 48.15950109319799 44.41766519233318 54.346305978666535 56.36113554335598 39.11185742876461 54.94556836647473 52.09778237167397 48.03828664405576 48.52823809700531 48.31254585232836 51.44219115970215 52.031145842703474 56.355350438068456 56.84703316585175 45.42667875459097 51.666595443186104 51.46647548409676 50.34806658462144 51.039831584850035 48.552250960400315 43.331320267104466 52.395808562246295 58.58164217879379 44.569427053737925 47.28180470011604 53.85199475817582 47.43892971444469 49.58507170593377 58.81198975628283 50.20425999945365 49.14588815030346 53.33857093292902 51.217928493637245 49.100388309017234 47.1914760748135 51.46647548409676 49.14588815030346 60.51417485122202 56.36113554335598 46.299254975626404 49.15763454910686 39.74084711189484 54.74974203274334 48.21869445316237 53.76991105094533 42.3887611563459 44.49457857436679 50.85099656695058 57.67754386323171 48.31254585232836 57.55869936277567 46.677394332701276 58.58164217879379 43.56543599428061 54.94556836647473 55.78840631189527 41.77479815775634 56.37369807010565 48.9921346751034 57.970159464611555 39.955310730641116 47.83445688084643 50.20425999945365 44.41766519233318 49.100388309017234 57.09667521176801 57.00604881086312 41.075588106522474 52.395808562246295 47.51062162587674 49.0975419349866 55.96445531454608 50.874854032987 47.67438484764756 57.104441818741705 45.61559593822593 50.95631123283769 53.24660362979133
49.86455554705251 47.94537049847128 50.170973107410866 53.82374649322002 41.8901815473033 51.11959239926644 52.821624394126644 51.44219115970215 50.3255123556371 48.09578524304422 50.98593129725296 43.331320267104466 44.46155080581847 50.2185211728125 53.97494110320973 54.94556836647473 52.912131135402106 49.58507170593377 53.82374649322002 49.93644249796623 42.561638069907424 0.0 55.04380955778619 58.47876711458786 50.3255123556371 52.09778237167397 53.3634521997324 58.21947656976802 51.44094146324785 52.031145842703474 49.0975419349866 47.47628768092513 49.100388309017234 44.296516943187186 51.843545180375905 41.8901815473033 60.51417485122202 53.854432506853314 47.98802246703025 43.465631825964245 50.65819628358359 56.535853155076204 47.67438484764756 42.74560867971016 53.35322494555636 47.51062162587674 56.90313676833358 54.89978098209366 45.095180933124404 43.83043104122376 52.332601312057506 46.98892675869917 50.9488248752505 50.65819628358359 49.15763454910686 50.55083915209307 58.21947656976802 50.9488248752505 51.37109986180594 44.78178627629312 48.03828664405576 49.15763454910686 49.38952990018951 48.85520627711587 43.331320267104466 53.3634521997324 51.46647548409676 46.89118583404226 44.16198409532797 49.10649775941516 47.41689916261718 60.310664944404394 44.22990854078377 47.410058732087556 56.15186061726312 55.08427135100615 57.60218779745312 50.64598327232948 41.619728297469095 47.83445688084643 60.34774673468637 57.00604881086312 49.32294661091499 52.19950703194426 47.74531992144048 49.93644249796623 55.84088962554968 44.41766519233318 46.3892180514796 48.924570039416906 54.89461730765382 49.78499025664758 49.01225017798251 47.47628768092513 41.66269899549036 57.00604881086312 43.8104279444677 52.821624394126644 47.202343262784545 50.874854032987
