100
0.0 126.13684639838768 150.67616268320367 123.51480659625527 150.8098087401338 111.73544516724895 98.78913369608867 169.61932995613964 196.87494118577322 146.97778239458756 179.60652410712768 150.67616268320367 115.14619681391541 98.78913369608867 169.55148226326892 175.40637866715218 150.8098087401338 148.230478688007 104.09753492565213 144.18018024138962 113.09829380406725 175.40637866715218 161.47085045036118 136.14774524102137 98.78913369608867 146.97778239458756 137.34517436638376 179.60652410712768 130.46127883968438 175.40637866715218 145.84707971314276 136.22999771415752 182.30603398608216 146.9017723044751 95.68942920887793 179.31344865085433 179.31344865085433 139.13399861806772 103.85468185465956 146.9017723044751 149.98773449738778 142.3356476674029 158.57883670859619 134.82292165686792 156.18888673373453 162.76468055977145 149.98773449738778 123.51480659625527 146.97778239458756 150.52983674598624 145.84707971314276 120.7446341080551 130.46127883968438 188.26190449736094 143.73551802682348 150.8098087401338 131.4852820656887 115.14619681391541 130.97457462523064 149.98773449738778 148.44058232370264 119.60323455629975 179.31344865085433 124.76588257737336 165.56141730005126 155.63247628594056 142.3356476674029 156.18888673373453 124.17852781695355 150.8098087401338 175.77086825103723 111.73544516724895 169.8343701436084 131.4852820656887 123.80597429776549 117.1639048536844 150.8098087401338 136.21899639158497 115.14619681391541 148.77759149053736 129.76714342635577 144.18018024138962 139.13399861806772 165.56141730005126 126.13684639838768 150.67616268320367 154.0382844137959 159.64387708707125 156.79587255103672 165.26041921594748 159.69842903199853 95.68942920887793 159.69842903199853 144.56255828995103 150.52983674598624 115.14619681391541 123.80597429776549 120.1747104596647 130.97457462523064 149.98773449738778
126.13684639838768 0.0 155.07256398912907 172.40828215004802 144.22521635081648 130.46127883968438 166.15281253790369 136.67430274522278 188.26190449736094 95.68942920887793 175.87625914003092 95.68942920887793 156.18888673373453 145.5770673083032 124.17852781695355 136.60453872536903 169.55148226326892 104.09753492565213 204.84438638585394 157.39572246455953 126.13684639838768 144.18018024138962 161.47085045036118 113.09829380406725 160.43192614517503 178.65762423545297 159.64387708707125 147.05383241636665 123.80597429776549 143.73551802682348 146.97778239458756 160.43192614517503 148.44058232370264 131.03743467350168 124.76588257737336 146.9017723044751 123.80597429776549 143.73551802682348 165.70423006159416 117.1639048536844 144.56255828995103 159.90648251771597 175.77086825103723 130.46127883968438 166.36440999380346 115.89864954074326 136.21899639158497 145.5770673083032 148.44058232370264 150.67616268320367 176.6597641070925 126.13684639838768 180.87463828249716 160.43192614517503 123.80597429776549 124.17852781695355 119.60323455629975 175.87625914003092 175.92381159156741 134.82292165686792 129.76714342635577 143.73551802682348 131.03743467350168 148.44058232370264 147.05383241636665 176.6597641070925 148.77759149053736 136.67430274522278 117.7033515223219 130.46127883968438 156.79587255103672 175.92381159156741 176.6597641070925 160.43192614517503 149.98773449738778 148.44058232370264 172.40828215004802 179.31344865085433 169.69436426456258 182.4376267385207 144.56255828995103 120.1747104596647 150.52983674598624 175.40637866715218 117.1639048536844 130.46127883968438 124.76588257737336 159.64387708707125 127.69536832675432 139.13399861806772 130.97457462523064 119.60323455629975 91.46283937541392 162.76468055977145 126.13684639838768 139.17601493699323 130.97457462523064 162.76468055977145 196.87494118577322 104.09753492565213
150.67616268320367 155.07256398912907 0.0 120.7446341080551 130.46127883968438 148.77759149053736 95.68942920887793 144.95327709831187 91.46283937541392 136.21899639158497 169.61932995613964 113.09829380406725 150.8098087401338 156.79587255103672 136.21899639158497 165.70423006159416 182.4376267385207 140.20533214516465 148.230478688007 123.80597429776549 179.31344865085433 163.49066708215173 148.230478688007 150.67616268320367 95.68942920887793 146.97778239458756 98.78913369608867 169.69436426456258 136.22999771415752 139.17601493699323 179.31344865085433 136.14774524102137 175.87625914003092 156.18888673373453 119.60323455629975 163.49066708215173 142.3356476674029 139.13399861806772 169.61932995613964 148.230478688007 91.46283937541392 120.1747104596647 131.03743467350168 154.0382844137959 169.31505090070104 130.97457462523064 95.68942920887793 98.78913369608867 159.90648251771597 172.40828215004802 127.69536832675432 146.97778239458756 161.47085045036118 175.92381159156741 155.63247628594056 182.4376267385207 169.55148226326892 166.75342925447882 156.1263513315387 196.87494118577322 120.1747104596647 98.78913369608867 172.40828215004802 188.26190449736094 127.69536832675432 124.76588257737336 175.40637866715218 136.67430274522278 95.68942920887793 161.47085045036118 120.1747104596647 156.1263513315387 139.17601493699323 144.18018024138962 180.87463828249716 95.68942920887793 157.39572246455953 130.46127883968438 169.8343701436084 159.64387708707125 115.14619681391541 127.69536832675432 130.97457462523064 145.84707971314276 150.67616268320367 175.92381159156741 166.75342925447882 136.22999771415752 169.31505090070104 166.36440999380346 182.30603398608216 95.68942920887793 139.13399861806772 115.89864954074326 120.7446341080551 136.21899639158497 117.7033515223219 150.8098087401338 148.230478688007 160.43192614517503
123.51480659625527 172.40828215004802 120.7446341080551 0.0 175.40637866715218 127.69536832675432 165.70423006159416 131.03743467350168 169.31505090070104 148.77759149053736 156.18888673373453 179.60652410712768 139.13399861806772 144.95327709831187 113.09829380406725 140.20533214516465 136.14774524102137 169.8343701436084 119.60323455629975 176.6785286634693 162.76468055977145 196.87494118577322 160.71329175311382 172.40828215004802 145.5770673083032 178.65762423545297 175.40637866715218 98.78913369608867 104.09753492565213 142.3356476674029 169.8343701436084 160.71329175311382 196.87494118577322 129.76714342635577 160.71329175311382 145.5770673083032 148.44058232370264 155.07256398912907 175.92381159156741 155.63247628594056 157.39572246455953 120.7446341080551 131.4852820656887 165.56141730005126 131.4852820656887 111.73544516724895 137.34517436638376 150.52983674598624 117.1639048536844 178.65762423545297 148.77759149053736 159.90648251771597 139.13399861806772 156.1263513315387 196.87494118577322 148.44058232370264 175.92381159156741 175.40637866715218 104.09753492565213 150.52983674598624 150.52983674598624 124.76588257737336 204.84438638585394 175.87625914003092 159.69842903199853 148.44058232370264 130.46127883968438 136.60453872536903 180.87463828249716 175.77086825103723 166.75342925447882 158.57883670859619 204.84438638585394 180.87463828249716 136.21899639158497 136.60453872536903 159.64387708707125 139.17601493699323 119.60323455629975 160.43192614517503 140.20533214516465 136.21899639158497 172.40828215004802 136.21899639158497 165.26041921594748 159.90648251771597 130.46127883968438 91.46283937541392 136.22999771415752 165.26041921594748 117.1639048536844 148.44058232370264 143.73551802682348 142.3356476674029 142.3356476674029 150.52983674598624 117.1639048536844 159.64387708707125 136.22999771415752 160.43192614517503
150.8098087401338 144.22521635081648 130.46127883968438 175.40637866715218 0.0 146.97778239458756 137.34517436638376 188.90581687857548 111.73544516724895 150.52983674598624 117.1639048536844 137.34517436638376 117.7033515223219 140.20533214516465 139.17601493699323 150.67616268320367 155.63247628594056 162.76468055977145 129.76714342635577 188.26190449736094 165.56141730005126 150.52983674598624 176.6785286634693 91.46283937541392 148.77759149053736 150.8098087401338 159.90648251771597 123.51480659625527 136.67430274522278 175.77086825103723 156.18888673373453 124.17852781695355 145.77714132566683 180.87463828249716 140.20533214516465 140.20533214516465 175.87625914003092 111.73544516724895 178.65762423545297 115.89864954074326 182.30603398608216 160.43192614517503 115.14619681391541 91.46283937541392 117.1639048536844 120.1747104596647 142.3356476674029 155.63247628594056 111.73544516724895 159.69842903199853 159.64387708707125 159.69842903199853 123.51480659625527 166.36440999380346 175.40637866715218 196.87494118577322 130.46127883968438 175.87625914003092 146.97778239458756 151.9868229603982 145.5770673083032 175.87625914003092 115.89864954074326 156.79587255103672 130.46127883968438 126.13684639838768 148.44058232370264 160.43192614517503 115.89864954074326 151.9868229603982 155.63247628594056 165.70423006159416 134.82292165686792 182.30603398608216 136.22999771415752 139.13399861806772 159.90648251771597 98.78913369608867 146.9017723044751 175.87625914003092 148.230478688007 126.13684639838768 166.15281253790369 188.90581687857548 169.69436426456258 136.67430274522278 104.09753492565213 111.73544516724895 196.87494118577322 150.8098087401338 175.92381159156741 169.8343701436084 147.05383241636665 180.87463828249716 136.60453872536903 162.76468055977145 115.89864954074326 172.40828215004802 130.97457462523064 188.90581687857548
111.73544516724895 130.46127883968438 148.77759149053736 127.69536832675432 146.97778239458756 0.0 124.76588257737336 111.73544516724895 115.89864954074326 163.49066708215173 148.230478688007 134.82292165686792 98.78913369608867 134.82292165686792 188.26190449736094 163.49066708215173 129.76714342635577 130.46127883968438 124.17852781695355 115.89864954074326 169.8343701436084 163.49066708215173 145.77714132566683 172.40828215004802 169.8343701436084 139.17601493699323 159.69842903199853 123.80597429776549 127.69536832675432 117.1639048536844 143.73551802682348 176.6597641070925 146.9017723044751 115.89864954074326 169.69436426456258 161.47085045036118 98.78913369608867 91.46283937541392 131.4852820656887 145.84707971314276 98.78913369608867 124.17852781695355 144.56255828995103 172.40828215004802 169.31505090070104 158.57883670859619 136.67430274522278 155.07256398912907 124.17852781695355 169.31505090070104 175.92381159156741 139.17601493699323 159.90648251771597 127.69536832675432 165.56141730005126 160.43192614517503 115.89864954074326 162.76468055977145 144.22521635081648 130.46127883968438 144.95327709831187 182.4376267385207 151.9868229603982 148.230478688007 188.26190449736094 156.1263513315387 176.6597641070925 172.40828215004802 150.67616268320367 148.77759149053736 160.43192614517503 145.84707971314276 169.61932995613964 95.68942920887793 150.52983674598624 131.03743467350168 157.39572246455953 145.84707971314276 150.52983674598624 103.85468185465956 104.09753492565213 175.87625914003092 178.65762423545297 176.6785286634693 136.14774524102137 169.61932995613964 130.46127883968438 148.230478688007 104.09753492565213 150.67616268320367 166.36440999380346 136.60453872536903 182.30603398608216 131.4852820656887 176.6785286634693 136.67430274522278 147.05383241636665 148.77759149053736 136.22999771415752 166.36440999380346
98.78913369608867 166.15281253790369 95.68942920887793 165.70423006159416 137.34517436638376 124.76588257737336 0.0 126.13684639838768 169.61932995613964 165.70423006159416 169.8575900191859 204.84438638585394 148.230478688007 146.9017723044751 120.1747104596647 179.60652410712768 130.46127883968438 169.55148226326892 166.75342925447882 115.14619681391541 165.70423006159416 136.22999771415752 158.57883670859619 111.73544516724895 160.71329175311382 157.39572246455953 180.87463828249716 165.56141730005126 136.21899639158497 166.15281253790369 169.69436426456258 117.7033515223219 144.56255828995103 188.26190449736094 176.6785286634693 188.26190449736094 115.14619681391541 150.8098087401338 137.34517436638376 180.87463828249716 131.4852820656887 156.79587255103672 113.09829380406725 143.73551802682348 148.44058232370264 146.97778239458756 175.92381159156741 130.46127883968438 165.26041921594748 136.22999771415752 182.30603398608216 120.7446341080551 98.78913369608867 150.8098087401338 144.95327709831187 129.76714342635577 144.18018024138962 166.15281253790369 159.69842903199853 172.40828215004802 188.90581687857548 175.77086825103723 124.76588257737336 117.1639048536844 130.97457462523064 148.230478688007 159.69842903199853 175.77086825103723 179.60652410712768 136.60453872536903 154.0382844137959 98.78913369608867 129.76714342635577 139.13399861806772 115.14619681391541 160.43192614517503 169.69436426456258 144.95327709831187 148.77759149053736 169.55148226326892 137.34517436638376 169.55148226326892 161.47085045036118 176.6597641070925 124.76588257737336 126.13684639838768 160.43192614517503 179.60652410712768 179.60652410712768 147.05383241636665 113.09829380406725 156.18888673373453 155.63247628594056 127.69536832675432 151.9868229603982 144.22521635081648 149.98773449738778 146.9017723044751 130.97457462523064 144.56255828995103
169.61932995613964 136.67430274522278 144.95327709831187 131.03743467350168 188.90581687857548 111.73544516724895 126.13684639838768 0.0 165.56141730005126 126.13684639838768 117.1639048536844 136.60453872536903 165.56141730005126 123.51480659625527 165.26041921594748 139.13399861806772 169.8575900191859 161.47085045036118 145.84707971314276 148.230478688007 144.22521635081648 166.36440999380346 131.03743467350168 166.36440999380346 144.56255828995103 160.71329175311382 159.69842903199853 146.97778239458756 111.73544516724895 175.77086825103723 179.31344865085433 91.46283937541392 91.46283937541392 175.77086825103723 145.5770673083032 103.85468185465956 117.7033515223219 159.90648251771597 161.47085045036118 144.56255828995103 130.97457462523064 148.77759149053736 136.67430274522278 144.22521635081648 169.69436426456258 91.46283937541392 144.95327709831187 111.73544516724895 188.26190449736094 172.40828215004802 117.1639048536844 175.87625914003092 140.20533214516465 160.71329175311382 179.60652410712768 145.77714132566683 117.7033515223219 150.67616268320367 104.09753492565213 136.60453872536903 150.52983674598624 159.64387708707125 160.71329175311382 176.6597641070925 166.75342925447882 149.98773449738778 204.84438638585394 91.46283937541392 175.87625914003092 144.95327709831187 188.26190449736094 159.69842903199853 162.76468055977145 126.13684639838768 179.31344865085433 130.46127883968438 169.8575900191859 175.77086825103723 156.79587255103672 165.70423006159416 147.05383241636665 145.77714132566683 117.7033515223219 144.95327709831187 144.18018024138962 131.03743467350168 136.22999771415752 145.5770673083032 204.84438638585394 131.03743467350168 129.76714342635577 163.49066708215173 120.1747104596647 172.40828215004802 158.57883670859619 172.40828215004802 178.65762423545297 117.1639048536844 169.31505090070104 130.46127883968438
196.87494118577322 188.26190449736094 91.46283937541392 169.31505090070104 111.73544516724895 115.89864954074326 169.61932995613964 165.56141730005126 0.0 150.8098087401338 148.44058232370264 123.51480659625527 196.87494118577322 148.230478688007 175.92381159156741 126.13684639838768 176.6597641070925 165.56141730005126 175.92381159156741 156.18888673373453 160.71329175311382 144.22521635081648 204.84438638585394 175.40637866715218 161.47085045036118 160.71329175311382 130.97457462523064 130.97457462523064 117.1639048536844 175.87625914003092 150.8098087401338 166.15281253790369 155.07256398912907 115.14619681391541 166.75342925447882 115.89864954074326 95.68942920887793 188.90581687857548 148.77759149053736 155.63247628594056 160.71329175311382 180.87463828249716 117.1639048536844 155.07256398912907 156.79587255103672 136.22999771415752 158.57883670859619 179.31344865085433 204.84438638585394 150.8098087401338 169.31505090070104 196.87494118577322 155.07256398912907 115.89864954074326 179.31344865085433 163.49066708215173 136.60453872536903 175.87625914003092 126.13684639838768 150.8098087401338 176.6597641070925 146.97778239458756 124.76588257737336 182.4376267385207 123.51480659625527 166.36440999380346 98.78913369608867 136.14774524102137 176.6597641070925 151.9868229603982 169.61932995613964 104.09753492565213 176.6785286634693 140.20533214516465 91.46283937541392 175.77086825103723 169.61932995613964 196.87494118577322 179.60652410712768 134.82292165686792 143.73551802682348 95.68942920887793 157.39572246455953 158.57883670859619 188.90581687857548 150.52983674598624 115.89864954074326 196.87494118577322 159.90648251771597 159.69842903199853 130.46127883968438 150.52983674598624 104.09753492565213 144.56255828995103 136.60453872536903 145.5770673083032 142.3356476674029 124.17852781695355 130.46127883968438 148.230478688007
146.97778239458756 95.68942920887793 136.21899639158497 148.77759149053736 150.52983674598624 163.49066708215173 165.70423006159416 126.13684639838768 150.8098087401338 0.0 172.40828215004802 104.09753492565213 136.21899639158497 131.03743467350168 163.49066708215173 159.69842903199853 148.77759149053736 98.78913369608867 120.1747104596647 124.76588257737336 163.49066708215173 113.09829380406725 139.17601493699323 136.14774524102137 134.82292165686792 124.76588257737336 150.8098087401338 157.39572246455953 169.69436426456258 144.95327709831187 136.60453872536903 162.76468055977145 127.69536832675432 150.67616268320367 151.9868229603982 150.67616268320367 159.64387708707125 123.80597429776549 178.65762423545297 131.03743467350168 119.60323455629975 136.60453872536903 179.31344865085433 169.31505090070104 148.230478688007 169.31505090070104 155.63247628594056 144.95327709831187 161.47085045036118 169.55148226326892 136.21899639158497 130.46127883968438 160.43192614517503 150.67616268320367 160.43192614517503 175.92381159156741 139.13399861806772 144.56255828995103 129.76714342635577 137.34517436638376 157.39572246455953 147.05383241636665 180.87463828249716 169.61932995613964 159.69842903199853 165.56141730005126 178.65762423545297 160.43192614517503 154.0382844137959 148.230478688007 148.77759149053736 148.44058232370264 176.6785286634693 151.9868229603982 179.60652410712768 165.26041921594748 103.85468185465956 204.84438638585394 178.65762423545297 124.76588257737336 129.76714342635577 115.89864954074326 155.63247628594056 136.60453872536903 188.90581687857548 166.15281253790369 161.47085045036118 144.95327709831187 103.85468185465956 175.77086825103723 159.90648251771597 158.57883670859619 175.92381159156741 196.87494118577322 131.03743467350168 148.230478688007 123.51480659625527 204.84438638585394 156.18888673373453 166.75342925447882
179.60652410712768 175.87625914003092 169.61932995613964 156.18888673373453 117.1639048536844 148.230478688007 169.8575900191859 117.1639048536844 148.44058232370264 172.40828215004802 0.0 137.34517436638376 147.05383241636665 134.82292165686792 172.40828215004802 120.7446341080551 142.3356476674029 144.22521635081648 139.17601493699323 182.4376267385207 180.87463828249716 146.9017723044751 175.77086825103723 146.9017723044751 196.87494118577322 139.17601493699323 131.4852820656887 150.67616268320367 178.65762423545297 148.77759149053736 156.79587255103672 131.4852820656887 179.31344865085433 131.03743467350168 91.46283937541392 147.05383241636665 144.22521635081648 163.49066708215173 150.52983674598624 103.85468185465956 144.22521635081648 150.67616268320367 111.73544516724895 159.64387708707125 136.21899639158497 175.40637866715218 196.87494118577322 111.73544516724895 144.18018024138962 196.87494118577322 179.31344865085433 165.26041921594748 169.61932995613964 188.26190449736094 103.85468185465956 144.18018024138962 139.17601493699323 169.8343701436084 154.0382844137959 145.84707971314276 144.18018024138962 156.1263513315387 155.63247628594056 139.17601493699323 175.87625914003092 136.60453872536903 155.63247628594056 130.46127883968438 115.89864954074326 91.46283937541392 175.77086825103723 139.13399861806772 175.92381159156741 136.22999771415752 162.76468055977145 159.90648251771597 166.36440999380346 156.18888673373453 136.22999771415752 151.9868229603982 148.230478688007 178.65762423545297 117.7033515223219 154.0382844137959 131.03743467350168 103.85468185465956 180.87463828249716 155.07256398912907 169.61932995613964 179.60652410712768 130.46127883968438 175.92381159156741 103.85468185465956 119.60323455629975 175.87625914003092 172.40828215004802 136.14774524102137 150.67616268320367 126.13684639838768 142.3356476674029
150.67616268320367 95.68942920887793 113.09829380406725 179.60652410712768 137.34517436638376 134.82292165686792 204.84438638585394 136.60453872536903 123.51480659625527 104.09753492565213 137.34517436638376 0.0 104.09753492565213 156.1263513315387 204.84438638585394 157.39572246455953 136.60453872536903 169.61932995613964 98.78913369608867 169.61932995613964 139.17601493699323 123.51480659625527 159.90648251771597 148.77759149053736 150.8098087401338 123.80597429776549 175.92381159156741 169.69436426456258 148.230478688007 160.71329175311382 126.13684639838768 140.20533214516465 169.8575900191859 165.56141730005126 169.61932995613964 188.90581687857548 159.69842903199853 163.49066708215173 180.87463828249716 144.95327709831187 120.7446341080551 169.8343701436084 169.61932995613964 136.14774524102137 117.7033515223219 148.230478688007 165.70423006159416 175.40637866715218 113.09829380406725 169.55148226326892 119.60323455629975 149.98773449738778 169.55148226326892 139.17601493699323 176.6785286634693 160.71329175311382 175.87625914003092 151.9868229603982 165.56141730005126 130.97457462523064 145.77714132566683 123.51480659625527 159.69842903199853 159.69842903199853 179.31344865085433 178.65762423545297 155.63247628594056 175.87625914003092 157.39572246455953 144.18018024138962 188.26190449736094 169.69436426456258 104.09753492565213 146.9017723044751 156.18888673373453 165.56141730005126 147.05383241636665 158.57883670859619 169.8343701436084 146.97778239458756 148.44058232370264 166.36440999380346 144.18018024138962 136.60453872536903 124.17852781695355 151.9868229603982 176.6785286634693 196.87494118577322 160.43192614517503 151.9868229603982 123.80597429776549 137.34517436638376 158.57883670859619 142.3356476674029 156.18888673373453 144.18018024138962 115.89864954074326 113.09829380406725 179.60652410712768 136.60453872536903
115.14619681391541 156.18888673373453 150.8098087401338 139.13399861806772 117.7033515223219 98.78913369608867 148.230478688007 165.56141730005126 196.87494118577322 136.21899639158497 147.05383241636665 104.09753492565213 0.0 188.26190449736094 175.92381159156741 95.68942920887793 123.80597429776549 169.61932995613964 169.69436426456258 156.18888673373453 131.4852820656887 169.8575900191859 176.6597641070925 163.49066708215173 160.43192614517503 166.15281253790369 146.97778239458756 163.49066708215173 178.65762423545297 175.40637866715218 161.47085045036118 137.34517436638376 169.31505090070104 104.09753492565213 148.44058232370264 196.87494118577322 179.60652410712768 120.1747104596647 158.57883670859619 131.03743467350168 91.46283937541392 175.40637866715218 137.34517436638376 160.71329175311382 145.84707971314276 137.34517436638376 139.17601493699323 149.98773449738778 117.7033515223219 169.31505090070104 182.4376267385207 175.92381159156741 166.15281253790369 160.71329175311382 188.90581687857548 165.26041921594748 175.87625914003092 180.87463828249716 98.78913369608867 130.97457462523064 145.84707971314276 131.4852820656887 139.17601493699323 204.84438638585394 147.05383241636665 136.60453872536903 134.82292165686792 103.85468185465956 117.7033515223219 150.52983674598624 130.46127883968438 161.47085045036118 129.76714342635577 169.55148226326892 145.77714132566683 140.20533214516465 126.13684639838768 175.40637866715218 136.67430274522278 162.76468055977145 140.20533214516465 139.17601493699323 166.15281253790369 149.98773449738778 150.8098087401338 165.70423006159416 175.87625914003092 161.47085045036118 91.46283937541392 124.76588257737336 91.46283937541392 124.17852781695355 137.34517436638376 103.85468185465956 139.13399861806772 160.43192614517503 169.8343701436084 165.56141730005126 144.95327709831187 169.8575900191859
98.78913369608867 145.5770673083032 156.79587255103672 144.95327709831187 140.20533214516465 134.82292165686792 146.9017723044751 123.51480659625527 148.230478688007 131.03743467350168 134.82292165686792 156.1263513315387 188.26190449736094 0.0 140.20533214516465 127.69536832675432 160.43192614517503 148.77759149053736 188.90581687857548 104.09753492565213 111.73544516724895 165.26041921594748 154.0382844137959 169.69436426456258 178.65762423545297 188.90581687857548 98.78913369608867 131.4852820656887 126.13684639838768 161.47085045036118 156.18888673373453 136.60453872536903 136.60453872536903 137.34517436638376 163.49066708215173 176.6597641070925 120.1747104596647 169.8575900191859 111.73544516724895 113.09829380406725 149.98773449738778 140.20533214516465 145.5770673083032 161.47085045036118 169.55148226326892 161.47085045036118 176.6597641070925 176.6597641070925 169.69436426456258 123.80597429776549 175.77086825103723 155.07256398912907 147.05383241636665 140.20533214516465 115.14619681391541 148.230478688007 129.76714342635577 156.79587255103672 117.7033515223219 204.84438638585394 139.13399861806772 196.87494118577322 91.46283937541392 111.73544516724895 172.40828215004802 182.4376267385207 175.87625914003092 126.13684639838768 149.98773449738778 165.26041921594748 169.69436426456258 150.67616268320367 124.76588257737336 150.8098087401338 146.9017723044751 120.1747104596647 156.1263513315387 150.8098087401338 136.60453872536903 113.09829380406725 204.84438638585394 127.69536832675432 169.55148226326892 131.4852820656887 178.65762423545297 115.89864954074326 134.82292165686792 123.51480659625527 175.77086825103723 131.4852820656887 130.46127883968438 155.07256398912907 139.13399861806772 165.56141730005126 176.6597641070925 188.26190449736094 178.65762423545297 149.98773449738778 140.20533214516465 180.87463828249716
169.55148226326892 124.17852781695355 136.21899639158497 113.09829380406725 139.17601493699323 188.26190449736094 120.1747104596647 165.26041921594748 175.92381159156741 163.49066708215173 172.40828215004802 204.84438638585394 175.92381159156741 140.20533214516465 0.0 188.90581687857548 165.70423006159416 175.40637866715218 119.60323455629975 136.22999771415752 182.4376267385207 179.31344865085433 175.87625914003092 129.76714342635577 150.8098087401338 150.8098087401338 113.09829380406725 150.8098087401338 156.1263513315387 172.40828215004802 165.70423006159416 158.57883670859619 165.56141730005126 142.3356476674029 169.55148226326892 160.71329175311382 144.18018024138962 123.51480659625527 140.20533214516465 175.77086825103723 176.6597641070925 172.40828215004802 134.82292165686792 131.4852820656887 104.09753492565213 169.8575900191859 176.6597641070925 159.69842903199853 169.69436426456258 154.0382844137959 120.7446341080551 175.40637866715218 169.55148226326892 119.60323455629975 103.85468185465956 155.63247628594056 157.39572246455953 148.44058232370264 95.68942920887793 182.30603398608216 154.0382844137959 175.87625914003092 169.69436426456258 176.6785286634693 166.75342925447882 149.98773449738778 134.82292165686792 143.73551802682348 175.87625914003092 156.79587255103672 180.87463828249716 146.97778239458756 159.90648251771597 166.36440999380346 169.55148226326892 137.34517436638376 157.39572246455953 123.51480659625527 148.230478688007 179.60652410712768 120.7446341080551 155.63247628594056 159.90648251771597 150.8098087401338 148.230478688007 166.15281253790369 127.69536832675432 155.07256398912907 150.67616268320367 150.8098087401338 159.90648251771597 140.20533214516465 172.40828215004802 156.1263513315387 182.4376267385207 149.98773449738778 144.18018024138962 166.15281253790369 136.21899639158497 160.71329175311382
175.40637866715218 136.60453872536903 165.70423006159416 140.20533214516465 150.67616268320367 163.49066708215173 179.60652410712768 139.13399861806772 126.13684639838768 159.69842903199853 120.7446341080551 157.39572246455953 95.68942920887793 127.69536832675432 188.90581687857548 0.0 104.09753492565213 130.97457462523064 169.61932995613964 176.6597641070925 131.4852820656887 175.77086825103723 119.60323455629975 148.230478688007 103.85468185465956 104.09753492565213 139.13399861806772 169.69436426456258 136.67430274522278 169.8343701436084 103.85468185465956 131.4852820656887 136.60453872536903 136.67430274522278 163.49066708215173 182.4376267385207 146.97778239458756 145.77714132566683 134.82292165686792 117.7033515223219 130.97457462523064 143.73551802682348 159.64387708707125 104.09753492565213 165.26041921594748 115.89864954074326 130.46127883968438 175.77086825103723 169.31505090070104 166.36440999380346 165.70423006159416 136.67430274522278 159.69842903199853 176.6785286634693 95.68942920887793 139.17601493699323 150.52983674598624 169.8343701436084 176.6785286634693 150.67616268320367 169.69436426456258 162.76468055977145 188.26190449736094 180.87463828249716 145.84707971314276 169.61932995613964 188.90581687857548 160.43192614517503 104.09753492565213 148.77759149053736 162.76468055977145 111.73544516724895 103.85468185465956 136.14774524102137 154.0382844137959 130.97457462523064 95.68942920887793 127.69536832675432 165.26041921594748 144.18018024138962 117.1639048536844 188.90581687857548 175.40637866715218 129.76714342635577 161.47085045036118 124.76588257737336 117.7033515223219 140.20533214516465 145.84707971314276 175.77086825103723 120.1747104596647 134.82292165686792 131.03743467350168 169.69436426456258 134.82292165686792 129.76714342635577 139.17601493699323 175.92381159156741 159.64387708707125 150.8098087401338
150.8098087401338 169.55148226326892 182.4376267385207 136.14774524102137 155.63247628594056 129.76714342635577 130.46127883968438 169.8575900191859 176.6597641070925 148.77759149053736 142.3356476674029 136.60453872536903 123.80597429776549 160.43192614517503 165.70423006159416 104.09753492565213 0.0 159.64387708707125 115.14619681391541 117.7033515223219 154.0382844137959 158.57883670859619 169.69436426456258 139.13399861806772 169.31505090070104 172.40828215004802 156.79587255103672 136.67430274522278 143.73551802682348 136.60453872536903 178.65762423545297 130.97457462523064 131.4852820656887 156.79587255103672 136.14774524102137 146.97778239458756 160.71329175311382 154.0382844137959 136.60453872536903 131.4852820656887 179.60652410712768 155.07256398912907 163.49066708215173 182.4376267385207 127.69536832675432 176.6597641070925 103.85468185465956 204.84438638585394 166.75342925447882 91.46283937541392 136.67430274522278 175.92381159156741 204.84438638585394 166.15281253790369 159.69842903199853 169.8343701436084 166.36440999380346 158.57883670859619 156.79587255103672 169.8343701436084 179.31344865085433 180.87463828249716 204.84438638585394 176.6597641070925 163.49066708215173 196.87494118577322 169.61932995613964 144.95327709831187 95.68942920887793 103.85468185465956 136.67430274522278 172.40828215004802 175.87625914003092 165.56141730005126 120.1747104596647 175.77086825103723 115.89864954074326 117.7033515223219 156.1263513315387 119.60323455629975 182.30603398608216 148.230478688007 160.43192614517503 126.13684639838768 169.31505090070104 145.77714132566683 115.89864954074326 156.79587255103672 103.85468185465956 166.36440999380346 127.69536832675432 124.76588257737336 117.7033515223219 154.0382844137959 169.8575900191859 134.82292165686792 136.22999771415752 155.07256398912907 111.73544516724895 159.90648251771597
148.230478688007 104.09753492565213 140.20533214516465 169.8343701436084 162.76468055977145 130.46127883968438 169.55148226326892 161.47085045036118 165.56141730005126 98.78913369608867 144.22521635081648 169.61932995613964 169.61932995613964 148.77759149053736 175.40637866715218 130.97457462523064 159.64387708707125 0.0 175.92381159156741 131.4852820656887 149.98773449738778 139.13399861806772 120.1747104596647 103.85468185465956 188.90581687857548 155.07256398912907 123.80597429776549 175.40637866715218 139.17601493699323 169.8343701436084 169.31505090070104 150.8098087401338 146.9017723044751 188.26190449736094 155.63247628594056 119.60323455629975 136.21899639158497 136.21899639158497 159.90648251771597 169.8575900191859 175.77086825103723 123.51480659625527 145.5770673083032 136.21899639158497 148.77759149053736 144.95327709831187 169.61932995613964 160.43192614517503 175.77086825103723 169.61932995613964 163.49066708215173 160.43192614517503 145.77714132566683 136.22999771415752 139.17601493699323 136.14774524102137 159.69842903199853 140.20533214516465 123.51480659625527 175.87625914003092 196.87494118577322 127.69536832675432 179.60652410712768 120.1747104596647 123.51480659625527 204.84438638585394 123.51480659625527 117.7033515223219 119.60323455629975 120.7446341080551 175.92381159156741 150.52983674598624 182.4376267385207 178.65762423545297 155.07256398912907 166.36440999380346 150.67616268320367 145.77714132566683 160.43192614517503 111.73544516724895 157.39572246455953 142.3356476674029 196.87494118577322 145.77714132566683 103.85468185465956 146.9017723044751 179.60652410712768 143.73551802682348 131.03743467350168 155.63247628594056 117.1639048536844 182.4376267385207 182.4376267385207 124.76588257737336 150.52983674598624 161.47085045036118 144.95327709831187 154.0382844137959 124.76588257737336 182.30603398608216
104.09753492565213 204.84438638585394 148.230478688007 119.60323455629975 129.76714342635577 124.17852781695355 166.75342925447882 145.84707971314276 175.92381159156741 120.1747104596647 139.17601493699323 98.78913369608867 169.69436426456258 188.90581687857548 119.60323455629975 169.61932995613964 115.14619681391541 175.92381159156741 0.0 169.55148226326892 179.31344865085433 172.40828215004802 117.7033515223219 154.0382844137959 140.20533214516465 136.21899639158497 129.76714342635577 156.79587255103672 148.77759149053736 169.8575900191859 136.60453872536903 129.76714342635577 98.78913369608867 111.73544516724895 136.14774524102137 165.70423006159416 165.26041921594748 148.44058232370264 119.60323455629975 139.17601493699323 157.39572246455953 159.90648251771597 160.43192614517503 146.9017723044751 146.9017723044751 113.09829380406725 142.3356476674029 145.5770673083032 175.40637866715218 115.14619681391541 172.40828215004802 136.14774524102137 172.40828215004802 142.3356476674029 123.80597429776549 151.9868229603982 165.56141730005126 136.60453872536903 165.56141730005126 124.17852781695355 124.76588257737336 165.26041921594748 156.1263513315387 156.79587255103672 144.18018024138962 180.87463828249716 158.57883670859619 119.60323455629975 159.90648251771597 155.63247628594056 159.64387708707125 188.26190449736094 148.230478688007 161.47085045036118 182.4376267385207 175.87625914003092 136.22999771415752 182.30603398608216 127.69536832675432 166.36440999380346 154.0382844137959 159.69842903199853 131.4852820656887 113.09829380406725 159.90648251771597 137.34517436638376 169.8343701436084 148.77759149053736 179.31344865085433 146.9017723044751 166.15281253790369 159.64387708707125 196.87494118577322 120.7446341080551 162.76468055977145 145.5770673083032 148.44058232370264 115.14619681391541 147.05383241636665 165.56141730005126
144.18018024138962 157.39572246455953 123.80597429776549 176.6785286634693 188.26190449736094 115.89864954074326 115.14619681391541 148.230478688007 156.18888673373453 124.76588257737336 182.4376267385207 169.61932995613964 156.18888673373453 104.09753492565213 136.22999771415752 176.6597641070925 117.7033515223219 131.4852820656887 169.55148226326892 0.0 126.13684639838768 176.6597641070925 136.60453872536903 150.67616268320367 175.40637866715218 162.76468055977145 145.5770673083032 115.14619681391541 166.75342925447882 176.6785286634693 144.95327709831187 188.26190449736094 136.14774524102137 156.79587255103672 166.36440999380346 144.95327709831187 145.5770673083032 142.3356476674029 142.3356476674029 196.87494118577322 148.44058232370264 136.21899639158497 131.4852820656887 172.40828215004802 129.76714342635577 137.34517436638376 169.61932995613964 150.8098087401338 169.8343701436084 143.73551802682348 136.67430274522278 188.90581687857548 120.1747104596647 154.0382844137959 156.18888673373453 149.98773449738778 196.87494118577322 166.15281253790369 95.68942920887793 156.79587255103672 161.47085045036118 166.75342925447882 151.9868229603982 103.85468185465956 156.18888673373453 157.39572246455953 157.39572246455953 179.31344865085433 131.4852820656887 178.65762423545297 154.0382844137959 126.13684639838768 139.17601493699323 175.77086825103723 126.13684639838768 148.77759149053736 144.95327709831187 136.21899639158497 169.31505090070104 175.40637866715218 172.40828215004802 117.7033515223219 149.98773449738778 159.64387708707125 150.8098087401338 146.9017723044751 124.17852781695355 136.67430274522278 117.1639048536844 130.46127883968438 157.39572246455953 120.1747104596647 156.79587255103672 162.76468055977145 139.17601493699323 150.67616268320367 156.18888673373453 136.21899639158497 142.3356476674029 182.30603398608216
113.09829380406725 126.13684639838768 179.31344865085433 162.76468055977145 165.56141730005126 169.8343701436084 165.70423006159416 144.22521635081648 160.71329175311382 163.49066708215173 180.87463828249716 139.17601493699323 131.4852820656887 111.73544516724895 182.4376267385207 131.4852820656887 154.0382844137959 149.98773449738778 179.31344865085433 126.13684639838768 0.0 157.39572246455953 149.98773449738778 162.76468055977145 126.13684639838768 124.76588257737336 129.76714342635577 165.26041921594748 182.4376267385207 143.73551802682348 155.63247628594056 149.98773449738778 145.5770673083032 136.21899639158497 103.85468185465956 95.68942920887793 157.39572246455953 204.84438638585394 159.90648251771597 169.61932995613964 143.73551802682348 130.97457462523064 144.56255828995103 131.4852820656887 150.8098087401338 129.76714342635577 160.43192614517503 166.15281253790369 163.49066708215173 120.7446341080551 175.92381159156741 148.77759149053736 180.87463828249716 166.15281253790369 172.40828215004802 123.80597429776549 136.21899639158497 166.15281253790369 176.6785286634693 136.60453872536903 150.52983674598624 169.61932995613964 172.40828215004802 156.79587255103672 179.31344865085433 162.76468055977145 158.57883670859619 165.70423006159416 149.98773449738778 169.8343701436084 154.0382844137959 139.17601493699323 144.18018024138962 137.34517436638376 196.87494118577322 169.69436426456258 147.05383241636665 115.89864954074326 139.17601493699323 144.95327709831187 98.78913369608867 111.73544516724895 147.05383241636665 144.22521635081648 157.39572246455953 111.73544516724895 119.60323455629975 158.57883670859619 163.49066708215173 154.0382844137959 131.4852820656887 157.39572246455953 196.87494118577322 144.18018024138962 160.43192614517503 95.68942920887793 139.13399861806772 148.77759149053736 204.84438638585394 155.07256398912907
