100
0.0 129.69941494377264 163.05253154548853 158.43988347260907 165.46600383883185 147.43672093455785 157.2335454410877 149.85172339301596 141.84473583292228 161.6853109655306 127.40200856124991 147.7526695891215 166.28989138276344 166.48958076830183 139.44217837564966 161.755865222041 184.29941611089194 176.17409692587856 152.13272981208638 145.51546323426342 131.39024800348645 139.73461833936514 146.85178062752723 148.16618854710407 149.02915315509117 144.18916950572108 148.65245366819022 152.27877693370658 170.7787541741545 149.1692291536649 161.8539229612447 157.12698276021374 153.53228812727735 163.73432514557794 154.5405260113645 149.12016168672807 143.3795550720498 141.75150201974938 151.14979014145874 171.40129557957874 178.1170066629722 157.20648189718924 150.5543520864568 134.60989167780818 151.38139124970223 159.28979595755243 162.2293246908873 145.59892200250314 145.0346759913154 167.11887277735775 147.85361589359053 151.6383944421261 147.1442653363334 139.54602436542888 146.85178062752723 147.8937483020205 141.65431576149894 156.26059939816395 164.5866902335236 127.3948789725778 178.64879846595164 143.4527093467563 131.33915388040546 144.7685864227021 161.7133901158304 147.00024063651287 146.61332388574317 137.93853703000326 149.38599632463297 142.33443508621508 132.1678692105815 151.83004043569318 149.8164390657445 148.27309968222923 150.97809826776373 143.21617858506428 163.27794196625163 127.40200856124991 121.8251022692987 167.58177589331552 154.987333213756 136.248024578053 151.67254797680786 121.75454688345094 161.1609241318706 145.22517020270726 161.09972831355773 139.0059033386705 134.24845162615244 170.1541658727391 152.0590826838044 164.36084988138913 133.06199271871955 156.43590450302665 125.72582439178231 151.54891909199648 154.40249564696697 144.62026073098127 118.92205527402851 162.16271974655797
129.69941494377264 0.0 146.71483069776875 116.67171700420008 164.00843018036528 153.32287915026876 159.05300970170074 172.4853502284543 144.5948914905573 162.04525422968354 171.39835681989763 160.28992885017342 164.94721069731474 168.34257315123284 136.0306363305594 143.11901117396891 139.24705804988034 142.4844574109472 113.25546895713822 168.34257315123284 158.82187592899803 152.13272981208638 162.01774529970103 150.56375633100416 138.9442998539381 152.89566655868538 164.3923748648869 164.3555589649502 158.9573561657866 143.9354621228365 150.86783652571128 156.04856462273978 140.36881456103896 179.04620052073847 158.24077753526734 128.11724523685572 118.26250804418962 185.69338256996622 142.09452531711008 147.05489983296727 143.22740844375087 142.81409826747267 185.41419168768823 126.11582504765624 139.73814812787887 143.38373752786518 169.85678133540267 146.05478814144377 146.35844530950143 165.54908092661157 132.69905437688791 144.90134515251006 153.60836868688384 160.6941126290001 158.9350260426528 133.76562500182342 126.04192104850267 156.6022955375611 148.20245151478653 143.33941963830614 142.4849777101087 158.3175755099505 143.40551003497598 137.71089240163482 147.79266132034343 141.43138364853394 151.03946511233383 127.16498348536233 152.39795860400648 156.26059939816395 151.4199560834671 137.0929803848241 150.86783652571128 167.8720010338489 142.33443508621508 147.4032030241515 166.28377313351635 151.8733435451489 147.43672093455785 144.41545363327455 145.22069653200836 167.11887277735775 155.20727811338725 166.28989138276344 160.87844744452428 168.25365971891952 116.77975649382347 141.08654916949257 153.53228812727735 146.85178062752723 144.03691364367495 156.4120582333506 140.56140405586663 139.21770620457102 185.26480962654938 137.71089240163482 164.3923748648869 169.13805485495848 130.5089593525839 150.47002355078425
163.05253154548853 146.71483069776875 0.0 167.48698557092956 139.21770620457102 142.38977991815113 162.60224703933892 150.80893219119892 153.07773955761735 129.4157311725724 138.22574303390533 145.06247544900359 159.688750937514 132.56709485992496 153.62891227469288 151.8992215037434 146.89484963576604 139.73461833936514 135.02288047260524 159.6359600949001 129.69941494377264 138.88104397139875 168.7508816008994 148.5202718082716 138.9442998539381 158.16548994757963 169.53701694882878 141.33100263708158 137.9084646887643 153.53228812727735 166.88153871241641 162.7448327376962 141.63583945121562 167.61759628429974 127.51948836145206 136.42410410550576 161.6853109655306 135.77035345266677 141.43138364853394 149.14127487739304 138.80617469144582 154.20611068475455 153.6323444454045 151.29132421642672 175.32815367749419 124.05424242291001 183.2289705896853 146.39634868148798 145.20655411601606 146.42449207034022 147.7681621468558 151.67254797680786 153.45978369711972 134.21404626100568 155.88439522943835 157.80594241196832 119.12342300611975 153.6323444454045 130.60046065189783 157.010475477418 158.5660048835578 161.5862007447255 157.69059851803115 167.9066650514291 144.36403606252873 141.86163812943866 165.54908092661157 151.74990468783173 147.77316126876184 143.51109013462093 171.82845230545408 141.4053577205959 139.0983651463651 121.51359082319343 180.6917012855808 149.14288052841263 129.28373041201587 182.908903248709 148.53381161544905 160.87844744452428 146.35844530950143 144.82621289105654 140.11162858726055 143.6343654036705 156.71621511812899 157.45805658347138 142.79844690852102 157.12698276021374 174.34030068837376 169.14506057994936 152.5127982389067 161.1146394082795 147.79266132034343 153.07773955761735 143.7303019704521 134.38005149838636 140.205556326219 120.59286497747325 130.7388800337045 133.03955404988477
158.43988347260907 116.67171700420008 167.48698557092956 0.0 164.94721069731474 154.29758109945394 160.36929314487904 151.73901955235806 183.1014012813155 153.60504044851123 159.77035723287435 151.9613247258859 144.87918337245299 165.35489883068823 160.50698980054617 160.36929314487904 154.8041083195111 130.5089593525839 145.96616941662583 157.288739938672 160.34252482059995 133.00342601521288 168.34257315123284 157.11196144784054 158.5660048835578 149.14288052841263 129.26198695668214 162.04525422968354 164.18353262773516 117.48247285458778 147.96189450658866 157.63905559119192 148.6674869810062 170.4823165921316 162.40552352808578 160.34252482059995 155.56321389060938 162.37000204056264 142.32957261228606 142.09452531711008 154.93051097475956 140.36233204586745 168.4222788384053 166.48711297058856 124.96241380175815 145.30997634692017 167.48156916902298 173.58321041933422 164.63673156847986 145.74962326983118 141.84473583292228 150.3241305569332 147.7526695891215 152.16345369799566 134.09640629593002 142.52689091650004 146.5548213269988 145.32503683325837 113.25546895713822 173.17001745981742 146.14485243081955 136.0306363305594 143.97844081638414 161.8616501323931 147.51535689220967 126.81797783604321 191.06421167304677 136.0306363305594 149.8663167661608 157.08811260718258 130.35081979622245 156.43590450302665 150.34767552013437 198.18583486729946 157.41749888636346 137.4803431721356 165.54079524831394 151.45820214343823 151.74990468783173 149.69911581675254 162.09261000508533 167.40440320436983 167.6143968678113 120.39743580562467 141.42103008896999 152.5127982389067 145.59892200250314 156.19939161954585 159.6359600949001 154.7425147038128 156.7313174177659 153.8168248032227 145.1181921426271 155.45272904979927 145.51546323426342 157.12698276021374 171.39835681989763 144.99930628002878 150.67092292686488 138.5425056055338
165.46600383883185 164.00843018036528 139.21770620457102 164.94721069731474 0.0 142.52689091650004 149.14288052841263 154.987333213756 151.29132421642672 168.31612582931987 138.06421044968343 127.62834242006647 150.34767552013437 147.21004393640163 153.6323444454045 171.39835681989763 141.08654916949257 151.6195739211402 128.56878617444355 146.89484963576604 134.30260201728797 139.0983651463651 164.28714682842647 148.31498740938625 150.5543520864568 161.6853109655306 136.18080393080578 136.81293133305388 146.8126271254827 164.23553714277432 123.90737356038179 159.77035723287435 167.40440320436983 152.27411565504906 145.59892200250314 164.5866902335236 151.03946511233383 138.85764218686867 153.6107370433994 154.7425147038128 171.85194202489305 140.13675445310696 150.27032441780008 151.5672378585846 185.41419168768823 155.6572732367943 150.01410288426234 160.87844744452428 144.90134515251006 144.82621289105654 153.48260042680496 133.36229359445895 128.2750299937341 96.39518424824965 160.01846761505155 150.47002355078425 168.31612582931987 154.7345859244555 176.2799528140139 162.71270964501923 133.03955404988477 132.91902115497996 160.57847740124595 146.42449207034022 160.0809179476678 154.76284492918526 173.57213467791718 165.46700775029572 150.3484753576306 159.35760898073485 170.7787541741545 171.82845230545408 167.75831933543702 143.4527093467563 161.6853109655306 151.9613247258859 146.68892089582178 162.16271974655797 129.80088301133887 141.65431576149894 152.50045791643055 152.1386411190075 154.6170563959874 152.27877693370658 140.57359971870102 132.91902115497996 164.62459449872378 168.31612582931987 140.96857671962263 156.4120582333506 160.34252482059995 145.15085624019494 137.44186178041537 150.67092292686488 135.12591793356032 139.18462861072996 146.66948453472108 152.0076661693793 176.17409692587856 146.40467499830774
147.43672093455785 153.32287915026876 142.38977991815113 154.29758109945394 142.52689091650004 0.0 171.82845230545408 185.41419168768823 151.74990468783173 154.68017616006378 153.53228812727735 143.9354621228365 179.04620052073847 165.26001106244655 157.010475477418 148.65785133640725 167.48698557092956 143.2663806554728 139.030726099033 96.39518424824965 158.3958102644195 150.67092292686488 134.30260201728797 113.25546895713822 147.87951845885715 126.1115614669491 179.37052210556513 143.7131822091397 155.88439522943835 127.0181165725598 147.88048961315712 157.20648189718924 145.21666961145857 167.9066650514291 139.030726099033 162.60224703933892 130.60046065189783 169.45383962969788 140.34525179577045 168.7508816008994 133.03955404988477 142.4849777101087 175.08673235042556 172.46195954046266 153.00068870612415 169.53701694882878 135.13862680585052 159.688750937514 177.90015056759964 127.51948836145206 153.60836868688384 138.88104397139875 140.59192347677455 149.9395612648367 149.85172339301596 136.7183224189731 118.92205527402851 147.69661832169427 134.24845162615244 119.11387640932205 125.19585273358541 148.16618854710407 141.56869884083028 165.17324701324685 113.62162966209152 170.27518662433408 153.48260042680496 180.75734369871302 127.36367885106343 147.93000411385853 141.4053577205959 124.96241380175815 157.87376937418242 136.1476053470763 160.36929314487904 153.6323444454045 137.8285424647987 168.7508816008994 134.20665607318477 167.6143968678113 147.88048961315712 165.29376868683713 128.11724523685572 146.88842367086377 139.9636548550237 146.49275168503567 142.21307254285765 167.87945354020263 127.43063305048344 182.908903248709 146.62589366077216 152.23380095636435 152.33476757533867 142.09452531711008 160.87844744452428 157.88946761336672 145.13778790399118 155.32347750548314 126.50749708979404 166.22601324343614
157.2335454410877 159.05300970170074 162.60224703933892 160.36929314487904 149.14288052841263 171.82845230545408 0.0 105.45876873265993 166.85787946435437 143.59828358291819 149.92500548233636 162.19480580429428 155.45272904979927 190.52271783859763 158.5660048835578 165.26001106244655 136.81293133305388 173.12801574358366 116.77975649382347 145.74962326983118 121.75454688345094 146.5548213269988 145.22069653200836 147.05966348630633 129.34254724143258 147.4032030241515 143.38817177170802 152.5127982389067 160.3226952975948 153.6040159969304 140.56140405586663 145.30997634692017 107.94282989795352 132.69905437688791 164.23553714277432 153.6040159969304 134.9498532885022 180.75734369871302 148.5202718082716 149.14288052841263 170.7787541741545 185.11195752417322 143.11901117396891 129.26198695668214 198.18583486729946 142.14357116500065 148.65245366819022 142.89042018451838 139.44217837564966 162.80565246129333 146.78082709748318 146.2534071809721 181.37909626610252 166.88153871241641 162.04525422968354 133.9304540639789 150.47002355078425 181.70172068157837 162.60224703933892 152.41199206523834 182.22490243214625 152.39795860400648 172.17106610857954 149.39463584271604 149.14288052841263 145.51505067726336 143.73917875047096 166.22601324343614 160.84848415172542 133.00342601521288 172.58882118929398 165.85539185427407 151.06762484861144 133.8670528804998 138.9442998539381 164.0870983994639 141.879236693895 164.32014723438235 139.44217837564966 159.8762837413242 148.09679218311118 143.45860837424317 162.15440346304334 168.33457287162884 140.34525179577045 145.20655411601606 173.17001745981742 172.58882118929398 155.00531237086366 137.7434276073153 150.92554107790406 169.45383962969788 141.86163812943866 153.29861314191942 148.47379444511805 118.27223498274483 158.52819196451622 127.43063305048344 127.31277697963732 129.26198695668214
149.85172339301596 172.4853502284543 150.80893219119892 151.73901955235806 154.987333213756 185.41419168768823 105.45876873265993 0.0 149.68048275018734 145.21666961145857 143.86111259779153 153.48260042680496 149.08019291189805 141.879236693895 123.90737356038179 162.93981733871559 165.35489883068823 178.64879846595164 153.00068870612415 128.52478329416064 176.7588343127283 185.69338256996622 154.987333213756 139.465538203479 146.05478814144377 175.8651961804713 142.09452531711008 137.4803431721356 166.43889572198773 154.98625574007812 138.12636001349736 180.75734369871302 188.17734793678562 163.25049637100886 137.29580407570026 145.51546323426342 164.6132892624809 171.53449774480737 146.89484963576604 153.29861314191942 131.33915388040546 164.28714682842647 156.51190025230542 157.1283620571636 145.16918157413372 149.11934072543315 141.42103008896999 162.19480580429428 153.5977646910477 167.48698557092956 146.65159253097372 144.32572332364313 157.17642791478593 136.78479688556666 173.57213467791718 145.2998421134372 158.3175755099505 144.03691364367495 134.03837340085713 167.48156916902298 132.65114822060593 166.52641276837505 151.73901955235806 168.0686106339404 136.71727792409172 167.48698557092956 146.71483069776875 155.50849767198258 148.51015853954047 153.06207329203477 135.86930963698586 141.56360527377515 138.88104397139875 127.43063305048344 132.34736669183627 173.44270078822927 167.87945354020263 123.91333136243342 130.7388800337045 138.41175536093243 128.62006218700415 136.3111975473169 126.81797783604321 149.14752970142192 155.30842288376107 146.7903448614653 138.61383516448464 181.22998662328786 154.93051097475956 140.13675445310696 139.45105785368034 150.89487758826877 123.90737356038179 164.18353262773516 114.80823946268112 147.38529653174209 136.42410410550576 165.23425369655504 158.52819196451622 138.88104397139875
141.84473583292228 144.5948914905573 153.07773955761735 183.1014012813155 151.29132421642672 151.74990468783173 166.85787946435437 149.68048275018734 0.0 136.63844636548114 144.02570814499634 150.43089854238318 141.14280698310074 148.20245151478653 150.47002355078425 158.3958102644195 118.26250804418962 181.37909626610252 145.74962326983118 136.71727792409172 151.54891909199648 105.45876873265993 171.53376635344608 160.36929314487904 149.92500548233636 178.52718123844443 158.9350260426528 132.5330007301098 165.7402800828576 151.30985634896726 154.5405260113645 151.8992215037434 131.70147549679498 166.48711297058856 156.48687901755852 133.76562500182342 117.48247285458778 134.38005149838636 158.3071987884183 143.37262602366067 138.6405539967591 147.38529653174209 141.03421518230454 164.24041926821542 147.7681621468558 166.9824774402505 156.07241481451507 183.1014012813155 141.84473583292228 165.75958788704455 141.65431576149894 145.30532602575335 127.31277697963732 166.61697192274193 178.52718123844443 164.40186231784102 141.08654916949257 134.60989167780818 171.82845230545408 156.4120582333506 146.85178062752723 143.7131822091397 143.45860837424317 167.10999331691914 166.9824774402505 126.1651333830401 147.57274556313095 170.81077722193862 142.29654676594586 166.88153871241641 146.8126271254827 181.70172068157837 165.28712353140958 181.22998662328786 136.99356737655611 149.06374901305256 159.91791791866368 151.73901955235806 125.19585273358541 136.63844636548114 127.3948789725778 127.16498348536233 143.59828358291819 148.5202718082716 147.7681621468558 157.2335454410877 136.7183224189731 171.53449774480737 127.75904429829197 157.41749888636346 127.31277697963732 173.17001745981742 166.61697192274193 120.39743580562467 176.2799528140139 171.85194202489305 149.11934072543315 152.30895221695368 161.88092285241265 127.9269347921536
161.6853109655306 162.04525422968354 129.4157311725724 153.60504044851123 168.31612582931987 154.68017616006378 143.59828358291819 145.21666961145857 136.63844636548114 0.0 161.1609241318706 137.7434276073153 127.36367885106343 175.8651961804713 153.96994052665602 168.4222788384053 163.72045736273336 134.60989167780818 155.5091943120222 160.84848415172542 137.17940132090192 149.58847673434082 124.1325574226567 164.63673156847986 151.97782991355538 167.10999331691914 127.43063305048344 116.7648027065031 128.2750299937341 140.2089751214053 154.20611068475455 129.34254724143258 136.42410410550576 140.205556326219 167.48520992846284 152.37475253356493 129.25935643254672 167.87945354020263 154.06681649208562 165.85539185427407 155.48521424305173 149.14127487739304 147.1442653363334 151.75902053489114 144.82621289105654 137.8285424647987 171.28782881188062 142.52689091650004 136.18080393080578 163.51644572939043 162.04525422968354 142.4289056156489 129.26198695668214 157.88749535001088 140.02032577135367 141.4053577205959 148.21831414326144 156.04856462273978 138.61383516448464 160.57847740124595 143.9354621228365 160.57847740124595 165.28712353140958 162.00252176208326 147.21004393640163 139.44217837564966 165.54079524831394 178.1170066629722 142.8177222329671 151.97782991355538 158.9573561657866 151.29132421642672 181.70172068157837 138.06421044968343 144.61499214927153 143.70996706212392 155.62240373841047 160.34252482059995 154.50007533963415 164.62459449872378 164.40186231784102 140.96857671962263 113.62162966209152 164.62459449872378 148.46027409775397 158.43988347260907 138.6405539967591 168.7508816008994 151.74990468783173 147.8937483020205 152.27877693370658 151.91143626231803 164.32014723438235 153.60836868688384 147.88048961315712 179.04620052073847 167.87945354020263 157.87376937418242 144.62026073098127 118.27223498274483
127.40200856124991 171.39835681989763 138.22574303390533 159.77035723287435 138.06421044968343 153.53228812727735 149.92500548233636 143.86111259779153 144.02570814499634 161.1609241318706 0.0 168.48392238168208 141.91439008775998 169.45383962969788 164.42614557094942 152.0590826838044 146.68892089582178 174.1900365381549 162.32952957501607 146.39634868148798 134.24845162615244 141.75150201974938 162.15440346304334 174.72991585195038 151.67254797680786 134.03837340085713 166.85787946435437 157.45805658347138 157.9202627381784 137.91141192332321 158.82187592899803 116.77975649382347 147.1442653363334 137.9084646887643 172.05911795863884 156.58681928466459 131.44949892049473 136.71727792409172 162.00252176208326 173.90432794397785 165.7402800828576 143.70996706212392 117.48247285458778 164.28714682842647 142.06762797343308 130.5089593525839 145.22069653200836 141.86163812943866 136.0306363305594 165.46341211923317 149.9395612648367 145.15085624019494 184.29941611089194 137.4803431721356 151.00123384773585 165.2008885388131 141.56869884083028 153.98559111226953 152.0896696704883 133.06199271871955 144.18195869473774 136.99356737655611 153.5977646910477 161.7343270138852 176.17409692587856 134.21404626100568 174.72991585195038 160.4236158983973 117.48247285458778 149.12016168672807 134.9498532885022 145.7731117315634 183.2289705896853 137.93825412242595 153.18144935105806 144.61007977379586 165.29376868683713 137.91141192332321 160.50510293903005 170.1541658727391 146.8794658306745 173.90432794397785 143.7303019704521 147.27685888303074 139.45105785368034 129.28373041201587 124.1325574226567 128.56878617444355 149.8164390657445 145.73949799688754 160.35025297424923 142.4289056156489 165.46700775029572 149.58847673434082 161.70667326308882 147.51535689220967 161.8616501323931 156.52928883883212 143.73917875047096 169.1208756627978
147.7526695891215 160.28992885017342 145.06247544900359 151.9613247258859 127.62834242006647 143.9354621228365 162.19480580429428 153.48260042680496 150.43089854238318 137.7434276073153 168.48392238168208 0.0 121.40421801747945 147.00024063651287 154.93051097475956 128.25207678683097 137.12204444801813 158.38627175775196 138.6405539967591 159.6359600949001 137.19816451522362 160.3226952975948 167.87945354020263 124.06903721654626 149.80891659163504 134.18640314413932 141.88453887292533 137.47084864357444 151.8992215037434 149.06374901305256 118.28384803436282 142.4849777101087 145.90474175695303 159.28979595755243 153.62891227469288 162.19480580429428 153.60836868688384 131.90805263841145 190.52271783859763 182.908903248709 164.3923748648869 146.14485243081955 157.19838237722027 127.31277697963732 140.57359971870102 152.89566655868538 134.8872759899062 128.56878617444355 152.30895221695368 164.24026730980637 148.47379444511805 118.27223498274483 157.11196144784054 147.7526695891215 149.4868399747379 117.48247285458778 155.20727811338725 142.32957261228606 161.5862007447255 162.93981733871559 167.87552934568873 178.1430121638049 134.08222765000644 148.53381161544905 149.12016168672807 145.51505067726336 183.2289705896853 135.99204621347732 167.58317688775855 154.47392409907152 142.4844574109472 148.09679218311118 153.8414368540347 126.46530873949615 144.18195869473774 125.288236699471 130.5089593525839 146.62589366077216 147.4032030241515 148.59370278085686 139.45105785368034 150.2711687226531 129.80088301133887 139.24705804988034 150.2414309136627 138.5425056055338 181.22998662328786 167.58317688775855 135.12591793356032 132.73538602834194 125.19585273358541 141.879236693895 131.96431399498715 134.38005149838636 151.6195739211402 161.755865222041 149.58847673434082 148.6674869810062 140.96857671962263 163.72045736273336
166.28989138276344 164.94721069731474 159.688750937514 144.87918337245299 150.34767552013437 179.04620052073847 155.45272904979927 149.08019291189805 141.14280698310074 127.36367885106343 141.91439008775998 121.40421801747945 0.0 146.26567346337077 171.85194202489305 138.88104397139875 150.86783652571128 127.07405707512828 155.822189829758 134.2566473895916 153.98269881098403 145.15085624019494 142.21307254285765 152.2774076589928 145.73949799688754 157.1487069707992 151.4199560834671 136.18080393080578 146.05478814144377 152.16345369799566 165.33119852113091 144.32572332364313 148.47379444511805 161.21550699203297 141.4053577205959 116.67171700420008 151.4199560834671 137.0929803848241 143.7303019704521 165.2008885388131 132.85906201220246 157.2335454410877 151.67333152766486 154.20611068475455 169.53701694882878 150.01410288426234 122.25791568813858 147.7526695891215 180.75734369871302 165.17324701324685 156.26059939816395 166.28989138276344 148.42421087755125 126.72321821727107 127.43063305048344 146.35844530950143 116.2756197318217 146.49275168503567 136.99356737655611 165.88670843972847 143.4937311377503 145.15085624019494 168.31612582931987 159.34319673795378 174.72991585195038 157.08702705495878 153.92761204354693 145.7814884727588 147.77316126876184 145.20655411601606 141.42103008896999 140.2089751214053 153.60504044851123 137.34353001570548 161.21550699203297 136.9460754449541 105.45876873265993 153.98269881098403 162.71270964501923 141.6281396289712 162.40552352808578 147.1442653363334 145.51505067726336 139.0059033386705 132.5330007301098 151.16737971481527 158.9573561657866 170.5638066695649 148.5202718082716 162.32952957501607 131.39024800348645 133.5760158349896 168.7508816008994 165.2008885388131 151.97782991355538 140.57359971870102 136.42410410550576 178.36177314938755 155.11445505472145 167.87552934568873
166.48958076830183 168.34257315123284 132.56709485992496 165.35489883068823 147.21004393640163 165.26001106244655 190.52271783859763 141.879236693895 148.20245151478653 175.8651961804713 169.45383962969788 147.00024063651287 146.26567346337077 0.0 141.56869884083028 149.299044658527 147.5047943005374 168.38953857245318 127.31277697963732 136.78479688556666 139.21770620457102 155.38337725234794 167.10999331691914 156.04856462273978 143.6727111120413 154.7345859244555 183.8513866400411 151.06762484861144 145.51505067726336 152.48177899322798 124.06903721654626 135.02288047260524 158.08959626529122 146.71483069776875 144.90134515251006 151.30985634896726 146.05833126658533 168.33457287162884 156.04856462273978 146.78082709748318 145.21666961145857 153.60504044851123 133.06199271871955 132.29180119031093 135.02288047260524 163.3695627539605 153.6107370433994 149.39463584271604 137.5482595371139 151.00123384773585 142.5832209732449 157.12698276021374 146.2534071809721 166.88153871241641 157.12698276021374 141.14280698310074 185.0931816443213 172.7930290919652 162.15440346304334 178.1170066629722 131.90805263841145 134.20665607318477 149.1692291536649 152.48177899322798 146.66948453472108 157.69059851803115 165.2008885388131 153.45552150930018 151.9613247258859 164.24026730980637 153.8168248032227 140.205556326219 115.23181721303442 144.61499214927153 165.54908092661157 120.37445398772643 150.27032441780008 156.9181892964381 149.8164390657445 169.85678133540267 152.18924098745538 126.1115614669491 147.8937483020205 152.0896696704883 149.39550718475712 145.6333891027741 162.93981733871559 119.12342300611975 147.77316126876184 167.71741168138044 148.21831414326144 145.21753025735177 155.88719156973656 158.6475244896206 137.40473926180073 140.56140405586663 145.74962326983118 166.48711297058856 116.7648027065031 145.13778790399118
139.44217837564966 136.0306363305594 153.62891227469288 160.50698980054617 153.6323444454045 157.010475477418 158.5660048835578 123.90737356038179 150.47002355078425 153.96994052665602 164.42614557094942 154.93051097475956 171.85194202489305 141.56869884083028 0.0 151.9613247258859 176.7588343127283 134.38005149838636 128.52478329416064 171.53449774480737 143.74785720449336 126.04192104850267 148.65245366819022 137.44186178041537 122.25791568813858 148.65785133640725 137.47084864357444 131.31113722150644 144.7685864227021 158.52819196451622 151.73901955235806 157.88946761336672 147.8083551037736 138.85764218686867 131.39024800348645 148.59370278085686 133.5760158349896 147.05489983296727 150.92554107790406 185.26480962654938 150.43089854238318 164.4696224150046 138.5425056055338 153.62891227469288 135.13862680585052 185.69338256996622 135.3005179960138 146.65812131886466 155.88719156973656 146.7903448614653 166.28989138276344 140.57359971870102 165.2008885388131 138.6405539967591 167.11887277735775 157.20648189718924 154.40249564696697 144.99930628002878 164.5866902335236 134.9498532885022 165.28712353140958 149.00195188103442 132.5330007301098 167.48520992846284 124.1325574226567 121.75454688345094 173.12801574358366 144.41545363327455 126.11582504765624 158.9350260426528 133.28495100004656 152.1386411190075 160.0809179476678 157.1283620571636 155.62240373841047 122.87862919587133 133.40098217919774 149.1692291536649 146.13222762981505 151.95501005388863 165.7402800828576 160.57979392586117 146.42449207034022 151.83004043569318 155.50849767198258 132.69905437688791 159.4541317456853 136.9460754449541 151.1058419368597 150.97809826776373 162.21226695124133 164.36084988138913 164.6132892624809 135.86930963698586 158.3175755099505 137.19816451522362 140.36881456103896 152.13272981208638 167.87552934568873 152.96009662144658
161.755865222041 143.11901117396891 151.8992215037434 160.36929314487904 171.39835681989763 148.65785133640725 165.26001106244655 162.93981733871559 158.3958102644195 168.4222788384053 152.0590826838044 128.25207678683097 138.88104397139875 149.299044658527 151.9613247258859 0.0 175.8651961804713 142.4849777101087 150.3484753576306 167.18838863116844 149.4868399747379 136.9460754449541 171.39835681989763 149.06374901305256 148.20245151478653 156.6022955375611 126.11582504765624 156.66615969665176 167.58177589331552 159.77035723287435 168.2913167126747 178.1170066629722 132.73538602834194 147.77316126876184 142.4289056156489 156.75025384710938 169.2770913122053 140.2139632853004 122.25791568813858 142.32763384353547 157.17642791478593 175.65159405670562 138.5425056055338 163.85319322011384 151.6383944421261 154.7425147038128 163.73432514557794 134.20665607318477 153.18144935105806 160.28992885017342 133.80784981129372 154.49505173703085 154.987333213756 155.03755672321768 141.879236693895 146.14485243081955 167.75170122764195 155.00531237086366 126.11582504765624 136.3111975473169 178.52718123844443 146.65159253097372 148.9163137157889 142.29654676594586 145.07760845765853 148.42421087755125 147.6183699065435 142.89042018451838 166.28989138276344 160.50510293903005 155.88719156973656 169.14506057994936 119.0168315257479 149.4868399747379 132.659013306698 153.86826048291238 137.19816451522362 169.1208756627978 184.29941611089194 152.41199206523834 143.37262602366067 141.9760443280503 162.00272558487544 137.4803431721356 121.8251022692987 159.60480708179463 146.62589366077216 172.17106610857954 125.19585273358541 162.93981733871559 151.84060179029626 164.36084988138913 151.75902053489114 150.5543520864568 164.30495538196752 145.59892200250314 161.87219288861237 134.60989167780818 142.67510332398618 153.18144935105806
184.29941611089194 139.24705804988034 146.89484963576604 154.8041083195111 141.08654916949257 167.48698557092956 136.81293133305388 165.35489883068823 118.26250804418962 163.72045736273336 146.68892089582178 137.12204444801813 150.86783652571128 147.5047943005374 176.7588343127283 175.8651961804713 0.0 162.71270964501923 139.9636548550237 165.79212262351427 173.12801574358366 139.44217837564966 135.13862680585052 149.9395612648367 158.38627175775196 180.75734369871302 151.29132421642672 141.40770058966925 148.1216682844935 150.51143812525083 151.67333152766486 164.32014723438235 157.1487069707992 126.72321821727107 151.8992215037434 157.1283620571636 142.5368176172863 137.19816451522362 166.44772503968923 148.21831414326144 134.09640629593002 150.10262500753947 140.56140405586663 132.69905437688791 160.23783982893482 167.87945354020263 158.38627175775196 126.1651333830401 167.48698557092956 141.879236693895 185.86637864001506 137.17940132090192 160.36929314487904 153.16756502355366 150.92554107790406 105.45876873265993 158.77841696107762 137.8285424647987 178.64879846595164 148.31498740938625 161.8616501323931 163.22156680536807 146.88842367086377 161.87219288861237 171.82845230545408 154.29758109945394 161.60644776801442 170.27518662433408 128.52478329416064 147.51535689220967 146.62589366077216 149.00195188103442 145.22069653200836 149.00195188103442 135.57662303724842 167.75831933543702 147.87951845885715 151.06762484861144 154.4517811479283 152.89566655868538 137.12204444801813 161.60644776801442 142.52689091650004 130.2362601589423 168.73043202170666 154.7345859244555 154.47392409907152 149.39463584271604 150.3484753576306 164.28714682842647 147.6639651432757 150.34767552013437 163.38891127666045 151.1058419368597 147.88048961315712 127.36367885106343 155.11445505472145 154.76284492918526 143.9354621228365 155.88439522943835
176.17409692587856 142.4844574109472 139.73461833936514 130.5089593525839 151.6195739211402 143.2663806554728 173.12801574358366 178.64879846595164 181.37909626610252 134.60989167780818 174.1900365381549 158.38627175775196 127.07405707512828 168.38953857245318 134.38005149838636 142.4849777101087 162.71270964501923 0.0 142.5368176172863 145.15085624019494 159.4541317456853 146.26567346337077 171.5938834153473 144.10426982021843 149.14288052841263 185.86637864001506 149.14127487739304 138.7302625049259 163.25049637100886 140.8173562837831 172.05911795863884 149.39550718475712 146.2534071809721 150.4586493062208 156.41134048359476 149.14288052841263 178.52718123844443 139.45105785368034 172.68263386502957 134.278298765964 143.97844081638414 172.7930290919652 129.13141932570596 124.65768784134931 158.6475244896206 125.086770166551 166.44772503968923 141.42103008896999 144.82621289105654 134.08222765000644 153.00068870612415 156.48687901755852 129.2928423211521 144.18916950572108 167.58177589331552 185.11195752417322 151.83004043569318 167.6143968678113 166.52641276837505 167.40440320436983 149.1692291536649 173.17001745981742 148.21831414326144 141.08654916949257 148.46027409775397 141.40770058966925 149.8663167661608 164.00843018036528 131.44949892049473 145.32503683325837 132.85906201220246 127.16498348536233 162.38176251448036 137.8285424647987 181.22998662328786 150.01410288426234 150.92554107790406 125.086770166551 149.4868399747379 146.5548213269988 172.05911795863884 137.19816451522362 151.54891909199648 156.71621511812899 148.53381161544905 153.60836868688384 135.86930963698586 164.0870983994639 170.4823165921316 154.5405260113645 148.32371921157576 122.87862919587133 172.4853502284543 131.44949892049473 164.28714682842647 146.49275168503567 157.45805658347138 147.51535689220967 165.75958788704455 155.88439522943835
152.13272981208638 113.25546895713822 135.02288047260524 145.96616941662583 128.56878617444355 139.030726099033 116.77975649382347 153.00068870612415 145.74962326983118 155.5091943120222 162.32952957501607 138.6405539967591 155.822189829758 127.31277697963732 128.52478329416064 150.3484753576306 139.9636548550237 142.5368176172863 0.0 149.8164390657445 157.12945540855284 168.48392238168208 147.8937483020205 157.288739938672 151.92032993120787 162.40552352808578 160.35025297424923 162.40552352808578 173.44270078822927 148.32371921157576 146.85178062752723 156.07241481451507 139.465538203479 157.1487069707992 135.02288047260524 151.06762484861144 149.39463584271604 145.1181921426271 140.34525179577045 153.45978369711972 151.06762484861144 125.086770166551 174.72991585195038 126.04192104850267 143.33941963830614 140.2139632853004 160.57979392586117 143.9754690577969 140.08393838027501 131.39024800348645 152.18924098745538 156.07241481451507 169.85678133540267 152.50045791643055 161.8159046019963 143.9754690577969 145.06247544900359 139.73461833936514 175.08673235042556 135.77035345266677 152.33476757533867 152.23380095636435 165.26001106244655 147.88048961315712 138.22574303390533 141.5647350017249 176.7588343127283 143.45860837424317 137.93825412242595 137.75181372588102 136.20360623518883 136.63844636548114 164.6132892624809 168.2913167126747 138.28867955852888 140.6307222702792 135.12591793356032 168.38953857245318 107.52165397568615 156.9181892964381 148.53381161544905 134.20665607318477 143.3795550720498 151.38139124970223 167.14407461989933 129.25935643254672 154.29758109945394 119.11387640932205 143.47344327413785 156.9181892964381 164.3923748648869 125.19585273358541 147.77316126876184 173.44270078822927 126.50749708979404 149.5544005922563 151.67333152766486 185.0931816443213 161.70667326308882 143.45860837424317
145.51546323426342 168.34257315123284 159.6359600949001 157.288739938672 146.89484963576604 96.39518424824965 145.74962326983118 128.52478329416064 136.71727792409172 160.84848415172542 146.39634868148798 159.6359600949001 134.2566473895916 136.78479688556666 171.53449774480737 167.18838863116844 165.79212262351427 145.15085624019494 149.8164390657445 0.0 170.7787541741545 169.14506057994936 169.13805485495848 155.54728348214812 162.39082713930526 124.06903721654626 130.2362601589423 144.68911075893348 133.8670528804998 151.2873903653146 148.9163137157889 159.6359600949001 142.06762797343308 145.30532602575335 129.13141932570596 148.9163137157889 157.88749535001088 167.9066650514291 152.0590826838044 152.30895221695368 150.67092292686488 156.7313174177659 131.90026875165958 161.1186839690789 147.79266132034343 152.33476757533867 137.32678940317302 168.00793135655903 155.88719156973656 128.11724523685572 125.086770166551 138.11440006417362 146.14485243081955 159.8762837413242 167.10999331691914 169.70013126808027 150.28716214107712 146.88842367086377 176.67323878685013 153.96994052665602 126.81797783604321 152.18924098745538 155.32347750548314 150.3484753576306 163.95218040704498 148.33722157450825 155.32347750548314 144.10426982021843 127.62834242006647 151.45820214343823 135.3005179960138 140.34525179577045 156.40446459408915 145.32503683325837 151.38139124970223 170.4823165921316 145.09609258076642 138.2710160353675 139.54602436542888 151.73901955235806 127.9269347921536 138.88104397139875 145.1181921426271 148.46027409775397 133.9304540639789 155.30842288376107 130.89999710195974 178.64879846595164 156.71621511812899 144.41545363327455 149.39550718475712 146.21383736434748 151.2873903653146 169.1208756627978 156.71621511812899 135.59422507789893 134.21404626100568 172.7842235091915 143.9754690577969 166.88153871241641
131.39024800348645 158.82187592899803 129.69941494377264 160.34252482059995 134.30260201728797 158.3958102644195 121.75454688345094 176.7588343127283 151.54891909199648 137.17940132090192 134.24845162615244 137.19816451522362 153.98269881098403 139.21770620457102 143.74785720449336 149.4868399747379 173.12801574358366 159.4541317456853 157.12945540855284 170.7787541741545 0.0 145.90474175695303 151.83004043569318 144.02570814499634 147.93000411385853 121.51359082319343 163.38891127666045 140.02032577135367 177.74724600304674 146.20766063100737 137.47084864357444 161.60644776801442 140.13675445310696 160.50510293903005 154.4517811479283 127.40200856124991 130.60046065189783 134.9498532885022 151.03946511233383 169.97937666703424 131.31113722150644 165.35489883068823 146.65812131886466 156.31435202730614 151.83004043569318 151.06762484861144 126.46530873949615 128.25207678683097 127.9269347921536 156.31435202730614 158.27487733238755 143.73917875047096 149.12016168672807 152.5127982389067 153.62891227469288 150.4586493062208 129.25935643254672 134.278298765964 142.81409826747267 183.1014012813155 145.74962326983118 171.85194202489305 140.96857671962263 142.5368176172863 155.5091943120222 146.68892089582178 152.0076661693793 165.75958788704455 165.75958788704455 150.01410288426234 148.16618854710407 136.71727792409172 185.11195752417322 166.22601324343614 126.1115614669491 121.75454688345094 116.2756197318217 137.93853703000326 132.56709485992496 152.16345369799566 170.4823165921316 167.48156916902298 149.06374901305256 145.73949799688754 148.33722157450825 152.39795860400648 151.03946511233383 157.7466692788309 143.9354621228365 146.40467499830774 168.35207160916636 159.8762837413242 147.57274556313095 167.58177589331552 122.25791568813858 153.6040159969304 160.01846761505155 151.91143626231803 165.68897250561906 163.95218040704498
