100
0.0 109.30733097307744 105.66877393229215 115.57046883685065 89.57391141975032 95.39195026766586 85.90988695224702 113.24407065703737 78.1947023962829 125.49552132896258 118.88734129438203 85.50575288703654 86.20801401283231 119.66541180527021 85.92262478579265 90.16050490014676 101.7069461563414 103.24588237587321 85.41060193186405 94.8677512591503 87.85206610630993 110.31525117705122 108.06554134906537 94.83514293427815 97.85451587535923 106.76571374129281 127.61211504230869 99.07034170251119 93.45030062667392 79.53322803840449 101.81289062133207 81.71859778536675 96.49811350238558 91.10628560290561 99.54217676674078 108.35065200652173 108.26785358337307 110.62783315409342 114.47097025687381 106.71707609684682 84.70054404645272 101.60979963148336 81.48071320207413 86.82682436526582 109.40234153814558 74.9068912654107 85.50575288703654 108.26785358337307 110.3208042135102 100.89478589095032 81.15165429189088 90.16050490014676 103.0765990560984 77.93808701603348 110.62783315409342 98.87252589408483 85.90988695224702 101.58515197360788 76.59431364894601 95.55272946989878 94.00184724981014 108.24093358226794 93.45030062667392 91.81491802174297 106.84868961980435 119.41335762000963 114.19909878283852 112.42843280698999 74.9068912654107 96.48160115685062 101.2114644729656 110.14203887272532 86.89118404043484 85.42423004119983 78.97998025507107 99.03936612460319 138.5323400352793 128.48233482392814 79.67271334814188 70.40768085061883 95.03629699799913 124.59142881715812 104.14202864423046 111.92381877314128 87.31683720561827 115.12917186210393 86.20801401283231 94.15609654704674 107.87091650306317 96.7759794711413 96.48160115685062 92.70762801500429 105.3890432300815 111.98906123414162 98.2882353337875 103.27043356312754 118.82023100040104 112.5380509884929 93.0137481149972 116.64234087337499
109.30733097307744 0.0 72.16544775728038 103.10513549435662 83.09832462732601 113.06481362458375 95.19071277944444 100.84102908863349 103.97722991531111 108.24093358226794 111.92381877314128 106.00500425809133 63.15099862488752 100.10984810530005 80.07642701548029 95.32874579151856 91.68860065473935 85.50015494487529 112.98389198509142 85.90988695224702 100.2692334186553 115.28164033254617 120.67769908893547 108.49453299027725 102.5719388159217 113.49111755018046 89.57391141975032 84.38233112821527 138.5323400352793 126.6311148752477 83.94618743650787 92.6984252038134 96.2557860022152 97.46152905044264 107.63794840049916 121.06249519360908 119.41335762000963 95.08122502518901 114.13025503823536 119.09367209698435 86.6485552194579 129.10187120027376 83.9951814790063 106.13630021714278 111.74715420348666 96.37859387808369 90.48390639486658 116.64234087337499 98.79514901110332 98.38752505829986 101.43017774895101 109.36266945103215 92.37524113185674 119.09367209698435 90.99688718217554 132.9575679074374 92.3108430094125 108.21570580507236 116.15302838606283 63.987162806116764 114.7325038059459 80.9853853070966 94.42163450267242 85.68873060053578 124.59142881715812 93.91595156798356 116.80172655436276 111.29550437345073 118.70614335805945 86.20801401283231 91.69538238511115 76.24091108680031 99.03693860889331 99.98966995301923 104.27043833076459 121.6353766048105 101.6029371439371 69.96722112768344 117.37523924609313 105.18867548614423 117.39030501036062 105.18867548614423 83.3378367194983 80.98301199171506 103.10513549435662 101.52799913592565 82.12272968684529 79.47045085422985 99.91904117479473 110.87570376857889 98.58824522940766 98.2882353337875 112.69868245009314 81.37826085064884 96.80124054371697 103.0765990560984 98.87252589408483 91.9535886463706 123.49453059101629 82.18666774626416
105.66877393229215 72.16544775728038 0.0 106.78315170448509 94.15609654704674 113.0312535286132 94.83514293427815 118.07126656163157 132.9575679074374 100.44557487336711 110.97233162606493 101.70620185699957 96.29438790530088 94.42163450267242 98.80771781112566 124.01241199511368 115.57046883685065 89.42695662733354 92.72237139175243 88.52303782401107 97.46152905044264 108.75014708942034 101.81289062133207 71.47122096718921 90.2751560187757 88.38035151149448 80.44567523450475 86.37882485502813 108.33273834900044 99.53228483103766 83.9911534119299 89.50853258520026 81.48071320207413 88.30469057597483 114.99359135873172 109.90803076858924 100.89478589095032 89.118657759515 89.06786207841884 102.82001450389063 103.80190992105852 104.14202864423046 103.04368400913008 127.0265957072769 102.36531032928701 86.20801401283231 111.42045870228344 89.97495580990064 102.04887331519588 111.56067228229043 108.26785358337307 85.50015494487529 102.42743229057905 94.5769243309323 90.04641134595907 103.21598384515558 110.5746312645995 106.42240487883582 85.68873060053578 92.89203189682075 76.24091108680031 107.06603433103079 67.8252510211021 109.78964624765172 96.22586401616161 91.36092459217654 83.8233053908729 101.45663912428431 114.47097025687381 81.99347103432942 102.26077218735881 92.2687607719296 83.9951814790063 81.48499887606324 97.46152905044264 87.8465125256699 114.99359135873172 100.60143820391407 97.0977007751237 103.95846744705028 101.96431655126416 96.58265496427796 115.05293995500946 86.77681246277504 118.07126656163157 77.96897686148961 109.30733097307744 95.89395316706302 124.46664794391079 90.73816417160397 132.9575679074374 113.32366653277869 116.07255251867895 87.06345616651697 89.9029857474677 87.54430710569049 92.3108430094125 94.27886706122783 117.52593293127481 85.92262478579265
115.57046883685065 103.10513549435662 106.78315170448509 0.0 108.33518457936478 100.5146225383862 94.15110949775465 94.83514293427815 127.0265957072769 87.06345616651697 88.25686258111276 118.70614335805945 112.16948430388825 93.84136463949162 99.75499074518751 115.12917186210393 117.84255149957394 111.54837507006172 107.63794840049916 97.36152254809929 82.32590543804199 115.12917186210393 100.5474754036464 100.18259038497187 96.9086294797607 94.40851361872033 101.78317390405874 95.89395316706302 98.15585642235084 108.21570580507236 58.06090459693969 85.50015494487529 92.89203189682075 96.94144846764902 121.18467068540215 115.71963157453798 95.4794919871229 121.06249519360908 103.65923406312379 100.60143820391407 107.62473809921978 113.16975827087785 87.54430710569049 104.10603254906094 100.75328992777926 101.1976685878377 99.50976396159089 124.98882409748411 99.91904117479473 114.93550448778362 89.59916499318993 85.68873060053578 98.15585642235084 101.72405220766666 95.39195026766586 114.69754014364565 94.42163450267242 80.47627890792259 116.57423771750942 91.48452438468665 84.40251094775262 123.22355384491667 117.52593293127481 119.91953463796537 74.16049154490638 103.08137452827116 103.24588237587321 103.24588237587321 100.96762288340942 81.22572797643795 139.48671633150184 80.23724474472982 98.80771781112566 119.58123506603319 96.76173103156806 83.7293118495126 106.3664175589921 113.37503016580945 116.61135752221878 98.98055225482355 111.61198741019754 105.90049149509032 109.90803076858924 90.73459441238063 79.591944972339 70.82442330924354 102.82001450389063 108.75014708942034 81.99347103432942 94.6298160381712 111.15505798527693 100.10984810530005 70.82442330924354 102.36531032928701 81.37533111271576 111.42045870228344 126.33562323822107 118.85065276562696 85.50575288703654 98.78388296358739
89.57391141975032 83.09832462732601 94.15609654704674 108.33518457936478 0.0 98.87252589408483 95.39195026766586 84.70054404645272 106.11627434932475 94.94249942393013 116.64234087337499 77.93808701603348 77.84918388141483 81.61825353227665 98.36765661541929 94.5320138161928 87.06345616651697 127.61211504230869 92.89203189682075 96.69719470039361 102.92003406603824 86.37882485502813 86.60132708228286 80.44567523450475 113.37503016580945 77.96897686148961 107.83672901463349 112.98389198509142 93.84136463949162 109.27743581701151 81.22572797643795 101.6029371439371 115.28164033254617 94.94249942393013 90.04641134595907 99.0541617564056 98.47440293708775 110.3208042135102 107.87091650306317 95.78688411587282 91.88089492218376 106.84868961980435 131.55369277482728 110.87570376857889 101.72032785727012 91.10628560290561 81.48499887606324 99.52354744233534 103.80190992105852 87.31683720561827 94.8677512591503 103.21598384515558 139.48671633150184 87.54430710569049 111.42045870228344 105.84171563553764 112.27037137618447 139.48671633150184 67.8252510211021 87.95830124549131 106.05376556490138 108.24093358226794 103.97848294243708 103.0765990560984 102.68357906902855 93.45030062667392 106.34926433544352 99.52104147078181 103.10513549435662 95.09400369266395 87.18322319827433 86.08879017763104 96.56843316154601 95.09400369266395 85.42423004119983 95.82909451747486 92.07842479755972 96.69719470039361 106.24788606333313 123.46612893044873 104.51958615366001 81.88656462780581 77.8151033681525 92.70762801500429 118.35629977219662 87.49562005733007 80.9853853070966 94.16110471765909 89.51850613556542 93.85727736053636 94.42163450267242 121.89821616565922 115.35649476735126 113.24407065703737 86.88232480441411 108.14153987951148 119.66541180527021 93.45030062667392 76.23060360316643 116.80172655436276
95.39195026766586 113.06481362458375 113.0312535286132 100.5146225383862 98.87252589408483 0.0 97.46152905044264 117.37523924609313 131.55369277482728 106.11627434932475 104.13546960836861 86.71508772601979 123.49453059101629 116.08341391838702 71.47122096718921 95.76210384098522 82.32590543804199 125.18430207732327 105.84171563553764 96.59360997586548 114.47097025687381 100.79666484804667 94.95595953910501 110.21067886964092 83.26706026615417 105.66877393229215 91.94958133596873 76.24091108680031 109.36266945103215 71.47245352005588 94.94249942393013 106.78315170448509 114.12242325979273 102.89455652383235 81.15165429189088 102.28772238684661 80.94811477335325 82.10641943864917 106.78315170448509 120.67769908893547 93.85727736053636 101.70620185699957 119.41335762000963 101.72032785727012 83.04764733598222 87.06345616651697 113.0312535286132 72.41146855757196 92.37524113185674 86.674428606506 85.50575288703654 106.71489358641853 93.91595156798356 89.9029857474677 105.71611451582008 101.88998938650371 108.75014708942034 80.170638250276 90.39545243158955 95.09400369266395 85.06820655499361 102.16018575788726 74.2047175910833 111.33707126810022 111.38722567319154 84.10055310721103 83.3378367194983 94.94249942393013 103.10513549435662 81.25593638836042 92.3108430094125 96.94144846764902 90.73459441238063 92.02998386096344 85.32940155232772 99.75499074518751 85.98009835320808 87.18322319827433 107.06603433103079 98.36765661541929 138.5323400352793 92.70762801500429 107.87091650306317 113.49111755018046 83.04764733598222 109.90803076858924 97.46152905044264 86.9126478981826 94.95595953910501 87.460053784716 108.21570580507236 92.29247419149699 97.95559120106431 96.80124054371697 78.97998025507107 101.63602142628964 118.25009745486376 97.85569260956089 96.76173103156806 95.03629699799913
85.90988695224702 95.19071277944444 94.83514293427815 94.15110949775465 95.39195026766586 97.46152905044264 0.0 101.43017774895101 92.3108430094125 86.08879017763104 86.51416763233586 98.58104570438923 119.41335762000963 123.22355384491667 88.08325922140259 116.57423771750942 115.35649476735126 94.8677512591503 118.82023100040104 98.58104570438923 80.98301199171506 91.03415507941092 116.80824302253042 107.370693419851 112.32565455961031 85.41060193186405 123.22434027033063 94.88778980123895 87.92122810719006 117.84255149957394 98.15585642235084 122.1412001396525 97.68024170851096 98.38752505829986 96.12389783280686 102.77051181926655 88.38035151149448 114.93550448778362 119.48787768077321 89.97495580990064 92.80039574634728 83.72378705064037 97.3697058840934 118.31774288152758 81.15165429189088 78.97998025507107 102.53789363935155 105.84171563553764 99.0541617564056 94.64127719545529 116.64234087337499 82.32590543804199 83.8233053908729 78.99274562841664 107.83672901463349 91.78522879271206 108.81333233906001 112.27037137618447 108.21570580507236 128.59788116795468 90.16050490014676 105.84171563553764 75.64666828428119 96.9086294797607 108.03494413399861 99.52104147078181 64.96486199015783 90.73459441238063 97.0977007751237 81.71859778536675 93.0024582566404 95.76210384098522 70.30592271877227 120.42158479889154 98.50536164711865 83.72378705064037 79.53322803840449 139.48671633150184 95.76210384098522 96.04642668523086 95.08122502518901 119.66541180527021 115.57046883685065 115.24722368900669 79.47045085422985 118.31774288152758 93.90042630217076 85.50575288703654 119.16428517427536 109.04956317104822 103.2711789418489 93.6155789323246 112.603312591616 121.06249519360908 70.82442330924354 79.53322803840449 107.370693419851 95.23150904820547 92.97317132097282 91.88089492218376
113.24407065703737 100.84102908863349 118.07126656163157 94.83514293427815 84.70054404645272 117.37523924609313 101.43017774895101 0.0 87.36953213195149 107.86124268588424 109.40234153814558 106.13571690343743 81.88656462780581 118.31774288152758 111.74715420348666 107.62473809921978 113.50991634650687 112.42843280698999 106.20493335703517 112.97943220005368 114.47097025687381 101.72032785727012 96.20191482557794 96.56843316154601 101.65795346375165 103.08957015306073 97.34308915259987 117.39030501036062 122.2302856138066 121.06249519360908 93.67457890033093 93.81117528088369 99.37554773316248 86.89118404043484 99.74518873876097 87.95830124549131 98.87252589408483 113.37556217370498 129.10187120027376 98.50536164711865 96.69719470039361 80.94811477335325 93.90042630217076 74.16049154490638 85.16930494013756 124.98882409748411 99.8425116722698 106.09237392035537 70.82442330924354 101.72032785727012 99.03936612460319 96.04642668523086 110.27512751349 83.9911534119299 88.08325922140259 99.98966995301923 93.0137481149972 98.98055225482355 112.40027857599405 80.98301199171506 91.43496813460135 106.34926433544352 98.12310514259839 106.69945393361496 71.47122096718921 102.04743999199968 100.41459858636972 88.38555977870668 91.43095381409054 92.53248967970285 78.99274562841664 86.41228611619371 100.91718442090014 109.27743581701151 106.00500425809133 98.01356641816092 108.35065200652173 109.98351412907041 102.04887331519588 112.01279220984964 107.77839265580005 114.13025503823536 110.16052688597729 102.77051181926655 96.86069133103192 123.46612893044873 94.6020446874762 88.67794046068538 91.10628560290561 80.41028543457239 100.5365155448605 101.48733293406693 112.40027857599405 86.88232480441411 106.20493335703517 81.25593638836042 97.06488939541796 106.78315170448509 108.03494413399861 122.16580843184546
78.1947023962829 103.97722991531111 132.9575679074374 127.0265957072769 106.11627434932475 131.55369277482728 92.3108430094125 87.36953213195149 0.0 94.15609654704674 97.89187554186128 102.77051181926655 96.86786540805085 110.87570376857889 95.78688411587282 109.30733097307744 94.82902391701789 89.52025622379338 79.67271334814188 77.8151033681525 98.16735599399794 108.33518457936478 94.94249942393013 91.26259123274086 67.8252510211021 107.41764065459795 116.15302838606283 94.11101637418582 117.52593293127481 94.82902391701789 103.95846744705028 116.08341391838702 91.29854712732708 114.63201991326278 93.18376006495306 89.46456286539618 119.5579423187631 81.99347103432942 83.7804358315662 98.8095989309217 108.3241096453181 104.15307561299777 114.47097025687381 105.3890432300815 95.41484522900778 139.48671633150184 98.01356641816092 106.13927388191904 96.9086294797607 112.98389198509142 114.40970735824126 103.04368400913008 93.81117528088369 107.77839265580005 109.1419843689588 96.58265496427796 92.02998386096344 98.12310514259839 80.07642701548029 85.68873060053578 96.56843316154601 83.72378705064037 108.49453299027725 103.97722991531111 109.30733097307744 106.76571374129281 106.13630021714278 88.33944533753703 99.98966995301923 94.11101637418582 96.12996578809867 94.21246112246632 93.90042630217076 76.24091108680031 121.6353766048105 81.37533111271576 71.47122096718921 91.94958133596873 81.25593638836042 95.03629699799913 107.63794840049916 102.92003406603824 90.53906676869308 129.10187120027376 93.45030062667392 95.21543498130089 116.80824302253042 104.86056285660385 120.67769908893547 98.36765661541929 100.39669225064537 92.29247419149699 72.16544775728038 79.591944972339 104.86056285660385 93.67457890033093 94.5769243309323 93.7033880875768 84.70054404645272 89.6325581537567
125.49552132896258 108.24093358226794 100.44557487336711 87.06345616651697 94.94249942393013 106.11627434932475 86.08879017763104 107.86124268588424 94.15609654704674 0.0 106.71489358641853 87.06345616651697 106.13571690343743 114.7325038059459 100.06831047711336 97.34308915259987 111.61198741019754 79.47045085422985 100.56921165289647 110.22382790417227 80.51134651839175 99.53228483103766 110.62783315409342 116.44882462069074 93.18376006495306 100.5365155448605 106.06019247785659 102.42743229057905 80.94811477335325 117.46148411107905 108.78263708352837 90.39545243158955 118.25009745486376 83.7293118495126 101.7069461563414 81.37533111271576 84.70054404645272 105.71611451582008 95.41484522900778 112.27037137618447 96.81798339952155 119.58123506603319 63.66034981744286 100.38600817286466 79.53322803840449 112.77959484803229 102.99482534773072 88.86763037158003 85.41060193186405 104.17466635644072 103.2711789418489 89.74648602462892 101.48733293406693 79.47045085422985 94.64127719545529 96.86069133103192 93.0024582566404 115.0714814661164 108.62669408213299 95.03629699799913 111.49949649354372 100.40351229995893 124.59142881715812 89.92771108123958 111.61178184177356 85.16930494013756 98.78388296358739 111.44120695183938 110.27512751349 117.39030501036062 114.93390871375422 86.20801401283231 117.52593293127481 96.49811350238558 94.14002775495922 110.14203887272532 119.58123506603319 101.52799913592565 93.2472042070782 117.46148411107905 99.74518873876097 87.85206610630993 116.91805483525401 99.53228483103766 93.81117528088369 103.97848294243708 100.15211491972018 118.88734129438203 104.14202864423046 94.15110949775465 55.22441441429505 83.69705120940577 103.04368400913008 100.75328992777926 110.5746312645995 102.42743229057905 106.24788606333313 91.69538238511115 116.99539678642861 83.3378367194983
118.88734129438203 111.92381877314128 110.97233162606493 88.25686258111276 116.64234087337499 104.13546960836861 86.51416763233586 109.40234153814558 97.89187554186128 106.71489358641853 0.0 119.72444574392013 102.05533545369155 109.30733097307744 102.5719388159217 80.94811477335325 72.4996602990329 80.23489638744155 118.07126656163157 121.67540256767651 98.47440293708775 85.42423004119983 110.18177993275178 90.15481756618449 95.78688411587282 98.01356641816092 102.82001450389063 108.62669408213299 87.57706842755289 119.58123506603319 105.18867548614423 110.27512751349 115.12917186210393 99.54217676674078 111.74715420348666 116.99539678642861 120.42158479889154 110.16052688597729 92.97317132097282 87.06345616651697 70.40768085061883 100.80714085648931 110.3208042135102 106.13630021714278 98.01356641816092 77.96897686148961 80.94811477335325 126.33562323822107 99.74518873876097 88.25686258111276 96.86069133103192 89.50853258520026 74.2047175910833 111.61198741019754 108.78263708352837 79.67271334814188 101.1976685878377 93.91595156798356 97.85569260956089 96.22586401616161 107.63794840049916 84.38233112821527 101.63602142628964 116.72039140800729 95.55272946989878 92.39055168715 114.07646548954115 86.51416763233586 101.96431655126416 107.41764065459795 94.21246112246632 109.04956317104822 91.88089492218376 104.37798993033833 86.89118404043484 93.90042630217076 74.2047175910833 108.03494413399861 96.48160115685062 93.7033880875768 90.53906676869308 71.57670904788742 81.61825353227665 111.49949649354372 119.48787768077321 89.6325581537567 105.3321682100938 70.30592271877227 103.04368400913008 116.2016441691679 110.5746312645995 125.65180231746233 119.91953463796537 89.14509020222107 96.86069133103192 89.51850613556542 92.53248967970285 104.86056285660385 85.42423004119983 100.84102908863349
85.50575288703654 106.00500425809133 101.70620185699957 118.70614335805945 77.93808701603348 86.71508772601979 98.58104570438923 106.13571690343743 102.77051181926655 87.06345616651697 119.72444574392013 0.0 102.2243780751456 83.3378367194983 108.81333233906001 115.77746118848174 111.33483434927041 86.674428606506 116.72039140800729 102.60121913673564 95.82909451747486 81.68932603724002 101.2114644729656 79.47045085422985 95.21543498130089 116.57423771750942 100.5474754036464 94.12798258648162 110.95278564442 94.16110471765909 115.24722368900669 87.8465125256699 100.5365155448605 89.41853357682638 112.98389198509142 94.452290796208 109.27029277727932 108.47789859295608 94.6298160381712 67.52217843334952 109.78709056014378 105.84171563553764 89.92771108123958 104.59679981768147 106.62867090718093 100.48940025079649 94.21246112246632 103.2711789418489 122.2302856138066 117.72338078979996 127.15676188420383 93.91595156798356 93.6155789323246 73.44384487117726 96.59360997586548 113.32366653277869 83.85178929826372 103.29367706661624 83.9911534119299 79.67271334814188 133.45443691455608 92.97317132097282 68.00787363638199 84.40251094775262 83.04764733598222 126.6311148752477 129.06461867520431 85.68873060053578 89.21645793701292 88.05599352779552 93.85727736053636 97.34308915259987 104.21528602722005 78.97998025507107 122.62299215983742 100.91718442090014 124.44555015837305 114.21344654381089 85.16930494013756 85.06820655499361 94.64127719545529 121.6353766048105 119.83009435376059 102.53789363935155 86.77681246277504 81.37826085064884 96.2390632898875 107.83672901463349 99.13478950659226 87.4004704539376 114.7325038059459 102.77051181926655 99.0541617564056 96.86786540805085 86.6485552194579 88.08325922140259 107.55260317840592 114.56101697975537 100.15211491972018 84.12760345923107
86.20801401283231 63.15099862488752 96.29438790530088 112.16948430388825 77.84918388141483 123.49453059101629 119.41335762000963 81.88656462780581 96.86786540805085 106.13571690343743 102.05533545369155 102.2243780751456 0.0 104.14202864423046 115.05293995500946 69.96722112768344 100.41459858636972 107.83672901463349 114.7325038059459 111.23988505917603 103.2137044724633 96.29438790530088 80.51134651839175 114.19909878283852 112.13343348746477 88.38035151149448 84.10055310721103 84.10055310721103 90.13042800095447 119.91953463796537 123.46612893044873 103.95846744705028 100.40351229995893 91.43496813460135 86.08879017763104 99.37554773316248 94.6298160381712 112.603312591616 97.2999875773428 116.2016441691679 87.13995747582581 95.03629699799913 91.43496813460135 109.9087394471471 98.58824522940766 104.59679981768147 119.66541180527021 94.11101637418582 100.5365155448605 94.8677512591503 100.56301342063342 115.57046883685065 106.24788606333313 104.78094001142333 119.48787768077321 97.54792505419191 111.74715420348666 100.48940025079649 112.5380509884929 107.83672901463349 96.81798339952155 96.81798339952155 100.40351229995893 82.32590543804199 94.83514293427815 100.87684656145169 88.86763037158003 93.7033880875768 92.53248967970285 89.92771108123958 94.40851361872033 75.35566200618753 83.26706026615417 113.88290098930767 82.48242001923465 92.0231240464656 94.15110949775465 93.91595156798356 87.57706842755289 95.82909451747486 118.07126656163157 119.6974438719291 106.3664175589921 104.59679981768147 114.48572092253423 113.37503016580945 79.591944972339 67.8252510211021 106.24788606333313 102.05533545369155 107.59533721585288 116.80172655436276 80.98301199171506 117.55874345683587 101.63602142628964 96.49811350238558 89.21645793701292 87.95830124549131 97.46152905044264 127.15676188420383
119.66541180527021 100.10984810530005 94.42163450267242 93.84136463949162 81.61825353227665 116.08341391838702 123.22355384491667 118.31774288152758 110.87570376857889 114.7325038059459 109.30733097307744 83.3378367194983 104.14202864423046 0.0 86.88232480441411 100.5146225383862 115.12917186210393 102.89455652383235 123.22355384491667 88.38555977870668 79.67271334814188 91.78522879271206 111.10872751393579 83.7804358315662 85.08541651467515 95.01379563151293 116.61135752221878 109.90803076858924 102.92003406603824 86.77681246277504 98.73452546172935 94.8677512591503 79.67271334814188 114.93390871375422 89.92771108123958 92.02998386096344 88.67794046068538 80.41028543457239 89.97495580990064 85.25875317520142 98.12310514259839 104.78094001142333 94.15110949775465 91.26259123274086 112.32565455961031 105.3890432300815 90.16050490014676 139.48671633150184 92.0231240464656 95.55272946989878 126.46591400283766 118.31774288152758 96.12996578809867 108.35065200652173 96.95256504323027 74.16049154490638 103.0309137706619 113.49111755018046 101.58515197360788 96.2390632898875 100.87684656145169 114.99359135873172 70.40768085061883 107.14921864665605 79.67271334814188 120.67769908893547 112.16948430388825 87.06345616651697 108.7914996657263 117.37523924609313 101.5750268417129 99.37554773316248 108.21570580507236 113.24407065703737 103.80190992105852 97.54792505419191 108.78263708352837 94.6020446874762 113.37556217370498 124.59142881715812 81.22572797643795 115.28164033254617 112.5380509884929 88.05599352779552 112.32565455961031 98.78388296358739 119.83009435376059 96.79573834934575 112.42843280698999 132.9575679074374 114.93390871375422 73.44384487117726 84.4160576129578 94.76391517274254 108.62669408213299 122.73534705550044 109.43761649650139 111.44120695183938 76.23060360316643 92.07842479755972
85.92262478579265 80.07642701548029 98.80771781112566 99.75499074518751 98.36765661541929 71.47122096718921 88.08325922140259 111.74715420348666 95.78688411587282 100.06831047711336 102.5719388159217 108.81333233906001 115.05293995500946 86.88232480441411 0.0 87.57706842755289 84.40251094775262 126.33562323822107 108.49453299027725 96.19937329242518 107.06195867222577 108.75014708942034 94.82902391701789 101.88998938650371 106.69945393361496 97.06488939541796 69.96722112768344 92.80039574634728 102.60121913673564 105.67547181053538 111.0329255976954 102.2519293813287 89.92771108123958 115.28164033254617 112.16948430388825 85.78734896596038 75.5220802005134 114.48572092253423 90.39545243158955 87.85206610630993 91.36092459217654 112.01279220984964 97.88356037208233 89.9029857474677 87.85206610630993 86.88232480441411 92.6984252038134 94.42163450267242 73.08254053198226 114.13025503823536 115.24722368900669 95.09400369266395 90.73459441238063 115.28164033254617 97.85569260956089 95.82909451747486 96.48160115685062 100.15211491972018 102.89455652383235 110.18177993275178 106.34926433544352 88.05599352779552 80.9853853070966 90.77638210387731 94.42163450267242 86.674428606506 87.13995747582581 121.18467068540215 101.88998938650371 94.82902391701789 86.41228611619371 75.64666828428119 98.1972541920516 104.10603254906094 119.20599274007931 122.1412001396525 109.27029277727932 97.85451587535923 107.06195867222577 90.01147503450103 106.84868961980435 114.13025503823536 111.30564099204318 96.94144846764902 110.92926890044015 81.49279592484332 86.31339353133055 100.56301342063342 81.25593638836042 132.9575679074374 95.82909451747486 127.33841715446746 101.5750268417129 94.64127719545529 110.5746312645995 102.05533545369155 112.77959484803229 92.70762801500429 90.2751560187757 89.74648602462892
90.16050490014676 95.32874579151856 124.01241199511368 115.12917186210393 94.5320138161928 95.76210384098522 116.57423771750942 107.62473809921978 109.30733097307744 97.34308915259987 80.94811477335325 115.77746118848174 69.96722112768344 100.5146225383862 87.57706842755289 0.0 80.41028543457239 123.46612893044873 117.49290387785307 116.99539678642861 91.43095381409054 88.86763037158003 109.04956317104822 94.40851361872033 139.48671633150184 78.33395460037619 97.48866408053611 109.30733097307744 96.04642668523086 90.09448087255129 109.98351412907041 108.14153987951148 97.85451587535923 83.35994830869039 80.07642701548029 106.13630021714278 76.59431364894601 116.57423771750942 101.96431655126416 92.4431873341538 109.53148982336499 103.2226764768675 88.01933076530759 92.39055168715 87.7535620036369 97.84495571292612 106.24788606333313 113.88290098930767 109.43761649650139 83.04764733598222 100.5365155448605 81.10304917121371 81.10304917121371 58.06090459693969 83.7804358315662 78.33395460037619 98.87252589408483 127.61211504230869 103.25400363152787 91.29854712732708 102.04887331519588 105.90049149509032 94.16110471765909 97.3697058840934 98.38752505829986 105.3890432300815 64.96486199015783 92.53248967970285 93.6155789323246 87.460053784716 108.47789859295608 80.98301199171506 89.51850613556542 106.22611678706117 109.72249999737322 97.84495571292612 95.82909451747486 110.62783315409342 64.96486199015783 77.84918388141483 83.6587877344993 88.13438669788721 101.45663912428431 84.08658865863002 98.16735599399794 96.80124054371697 118.07126656163157 96.29438790530088 103.10513549435662 121.89821616565922 125.40252630132188 105.42839192549395 108.78263708352837 90.16050490014676 107.06195867222577 129.06461867520431 90.01147503450103 116.61269875697683 113.88290098930767 100.20449385661703
101.7069461563414 91.68860065473935 115.57046883685065 117.84255149957394 87.06345616651697 82.32590543804199 115.35649476735126 113.50991634650687 94.82902391701789 111.61198741019754 72.4996602990329 111.33483434927041 100.41459858636972 115.12917186210393 84.40251094775262 80.41028543457239 0.0 114.13025503823536 99.82188725327687 83.35994830869039 100.40351229995893 112.27037137618447 86.88232480441411 82.10641943864917 96.48160115685062 111.30564099204318 101.7069461563414 101.70620185699957 107.77839265580005 110.14203887272532 114.7325038059459 98.16735599399794 111.38722567319154 104.27043833076459 100.91718442090014 106.05376556490138 94.6298160381712 107.41764065459795 100.91718442090014 106.3664175589921 105.2389107755778 128.59788116795468 90.73816417160397 79.41382184613178 94.6298160381712 85.92262478579265 99.98343876345932 111.61198741019754 69.46526587927127 107.370693419851 93.85727736053636 91.9535886463706 112.98389198509142 97.06488939541796 112.54706962349057 117.39030501036062 109.9087394471471 81.15165429189088 117.49290387785307 81.37533111271576 86.71508772601979 101.48733293406693 102.28772238684661 107.14921864665605 96.49811350238558 112.18491655281201 100.5365155448605 101.72032785727012 94.5769243309323 100.00098065533652 118.07126656163157 83.94618743650787 58.06090459693969 87.85206610630993 101.78317390405874 78.99274562841664 101.2114644729656 86.9126478981826 105.54212693636894 85.08541651467515 79.47045085422985 99.98966995301923 73.44384487117726 88.87803287017245 110.16052688597729 119.72444574392013 121.67540256767651 97.54792505419191 107.58218686556944 94.42163450267242 106.42240487883582 113.49111755018046 98.50536164711865 114.99359135873172 94.48815889872427 100.39669225064537 101.45663912428431 108.7914996657263 95.55272946989878 100.5474754036464
103.24588237587321 85.50015494487529 89.42695662733354 111.54837507006172 127.61211504230869 125.18430207732327 94.8677512591503 112.42843280698999 89.52025622379338 79.47045085422985 80.23489638744155 86.674428606506 107.83672901463349 102.89455652383235 126.33562323822107 123.46612893044873 114.13025503823536 0.0 125.40252630132188 111.10872751393579 110.31525117705122 73.79878409311738 85.68873060053578 88.26583974312001 113.44048685830204 96.12996578809867 114.93390871375422 103.24702377737601 82.18666774626416 101.43017774895101 106.69945393361496 112.42843280698999 101.7069461563414 99.37554773316248 129.10187120027376 127.15676188420383 100.56921165289647 85.50575288703654 97.36152254809929 106.12129660370755 97.84495571292612 117.46148411107905 89.19422227206128 99.66851026642922 84.4160576129578 81.99347103432942 101.43017774895101 108.7914996657263 90.99688718217554 110.95278564442 111.23988505917603 117.55874345683587 86.08879017763104 117.84255149957394 111.92381877314128 107.41764065459795 94.42163450267242 102.26077218735881 92.97869156122054 98.4181330367233 113.88290098930767 102.55206887147727 79.83630663498559 107.55260317840592 86.08879017763104 119.48787768077321 100.5146225383862 79.41382184613178 89.52025622379338 106.71707609684682 98.1972541920516 71.47122096718921 102.26077218735881 107.06603433103079 91.43496813460135 104.27043833076459 89.52025622379338 90.53906676869308 89.59916499318993 83.3378367194983 88.13438669788721 73.79878409311738 92.80039574634728 107.63794840049916 112.54706962349057 124.46664794391079 89.97495580990064 106.42240487883582 83.44130429025607 98.15585642235084 107.62473809921978 100.44557487336711 106.09237392035537 117.72338078979996 81.37826085064884 105.2389107755778 86.51416763233586 89.06786207841884 106.62867090718093 81.61825353227665
85.41060193186405 112.98389198509142 92.72237139175243 107.63794840049916 92.89203189682075 105.84171563553764 118.82023100040104 106.20493335703517 79.67271334814188 100.56921165289647 118.07126656163157 116.72039140800729 114.7325038059459 123.22355384491667 108.49453299027725 117.49290387785307 99.82188725327687 125.40252630132188 0.0 101.88998938650371 87.13995747582581 88.25686258111276 139.48671633150184 115.0714814661164 97.3697058840934 90.16050490014676 103.95846744705028 113.24407065703737 79.67271334814188 101.72032785727012 90.73816417160397 100.96762288340942 93.45030062667392 97.48866408053611 105.54212098501881 125.40252630132188 113.32004239622958 91.68860065473935 105.84171563553764 93.45030062667392 103.2711789418489 110.87570376857889 105.71611451582008 87.31683720561827 86.82682436526582 86.9126478981826 94.64395765248449 95.82909451747486 109.78964624765172 100.45450851865988 89.08710512442518 63.15099862488752 109.72249999737322 82.32590543804199 109.91625853676777 100.15211491972018 93.43970035172568 82.02098957964449 119.91953463796537 112.16948430388825 124.44555015837305 113.16975827087785 116.91805483525401 106.24788606333313 90.09448087255129 101.72032785727012 104.59679981768147 93.67457890033093 126.33562323822107 109.04956317104822 93.08667027359232 78.97998025507107 87.13995747582581 119.41335762000963 98.12310514259839 95.89395316706302 106.24788606333313 94.15110949775465 118.85065276562696 97.54792505419191 115.12917186210393 94.48815889872427 108.58403963196464 55.22441441429505 110.86358203610644 88.33944533753703 106.42240487883582 96.29438790530088 91.10628560290561 109.98351412907041 97.88356037208233 83.72378705064037 120.74245205846059 93.81117528088369 121.61448784136701 90.77638210387731 96.95256504323027 109.91625853676777 100.41459858636972 85.41060193186405
94.8677512591503 85.90988695224702 88.52303782401107 97.36152254809929 96.69719470039361 96.59360997586548 98.58104570438923 112.97943220005368 77.8151033681525 110.22382790417227 121.67540256767651 102.60121913673564 111.23988505917603 88.38555977870668 96.19937329242518 116.99539678642861 83.35994830869039 111.10872751393579 101.88998938650371 0.0 92.70762801500429 96.86786540805085 86.60132708228286 122.16580843184546 96.22586401616161 101.35256338219116 86.71508772601979 96.12389783280686 114.56101697975537 101.5750268417129 94.11101637418582 109.43761649650139 92.37524113185674 97.36152254809929 102.04887331519588 115.24722368900669 83.26706026615417 101.72032785727012 108.75014708942034 84.12760345923107 124.46664794391079 88.86763037158003 98.34247092574478 116.61269875697683 74.16049154490638 112.40027857599405 83.72378705064037 100.91718442090014 97.88356037208233 101.6029371439371 115.05293995500946 95.03629699799913 99.53228483103766 107.62829398265256 89.52025622379338 106.05376556490138 104.4710743812649 101.65795346375165 82.12272968684529 97.84495571292612 104.10603254906094 90.75644967154444 84.38233112821527 107.77839265580005 99.91904117479473 89.92771108123958 90.75644967154444 106.12129660370755 106.0250976018898 103.04368400913008 94.16110471765909 117.55874345683587 127.0265957072769 83.8233053908729 83.7804358315662 111.80203867891385 97.2999875773428 94.00184724981014 109.27029277727932 109.40234153814558 106.84868961980435 89.57391141975032 81.37826085064884 99.0541617564056 96.81798339952155 103.2711789418489 86.39063297441066 81.48071320207413 113.37503016580945 103.0765990560984 99.54217676674078 112.40027857599405 89.74648602462892 73.44384487117726 80.94811477335325 113.37556217370498 70.03141195238095 103.25400363152787 104.51958615366001 103.14655458987295
87.85206610630993 100.2692334186553 97.46152905044264 82.32590543804199 102.92003406603824 114.47097025687381 80.98301199171506 114.47097025687381 98.16735599399794 80.51134651839175 98.47440293708775 95.82909451747486 103.2137044724633 79.67271334814188 107.06195867222577 91.43095381409054 100.40351229995893 110.31525117705122 87.13995747582581 92.70762801500429 0.0 108.21570580507236 125.49552132896258 92.97317132097282 116.61269875697683 119.16428517427536 111.10872751393579 107.55260317840592 99.98343876345932 87.54430710569049 108.81333233906001 94.00184724981014 96.81798339952155 114.93390871375422 83.6587877344993 103.27043356312754 72.41146855757196 87.85206610630993 97.85451587535923 117.39030501036062 107.58218686556944 94.09052605331739 109.46650353988963 97.0810157290391 92.07842479755972 98.16735599399794 89.74648602462892 111.10872751393579 80.07642701548029 78.33395460037619 109.43761649650139 122.1412001396525 102.04743999199968 91.72073564711262 100.15211491972018 125.40252630132188 63.987162806116764 92.13727157678888 86.71508772601979 119.6974438719291 91.72073564711262 109.53148982336499 112.77959484803229 91.29854712732708 83.72378705064037 99.75499074518751 106.09237392035537 96.04642668523086 87.460053784716 110.92926890044015 100.06831047711336 85.50015494487529 109.43761649650139 91.78522879271206 119.6974438719291 113.86747332038493 104.09846362014214 122.16580843184546 101.96431655126416 106.62867090718093 109.53148982336499 89.60839037384878 82.48242001923465 109.91625853676777 104.10603254906094 121.61448784136701 121.6353766048105 111.29550437345073 114.40970735824126 112.18491655281201 87.4004704539376 111.98906123414162 111.33707126810022 124.01241199511368 83.85178929826372 99.98966995301923 119.20599274007931 92.07842479755972 90.16050490014676 100.00098065533652
