100
0.0 144.75924160816163 145.32130604137734 154.32428720062126 162.7370949138487 147.2522979963408 175.42863090517807 150.3052462644138 155.05201196555913 148.48667294241406 139.45769346947478 152.159755640932 147.50305400254805 152.32490721258918 146.13559033577016 155.59575160389585 145.51522153634318 147.2522979963408 120.99888688104409 168.8205062174546 128.90806227442246 133.76013031428855 139.11574541700423 126.17712036527061 176.01075020360923 155.07044848570624 151.90831080929996 160.0073787880196 134.15642726158035 164.94902151192812 163.82722388272975 155.07044848570624 161.25239817737744 130.90648143741612 142.72485633982984 149.242071831257 146.91234862280933 144.29439061047927 154.9377167839832 139.97246650167887 127.73249587905093 160.80333446230318 132.65268290148236 173.8885371433123 150.17482254985237 152.8985917411862 157.0485927976563 114.57094043869958 160.70947259369876 141.43156256240576 156.58057563909213 153.87669205856773 131.12908667430065 130.42552327755652 148.58394567744892 142.7170331610968 156.51993552341645 151.45041992338017 163.5164474018896 147.80775755253362 169.42329148583576 166.26061617629793 175.77571230270297 138.1220431646109 157.79953281935815 156.31170692033965 149.49403903968428 136.62612285132815 152.77278213797933 162.38329763759722 156.26265639385832 119.01590581890494 158.38927891264802 142.16945469841667 131.08459268631128 148.78810626870202 152.5825606416437 149.67406998442448 150.07709633418827 178.5887223798449 146.428361865392 153.3618712486501 127.48200811650024 132.00587997927403 154.17769293739477 145.32130604137734 157.6480604926025 146.25216036124104 173.3763752654662 164.26712693241782 188.41876393237854 147.45813334289318 163.82722388272975 151.82964359445398 168.8205062174546 146.24441866725067 159.03396118847226 169.4662983041132 142.42475148980398 149.2367801675112
144.75924160816163 0.0 166.71029440136425 148.37271732165195 151.65101584027062 142.43786010645243 145.32130604137734 155.5440498896991 147.2522979963408 164.36444271240796 152.85275487508366 161.2453870976207 140.2419625537014 145.77616581286082 153.6119162209815 156.3977917887572 134.88412401708896 131.19119325896287 169.56094464579505 129.07193246015942 153.1737802767482 156.3977917887572 126.40037983032192 159.39304025398968 125.3653347307831 165.82607285938948 138.74127909554866 126.17712036527061 152.39122119981508 162.90109737180316 133.61968435238697 156.72187549156268 156.31170692033965 163.82722388272975 149.242071831257 149.51512087745894 147.31515499747178 147.85103714534222 144.91604988559848 152.70244663192 134.3704562977771 128.10934612514194 142.16945469841667 140.24511107902595 146.24441866725067 138.74127909554866 157.83324608817927 147.1236325552938 146.2772284687469 160.70947259369876 149.1117318197362 148.37271732165195 167.91605675098708 142.43786010645243 170.8785876140822 162.6026966360718 137.8450962790671 146.91234862280933 183.65604532432462 170.27777180099775 162.90109737180316 152.80713444030204 139.97246650167887 154.1213445851616 136.15812355137575 151.90831080929996 160.70263344297163 142.16945469841667 152.5825606416437 166.24686809995058 148.58394567744892 132.00587997927403 128.81167844456493 143.00664931285962 160.32519825104683 149.44840515265997 161.25239817737744 132.65498117874102 140.81592375342652 162.97156154647845 136.2345926472073 150.42222872945672 167.91605675098708 143.92329584408884 141.22196696608322 152.8985917411862 197.67180418194266 120.99888688104409 174.58574743805593 159.66087824740686 131.71279546718898 146.13559033577016 158.56854966205316 169.80347185047782 147.75342599257618 162.97156154647845 152.8985917411862 139.68850200581159 156.58057563909213 119.04845035631496
145.32130604137734 166.71029440136425 0.0 167.91605675098708 170.8785876140822 119.01590581890494 153.90776918023045 136.08132986732645 157.29219459237476 135.1060391053316 146.91234862280933 139.68850200581159 151.90831080929996 130.48964184788986 161.2453870976207 150.34806635059059 172.64084840912525 142.43786010645243 162.37635071938172 152.80713444030204 134.56182988087232 133.27285159504402 137.9752330139416 137.8450962790671 126.17712036527061 169.3787123977176 143.81677763254137 157.83324608817927 170.78162325874194 158.05543789844413 162.97156154647845 156.3977917887572 151.45041992338017 144.14872682694136 171.03593856153233 160.5570575272413 130.17259054947422 134.92179716078692 144.02418036723878 127.48200811650024 131.96448639777037 144.83118278422506 136.6347522949025 147.18659097527464 153.32533527311853 153.0044495510284 131.81325804984672 150.4025868631751 163.5164474018896 146.3027749163046 153.34403158126426 156.0604300011232 139.59370080146118 153.87669205856773 152.80713444030204 132.65498117874102 172.94641872278783 155.30108771441246 150.50047316181656 144.16008239489565 150.50047316181656 165.07865174297888 157.02194716126215 165.607496348566 147.45813334289318 130.28747204646606 161.2952605177717 136.62612285132815 145.57038476542033 143.33272303693957 172.64084840912525 162.33907891577556 165.607496348566 157.6480604926025 136.6347522949025 149.242071831257 136.08132986732645 157.6480604926025 158.9626666144003 169.80347185047782 164.36444271240796 134.56182988087232 146.3027749163046 149.242071831257 153.1737802767482 146.54393042552402 149.62820822901458 150.14743142680325 147.18451414981294 120.99888688104409 126.02489783011615 146.2772284687469 127.48200811650024 158.46632750973674 154.9830897207271 148.64517757225147 143.77201921219256 149.31633191506205 150.556334835044 151.480953277158
154.32428720062126 148.37271732165195 167.91605675098708 0.0 147.2522979963408 152.9367152865874 155.30108771441246 159.03396118847226 155.343387524456 152.66071950692788 119.04845035631496 158.37854199842243 151.30501716372575 152.29011068228692 150.50047316181656 150.14055973774708 151.480953277158 128.94715715393795 146.6579177517089 151.2174378623724 130.42552327755652 162.69242683337583 161.50102534848727 154.23850858006458 144.75924160816163 164.36444271240796 140.20144737248307 153.12411886445548 157.57481230261158 147.80775755253362 163.1338164906147 146.6579177517089 168.8205062174546 151.2819898822508 117.05812556775525 133.17686243158482 156.49716712537162 149.1117318197362 131.96448639777037 166.26061617629793 140.45077218734363 168.5777304789758 133.27285159504402 146.32597990028114 147.39859704489956 135.90923256010643 158.46632750973674 143.16274499839767 156.948382824771 127.26476703216703 141.54858992272568 141.1868972482506 173.8885371433123 150.26372211569617 166.56365641754311 159.03396118847226 143.81677763254137 150.14055973774708 142.43786010645243 145.57038476542033 114.57094043869958 138.74127909554866 151.30501716372575 153.9814486923835 132.86527886222223 146.25216036124104 146.5077554610165 140.2419625537014 133.46132671968695 136.2345926472073 164.26712693241782 137.9752330139416 169.3787123977176 145.91302355898713 127.26476703216703 121.96368475889093 163.5164474018896 123.41579992425122 150.3272642170722 157.654812656617 114.48192614745545 136.85966294039116 135.15070133577498 125.3653347307831 126.17712036527061 131.31721247828395 157.02194716126215 136.8191922837421 161.0667926643658 151.90831080929996 153.0044495510284 175.42863090517807 130.42552327755652 112.17013880245841 133.46132671968695 144.29439061047927 158.40641102510367 141.74650752792425 146.25216036124104 141.74650752792425
162.7370949138487 151.65101584027062 170.8785876140822 147.2522979963408 0.0 167.91605675098708 171.97450364152058 130.48964184788986 141.74650752792425 133.17686243158482 142.9422505121917 157.87808103559806 158.38927891264802 152.44585370748783 144.74649441371048 164.77312372117407 160.32519825104683 137.8450962790671 153.87669205856773 151.45041992338017 126.26761243784944 143.16274499839767 151.30501716372575 166.71029440136425 152.29011068228692 133.46132671968695 154.0041566820096 168.8205062174546 157.0485927976563 158.40641102510367 126.17712036527061 147.1236325552938 133.76013031428855 156.94425698263808 145.91302355898713 150.26372211569617 155.20211521593544 167.91605675098708 139.45769346947478 152.70244663192 131.19119325896287 157.94416203070705 146.32597990028114 144.14872682694136 138.62977438228415 165.3982833400633 153.12411886445548 131.5221102654171 167.91605675098708 133.27285159504402 145.91302355898713 137.9752330139416 166.03929389721344 171.78460561455108 138.92189913317367 150.26372211569617 162.7370949138487 155.97277606404364 134.49588569283299 154.26351713482802 170.8785876140822 157.83324608817927 162.37635071938172 150.14743142680325 169.42329148583576 159.03396118847226 169.31132638354543 160.70947259369876 121.28920413946686 166.5282525060528 142.54775172485563 136.8191922837421 146.71214111979845 166.5389086091325 155.20211521593544 149.1117318197362 147.85103714534222 158.5685239110875 159.8709250891837 152.66071950692788 145.32324655131205 119.04845035631496 157.94416203070705 152.9367152865874 130.28747204646606 151.6637485533614 160.4767076221008 126.17712036527061 150.26372211569617 166.82673166786248 146.5894931784911 146.428361865392 153.19993093266953 154.39662882669236 147.1236325552938 178.56946110419116 160.9720288529834 160.0073787880196 153.6119162209815 132.65268290148236
147.2522979963408 142.43786010645243 119.01590581890494 152.9367152865874 167.91605675098708 0.0 160.88714076911543 156.28763974759136 147.21155661482703 140.75490956413998 165.3982833400633 151.42576196874657 155.16316840563096 153.195734503791 146.25216036124104 169.2746350140437 153.46667095885738 162.38329763759722 140.2419625537014 154.17769293739477 156.036610282255 151.20290762606615 147.75342599257618 146.5077554610165 144.50069515727466 126.40037983032192 150.61380043339375 139.62106784362535 130.7972463717067 149.2367801675112 160.0073787880196 141.17131520304173 129.8375775891489 153.24577632107477 150.75079990110302 163.11387102792418 147.45813334289318 147.39859704489956 160.5570575272413 147.93829248386018 164.48824921834404 154.9377167839832 183.65604532432462 125.93840278427064 143.67412234771194 139.12809511298428 147.31710069604884 179.74052295879596 156.26265639385832 181.14067710592474 135.90923256010643 181.14067710592474 169.2746350140437 141.90911234071692 158.40641102510367 162.37635071938172 156.81478382237663 132.7397459390536 151.5037628657077 151.6637485533614 127.73249587905093 156.49716712537162 153.46667095885738 155.16316840563096 126.55575430777125 150.42222872945672 183.06633626301524 149.37459839375265 126.17712036527061 148.69647105296946 132.7397459390536 146.3027749163046 159.94427074462953 155.37511393480443 168.80561042810956 174.72515653177928 146.32597990028114 147.39859704489956 166.56365641754311 131.31721247828395 149.2367801675112 134.49588569283299 160.9720288529834 172.64084840912525 147.75222471350096 125.3653347307831 142.79879754616607 132.65268290148236 148.4467949825511 157.87808103559806 142.43786010645243 145.32324655131205 148.37271732165195 158.3788494945626 153.28851329141676 164.36444271240796 146.91234862280933 157.654812656617 128.10934612514194 157.02194716126215
175.42863090517807 145.32130604137734 153.90776918023045 155.30108771441246 171.97450364152058 160.88714076911543 0.0 148.58394567744892 151.30501716372575 154.9830897207271 152.70244663192 159.39304025398968 151.2819898822508 142.3760425731539 143.34312351479363 143.79692004120074 158.23289639915643 131.1908799110093 132.65576203073607 138.2793988055448 145.57038476542033 147.75222471350096 150.42222872945672 152.80713444030204 149.44840515265997 138.98974034633486 156.3977917887572 147.96957599633504 155.37511393480443 174.58574743805593 163.96919489037626 140.75490956413998 143.8373665723601 147.18451414981294 144.29439061047927 134.49588569283299 168.8205062174546 136.8191922837421 145.51522153634318 120.99888688104409 129.07193246015942 150.4998797857018 136.15812355137575 197.67180418194266 150.07709633418827 170.78162325874194 156.81478382237663 167.21137622560207 159.94427074462953 158.9626666144003 152.66071950692788 176.01075020360923 125.3653347307831 139.12809511298428 148.64517757225147 142.59691086710268 160.5570575272413 175.42863090517807 181.14067710592474 138.61918373111064 183.65604532432462 163.5164474018896 147.54586418233094 148.37271732165195 159.66087824740686 146.25216036124104 163.82722388272975 145.1362483983186 165.3982833400633 156.5653815559168 131.0868952993445 153.00013443081266 155.37511393480443 157.0902560587863 146.91234862280933 141.17131520304173 140.20144737248307 146.54393042552402 153.34403158126426 133.17686243158482 142.16945469841667 138.92189913317367 142.79879754616607 146.25216036124104 158.73764776526505 178.56946110419116 152.8985917411862 146.32597990028114 127.26476703216703 145.32130604137734 132.00587997927403 131.1908799110093 131.31721247828395 168.8205062174546 152.29011068228692 133.17686243158482 161.0667926643658 156.5653815559168 185.4677188792575 148.57226242313726
150.3052462644138 155.5440498896991 136.08132986732645 159.03396118847226 130.48964184788986 156.28763974759136 148.58394567744892 0.0 133.46132671968695 158.8099226424008 115.46122904765912 152.159755640932 162.6026966360718 136.3846335516328 150.4025868631751 154.0041566820096 164.94902151192812 141.54858992272568 153.87669205856773 158.38927891264802 112.17013880245841 142.3760425731539 143.16274499839767 155.9723828033442 147.80775755253362 157.02194716126215 129.65124236059262 164.94902151192812 142.72485633982984 175.77571230270297 155.9270794912143 157.0902560587863 174.58574743805593 159.3081768653023 147.18659097527464 144.74649441371048 154.9830897207271 131.12908667430065 148.87341192965297 160.5570575272413 154.23850858006458 170.19910170253206 138.61918373111064 138.92189913317367 129.65124236059262 151.82964359445398 183.06633626301524 167.4634571340414 169.80347185047782 144.75924160816163 156.948382824771 172.94641872278783 147.96957599633504 155.30108771441246 139.62106784362535 156.15406431396585 158.23289639915643 181.10700842717367 146.5894931784911 161.2952605177717 139.11574541700423 168.33430389817042 158.3788494945626 162.37635071938172 150.42222872945672 132.65498117874102 159.94427074462953 135.15070133577498 169.35961649252368 152.5825606416437 131.08459268631128 119.00234649018316 145.51522153634318 160.32519825104683 162.6026966360718 147.85103714534222 149.62820822901458 126.26761243784944 139.11574541700423 150.14743142680325 156.28763974759136 141.90911234071692 140.24511107902595 166.24686809995058 151.3592094416054 125.3653347307831 143.77201921219256 141.74650752792425 147.34701392817522 155.97277606404364 139.62106784362535 155.9270794912143 183.06633626301524 172.64084840912525 150.1791425479283 145.45152540495258 157.87808103559806 138.62977438228415 160.88714076911543 161.25239817737744
155.05201196555913 147.2522979963408 157.29219459237476 155.343387524456 141.74650752792425 147.21155661482703 151.30501716372575 133.46132671968695 0.0 161.2952605177717 158.56854966205316 153.32533527311853 142.42475148980398 139.11574541700423 153.12411886445548 131.31721247828395 169.1470893938573 145.45152540495258 126.02489783011615 145.1362483983186 157.0485927976563 167.4634571340414 147.94648072798716 143.16274499839767 136.2345926472073 139.12809511298428 154.9377167839832 143.33272303693957 150.4998797857018 135.1060391053316 155.79004935693177 115.46122904765912 141.54858992272568 152.70244663192 156.85126688228144 154.26351713482802 153.195734503791 127.73249587905093 143.81677763254137 143.76694751930805 164.94902151192812 158.56854966205316 151.90831080929996 158.5341749871575 137.8450962790671 160.11660517844714 160.0073787880196 125.93840278427064 127.26476703216703 143.81677763254137 146.91234862280933 130.28747204646606 160.85032932562655 160.70947259369876 132.86527886222223 148.4467949825511 156.3977917887572 151.45041992338017 138.62977438228415 146.6579177517089 160.88714076911543 158.9626666144003 143.81677763254137 152.8985917411862 157.70524442250357 160.0902574363141 148.4467949825511 121.96368475889093 149.40136252115622 130.48964184788986 138.58127886157357 170.78162325874194 150.3272642170722 169.1470893938573 162.69242683337583 136.6347522949025 145.91302355898713 128.90806227442246 129.8375775891489 143.33272303693957 159.57083252879548 156.15406431396585 134.15642726158035 121.96368475889093 158.37854199842243 146.32597990028114 164.32286605404025 133.76013031428855 151.55572212344524 160.4767076221008 157.79953281935815 136.6347522949025 141.1868972482506 149.51512087745894 153.12411886445548 147.56079497568194 150.17482254985237 130.42552327755652 140.75490956413998 160.0902574363141
148.48667294241406 164.36444271240796 135.1060391053316 152.66071950692788 133.17686243158482 140.75490956413998 154.9830897207271 158.8099226424008 161.2952605177717 0.0 178.56946110419116 164.77312372117407 150.556334835044 132.00587997927403 135.15070133577498 153.28851329141676 148.88570942769454 164.83179344349105 161.2952605177717 151.90831080929996 136.8191922837421 160.32519825104683 181.14067710592474 158.5341749871575 141.43156256240576 140.20144737248307 131.19119325896287 172.64084840912525 172.28471017636807 151.2819898822508 127.26476703216703 142.42475148980398 128.90806227442246 158.38927891264802 140.45077218734363 174.90753741800702 158.46632750973674 158.73764776526505 147.96957599633504 161.50102534848727 154.0041566820096 150.556334835044 135.90923256010643 138.1220431646109 137.29340883693516 134.05455590409704 147.21155661482703 148.78810626870202 150.26372211569617 150.61380043339375 147.75342599257618 175.42863090517807 147.80775755253362 173.3763752654662 179.74052295879596 134.05455590409704 169.56094464579505 166.5282525060528 156.28763974759136 169.3787123977176 179.26086176358677 146.13559033577016 144.83118278422506 140.75490956413998 153.3618712486501 148.69647105296946 167.21137622560207 130.17259054947422 136.85966294039116 155.37511393480443 146.19338353741304 147.18659097527464 155.79004935693177 128.10934612514194 152.99624910278584 112.17013880245841 147.98703855956998 142.72485633982984 179.26086176358677 166.03929389721344 152.9367152865874 164.48824921834404 157.02194716126215 151.480953277158 161.13110720231674 153.32533527311853 174.90753741800702 164.77312372117407 153.28851329141676 148.32420293704396 152.39122119981508 162.33907891577556 137.9752330139416 130.48964184788986 128.81167844456493 162.90109737180316 135.80223265872988 147.54586418233094 179.9117094660067 197.67180418194266
139.45769346947478 152.85275487508366 146.91234862280933 119.04845035631496 142.9422505121917 165.3982833400633 152.70244663192 115.46122904765912 158.56854966205316 178.56946110419116 0.0 147.94648072798716 148.64517757225147 143.16274499839767 157.0485927976563 178.56946110419116 150.07709633418827 160.4767076221008 159.39304025398968 129.07193246015942 149.31633191506205 132.00587997927403 152.99624910278584 185.4677188792575 155.343387524456 160.85032932562655 135.1060391053316 163.61962155393988 142.9422505121917 147.21155661482703 139.12809511298428 173.82140275080138 156.3977917887572 153.1737802767482 162.69242683337583 150.1791425479283 112.17013880245841 149.67406998442448 136.6347522949025 163.95937470874173 126.40037983032192 119.01590581890494 115.46122904765912 144.91604988559848 167.00134713308444 176.01075020360923 156.948382824771 161.50102534848727 176.01075020360923 138.62977438228415 130.28747204646606 138.61918373111064 144.75924160816163 163.61962155393988 136.62612285132815 166.03929389721344 147.85103714534222 133.76013031428855 136.28393231031143 127.48200811650024 156.036610282255 152.44585370748783 153.12411886445548 166.5389086091325 150.26372211569617 157.748230275355 119.78050757504658 154.9377167839832 132.58353504869535 135.15070133577498 139.68850200581159 155.59575160389585 149.65954867911142 141.90911234071692 156.3977917887572 155.59575160389585 153.09037106651826 153.0044495510284 173.44884951059063 171.25816055633055 128.81167844456493 146.5077554610165 141.43156256240576 164.26712693241782 160.70947259369876 147.96957599633504 144.16008239489565 162.7370949138487 144.14872682694136 160.85032932562655 172.94641872278783 144.43281193197316 163.82722388272975 148.64517757225147 172.64084840912525 144.02418036723878 148.57226242313726 171.97450364152058 155.9723828033442 152.39122119981508
152.159755640932 161.2453870976207 139.68850200581159 158.37854199842243 157.87808103559806 151.42576196874657 159.39304025398968 152.159755640932 153.32533527311853 164.77312372117407 147.94648072798716 0.0 153.195734503791 175.42863090517807 156.94425698263808 169.3787123977176 152.68875834294357 138.98974034633486 137.8450962790671 156.036610282255 148.48238045380177 129.07193246015942 166.82673166786248 151.55572212344524 164.94902151192812 146.32597990028114 170.78162325874194 166.5389086091325 146.32597990028114 142.9422505121917 139.97246650167887 131.19119325896287 128.10934612514194 130.42552327755652 150.07754231913475 138.62977438228415 147.31515499747178 152.68875834294357 138.50760384450922 131.19119325896287 153.97119760827334 171.03593856153233 136.15812355137575 154.26351713482802 146.71214111979845 149.65954867911142 163.82722388272975 134.3704562977771 178.56946110419116 138.62977438228415 153.9814486923835 149.67406998442448 185.4677188792575 168.8205062174546 169.1470893938573 138.62977438228415 154.9377167839832 173.3763752654662 153.87669205856773 163.82722388272975 178.56946110419116 153.195734503791 156.85126688228144 164.48824921834404 158.5685239110875 169.4662983041132 144.16008239489565 136.08132986732645 148.64517757225147 154.1213445851616 130.48060019593885 156.58057563909213 154.32428720062126 171.03593856153233 154.39662882669236 139.59370080146118 165.07865174297888 154.17769293739477 171.97450364152058 125.3653347307831 138.2793988055448 127.81544777870934 137.29340883693516 154.23850858006458 175.42863090517807 161.2453870976207 137.7795764123039 142.16945469841667 133.17686243158482 165.82607285938948 173.69751997914796 160.86048964586752 149.51512087745894 167.21137622560207 134.05455590409704 179.74052295879596 172.64084840912525 131.5221102654171 135.15070133577498 126.55575430777125
147.50305400254805 140.2419625537014 151.90831080929996 151.30501716372575 158.38927891264802 155.16316840563096 151.2819898822508 162.6026966360718 142.42475148980398 150.556334835044 148.64517757225147 153.195734503791 0.0 153.87669205856773 135.1060391053316 152.80713444030204 139.45769346947478 152.32490721258918 154.26351713482802 149.44840515265997 119.04845035631496 148.88570942769454 142.7170331610968 168.33430389817042 154.0041566820096 157.94284662557646 139.12809511298428 163.11387102792418 179.26086176358677 132.00587997927403 151.480953277158 152.32490721258918 162.90109737180316 130.48964184788986 166.5389086091325 148.88570942769454 130.48060019593885 147.96957599633504 159.66087824740686 160.88714076911543 158.38927891264802 151.30501716372575 162.6026966360718 149.44840515265997 154.0041566820096 173.69751997914796 144.91604988559848 148.64517757225147 169.3787123977176 144.83118278422506 148.78810626870202 156.51993552341645 153.97119760827334 130.28747204646606 153.87669205856773 162.33907891577556 151.6637485533614 128.81167844456493 157.0902560587863 153.34403158126426 166.24686809995058 151.3592094416054 136.08132986732645 155.5440498896991 140.8692808387356 131.19119325896287 171.78460561455108 161.93646406064025 153.34403158126426 148.87341192965297 154.03482443362293 170.27777180099775 148.57226242313726 152.39122119981508 138.74127909554866 163.95937470874173 159.66087824740686 167.21137622560207 133.17686243158482 154.9377167839832 147.31710069604884 159.03396118847226 166.03929389721344 132.58353504869535 164.32286605404025 164.32286605404025 174.58574743805593 162.80925084977181 154.9830897207271 153.34403158126426 154.39662882669236 165.07865174297888 152.80713444030204 149.2367801675112 149.242071831257 129.65124236059262 163.96919489037626 154.02583967854417 155.97277606404364 144.16008239489565
152.32490721258918 145.77616581286082 130.48964184788986 152.29011068228692 152.44585370748783 153.195734503791 142.3760425731539 136.3846335516328 139.11574541700423 132.00587997927403 143.16274499839767 175.42863090517807 153.87669205856773 0.0 174.58574743805593 158.23289639915643 154.03482443362293 173.69751997914796 142.42475148980398 155.9723828033442 150.3272642170722 148.4467949825511 154.23850858006458 157.29219459237476 138.98974034633486 147.34701392817522 132.46972794864425 154.02583967854417 156.28763974759136 133.61968435238697 172.24176365812554 140.24511107902595 132.65576203073607 150.17482254985237 127.26476703216703 153.97119760827334 174.58574743805593 163.5164474018896 132.00587997927403 121.28920413946686 136.6347522949025 152.77278213797933 146.3027749163046 140.8948399821073 129.8375775891489 153.19993093266953 155.16316840563096 157.748230275355 156.036610282255 154.9377167839832 162.37635071938172 175.42863090517807 134.49588569283299 164.77312372117407 174.9901903608902 157.70524442250357 146.5077554610165 171.78460561455108 154.03482443362293 157.6480604926025 135.08573241084994 150.75079990110302 148.78810626870202 153.34403158126426 135.80223265872988 147.75222471350096 152.32490721258918 141.90911234071692 152.80713444030204 157.0902560587863 173.82140275080138 153.09037106651826 134.15642726158035 163.96919489037626 136.6347522949025 146.3027749163046 157.83324608817927 166.82673166786248 123.41579992425122 148.88570942769454 142.3760425731539 179.26086176358677 152.44585370748783 176.01075020360923 147.94648072798716 153.3618712486501 126.55575430777125 149.62820822901458 136.15812355137575 142.54775172485563 146.5077554610165 150.3052462644138 163.1338164906147 172.94641872278783 150.3857610809218 157.87808103559806 175.42863090517807 156.85126688228144 120.99888688104409 166.5389086091325
146.13559033577016 153.6119162209815 161.2453870976207 150.50047316181656 144.74649441371048 146.25216036124104 143.34312351479363 150.4025868631751 153.12411886445548 135.15070133577498 157.0485927976563 156.94425698263808 135.1060391053316 174.58574743805593 0.0 157.0902560587863 185.4677188792575 153.0044495510284 144.43281193197316 149.99810510093297 146.19338353741304 143.77201921219256 163.5164474018896 119.00234649018316 147.56079497568194 142.16945469841667 143.67412234771194 143.67412234771194 169.35961649252368 140.24511107902595 163.5164474018896 158.05543789844413 174.90753741800702 137.29340883693516 164.94902151192812 147.54586418233094 152.32490721258918 157.94284662557646 114.48192614745545 173.3763752654662 169.3787123977176 146.91234862280933 143.79692004120074 147.56079497568194 138.1220431646109 158.37854199842243 167.12945445277342 142.54775172485563 147.1236325552938 148.78810626870202 164.48824921834404 146.3027749163046 163.5164474018896 154.32428720062126 138.50760384450922 114.57094043869958 145.77616581286082 136.3846335516328 146.71214111979845 152.77278213797933 160.88714076911543 147.45813334289318 137.29340883693516 133.61968435238697 166.5282525060528 150.42222872945672 153.28851329141676 153.87669205856773 150.42222872945672 163.82722388272975 174.90753741800702 172.24176365812554 153.1737802767482 119.78050757504658 162.6026966360718 140.81592375342652 162.33907891577556 153.24577632107477 126.17712036527061 164.94902151192812 151.65101584027062 160.4767076221008 157.0902560587863 145.57038476542033 145.32130604137734 150.34806635059059 139.97246650167887 161.2952605177717 153.3618712486501 149.67406998442448 160.70263344297163 121.28920413946686 132.86527886222223 181.14067710592474 140.75490956413998 158.27888968630208 146.24441866725067 161.25239817737744 162.6026966360718 159.3081768653023
155.59575160389585 156.3977917887572 150.34806635059059 150.14055973774708 164.77312372117407 169.2746350140437 143.79692004120074 154.0041566820096 131.31721247828395 153.28851329141676 178.56946110419116 169.3787123977176 152.80713444030204 158.23289639915643 157.0902560587863 0.0 132.00587997927403 149.62820822901458 164.48824921834404 148.69647105296946 146.19338353741304 150.3857610809218 167.12945445277342 164.36444271240796 156.85126688228144 140.20144737248307 147.34701392817522 156.68800273256147 145.32324655131205 126.26761243784944 135.90923256010643 156.036610282255 169.80347185047782 150.50047316181656 151.480953277158 141.43156256240576 152.68875834294357 181.14067710592474 162.6026966360718 120.99888688104409 146.428361865392 164.77312372117407 162.69242683337583 154.9515059935316 174.5798480513614 156.94425698263808 153.46667095885738 129.8375775891489 161.13110720231674 136.85966294039116 140.75490956413998 170.27777180099775 158.40641102510367 138.61918373111064 140.75490956413998 161.50102534848727 160.9720288529834 156.28763974759136 152.80713444030204 157.79953281935815 150.07709633418827 159.39304025398968 112.17013880245841 151.30501716372575 158.05543789844413 155.05201196555913 154.02583967854417 135.80223265872988 168.8205062174546 171.03593856153233 156.72187549156268 153.19993093266953 163.61962155393988 173.3763752654662 160.32519825104683 148.4467949825511 155.07044848570624 153.6119162209815 158.73764776526505 173.45655266470487 156.58057563909213 174.5798480513614 114.57094043869958 170.27777180099775 157.94284662557646 151.65101584027062 147.18659097527464 136.28393231031143 149.2367801675112 135.90923256010643 132.65498117874102 166.82673166786248 132.99650767096438 126.02489783011615 157.02194716126215 150.75079990110302 161.0667926643658 131.08459268631128 154.9830897207271 153.9814486923835
145.51522153634318 134.88412401708896 172.64084840912525 151.480953277158 160.32519825104683 153.46667095885738 158.23289639915643 164.94902151192812 169.1470893938573 148.88570942769454 150.07709633418827 152.68875834294357 139.45769346947478 154.03482443362293 185.4677188792575 132.00587997927403 0.0 120.99888688104409 132.86527886222223 142.72485633982984 132.65576203073607 176.01075020360923 150.1791425479283 145.32324655131205 147.98703855956998 141.90911234071692 158.38927891264802 139.97246650167887 119.01590581890494 153.4809489617404 156.0604300011232 173.8885371433123 154.8010151885845 154.1213445851616 170.19910170253206 149.2367801675112 145.45152540495258 153.09037106651826 149.65954867911142 154.17769293739477 146.13559033577016 143.76694751930805 149.49403903968428 160.34829764736386 142.3760425731539 163.11387102792418 155.20211521593544 175.6779508484625 157.70524442250357 168.80561042810956 144.75924160816163 152.85275487508366 157.02194716126215 147.50305400254805 156.72187549156268 164.32286605404025 153.32533527311853 183.65604532432462 161.2952605177717 151.90831080929996 142.43786010645243 156.68800273256147 158.37854199842243 150.3272642170722 148.4467949825511 149.40136252115622 154.50755183592588 154.39662882669236 134.49588569283299 143.34312351479363 185.4677188792575 149.67406998442448 157.82901066545858 141.22196696608322 156.6005251888604 154.02583967854417 158.23289639915643 171.78460561455108 128.94715715393795 146.19338353741304 167.21137622560207 172.24176365812554 152.32490721258918 153.90776918023045 151.3592094416054 144.74649441371048 159.39304025398968 151.30501716372575 185.4677188792575 165.82607285938948 138.61918373111064 139.97246650167887 170.19910170253206 162.80925084977181 150.3052462644138 149.67406998442448 158.27888968630208 129.8375775891489 171.25816055633055 169.56094464579505
147.2522979963408 131.19119325896287 142.43786010645243 128.94715715393795 137.8450962790671 162.38329763759722 131.1908799110093 141.54858992272568 145.45152540495258 164.83179344349105 160.4767076221008 138.98974034633486 152.32490721258918 173.69751997914796 153.0044495510284 149.62820822901458 120.99888688104409 0.0 158.3788494945626 139.12809511298428 147.85103714534222 131.0868952993445 129.65124236059262 160.85032932562655 121.96368475889093 154.03482443362293 131.71279546718898 169.2746350140437 146.5894931784911 148.48238045380177 148.4467949825511 148.64517757225147 145.77616581286082 156.58057563909213 144.14872682694136 158.38927891264802 143.00664931285962 152.85275487508366 153.90776918023045 136.15812355137575 173.45655266470487 147.80775755253362 154.8010151885845 136.08132986732645 161.2453870976207 141.74650752792425 126.17712036527061 150.75079990110302 152.99624910278584 156.68800273256147 157.654812656617 141.22196696608322 176.01075020360923 178.56946110419116 160.0073787880196 139.3710280876203 136.62612285132815 143.4473355925034 171.97450364152058 178.5887223798449 157.94416203070705 164.83179344349105 130.48060019593885 163.1338164906147 153.28851329141676 153.09037106651826 132.00587997927403 147.1236325552938 151.20290762606615 133.76013031428855 158.40641102510367 147.18659097527464 169.42329148583576 155.46272093770207 147.98703855956998 152.85275487508366 155.79004935693177 152.77278213797933 144.43281193197316 147.18451414981294 156.49716712537162 169.42329148583576 138.1220431646109 174.58574743805593 181.55788297852519 155.16316840563096 157.94416203070705 157.70524442250357 152.66071950692788 171.97450364152058 138.2793988055448 131.5221102654171 144.97582959599762 131.96448639777037 154.50755183592588 172.28471017636807 152.8985917411862 126.55575430777125 160.11660517844714 146.71214111979845
120.99888688104409 169.56094464579505 162.37635071938172 146.6579177517089 153.87669205856773 140.2419625537014 132.65576203073607 153.87669205856773 126.02489783011615 161.2952605177717 159.39304025398968 137.8450962790671 154.26351713482802 142.42475148980398 144.43281193197316 164.48824921834404 132.86527886222223 158.3788494945626 0.0 162.69242683337583 119.78050757504658 155.30108771441246 140.24511107902595 153.24577632107477 123.41579992425122 147.1236325552938 167.21137622560207 146.2772284687469 158.56854966205316 139.45769346947478 173.8885371433123 138.98974034633486 147.75222471350096 147.85103714534222 162.97156154647845 139.59370080146118 162.38329763759722 127.48200811650024 152.70244663192 138.50760384450922 119.04845035631496 139.76076858988324 142.3760425731539 155.20211521593544 153.195734503791 167.00134713308444 140.8692808387356 128.10934612514194 169.31132638354543 147.1236325552938 142.54775172485563 127.73249587905093 133.61968435238697 143.8373665723601 150.556334835044 174.9901903608902 150.17482254985237 166.24686809995058 127.81544777870934 149.40136252115622 141.22196696608322 154.8010151885845 157.70524442250357 197.67180418194266 158.40641102510367 183.65604532432462 149.62820822901458 147.34701392817522 155.79004935693177 158.23289639915643 159.3081768653023 166.24686809995058 178.56946110419116 137.9752330139416 134.72774391825854 176.4695548639445 160.86048964586752 112.17013880245841 166.24686809995058 143.34312351479363 149.67406998442448 148.48238045380177 138.61918373111064 147.50305400254805 197.67180418194266 146.3027749163046 144.91604988559848 151.2174378623724 143.76694751930805 160.0902574363141 158.23289639915643 168.8205062174546 181.55788297852519 157.79953281935815 148.48667294241406 144.50069515727466 148.78810626870202 137.9752330139416 179.26086176358677 133.61968435238697
168.8205062174546 129.07193246015942 152.80713444030204 151.2174378623724 151.45041992338017 154.17769293739477 138.2793988055448 158.38927891264802 145.1362483983186 151.90831080929996 129.07193246015942 156.036610282255 149.44840515265997 155.9723828033442 149.99810510093297 148.69647105296946 142.72485633982984 139.12809511298428 162.69242683337583 0.0 145.1362483983186 128.10934612514194 147.18451414981294 133.61968435238697 147.45813334289318 147.75222471350096 130.17259054947422 161.2453870976207 149.37459839375265 157.29219459237476 136.62612285132815 119.04845035631496 166.26061617629793 146.13559033577016 143.34312351479363 131.08459268631128 126.02489783011615 129.07193246015942 160.32519825104683 166.82673166786248 128.81167844456493 144.91604988559848 158.9626666144003 146.13559033577016 137.29340883693516 152.80713444030204 158.73764776526505 133.61968435238697 165.607496348566 179.26086176358677 153.6119162209815 115.46122904765912 150.556334835044 150.42222872945672 158.27888968630208 153.87669205856773 168.5777304789758 131.71279546718898 149.62820822901458 160.20962166778162 145.32324655131205 155.343387524456 160.5570575272413 130.17259054947422 173.45655266470487 158.73764776526505 150.3272642170722 126.55575430777125 135.15070133577498 155.16316840563096 159.3081768653023 181.55788297852519 148.69647105296946 155.9723828033442 169.4662983041132 174.72515653177928 167.21137622560207 153.19993093266953 127.81544777870934 155.97277606404364 140.75490956413998 152.85275487508366 136.3846335516328 163.1338164906147 155.9723828033442 152.68875834294357 147.85103714534222 145.32324655131205 146.5077554610165 129.07193246015942 151.65101584027062 170.78162325874194 133.46132671968695 169.3787123977176 151.2819898822508 158.5341749871575 179.9117094660067 152.44585370748783 157.0485927976563 140.75490956413998
128.90806227442246 153.1737802767482 134.56182988087232 130.42552327755652 126.26761243784944 156.036610282255 145.57038476542033 112.17013880245841 157.0485927976563 136.8191922837421 149.31633191506205 148.48238045380177 119.04845035631496 150.3272642170722 146.19338353741304 146.19338353741304 132.65576203073607 147.85103714534222 119.78050757504658 145.1362483983186 0.0 155.9270794912143 166.5389086091325 142.43786010645243 163.61962155393988 162.90109737180316 144.02418036723878 149.242071831257 167.12945445277342 139.62106784362535 142.43786010645243 131.5221102654171 131.31721247828395 150.50047316181656 176.01075020360923 139.11574541700423 170.19910170253206 127.26476703216703 170.27777180099775 131.08459268631128 147.45813334289318 176.01075020360923 150.4025868631751 150.14743142680325 139.62106784362535 140.8948399821073 145.32130604137734 166.71029440136425 139.59370080146118 181.10700842717367 163.1338164906147 169.7236992364904 157.6480604926025 146.2772284687469 119.78050757504658 174.9901903608902 138.98974034633486 164.32286605404025 178.56946110419116 142.9422505121917 149.44840515265997 130.17259054947422 148.78810626870202 169.42329148583576 128.90806227442246 143.76694751930805 134.05455590409704 149.67406998442448 148.87341192965297 142.7170331610968 158.8099226424008 160.80333446230318 151.20290762606615 149.2367801675112 131.81325804984672 149.242071831257 158.73764776526505 167.91605675098708 131.31721247828395 143.76694751930805 131.96448639777037 131.1908799110093 166.5282525060528 151.30501716372575 146.6579177517089 143.67412234771194 136.15812355137575 144.50069515727466 155.59575160389585 149.2367801675112 162.33907891577556 132.99650767096438 162.7370949138487 138.92189913317367 157.70524442250357 173.8885371433123 130.28747204646606 127.81544777870934 150.4025868631751 152.68875834294357
