100
0.0 147.82996093888653 129.61307462473096 154.54122103850037 131.37951382162044 177.78205257241314 146.59752492710808 172.96335053187664 154.20427020285285 169.7375535804027 133.82381493892566 148.89874894756684 147.45556300985112 169.46523701135044 189.99336417758371 134.6039416703847 153.4344321490941 182.41351906742972 121.77497809476438 155.7604541636226 156.8317847474142 192.322297121693 144.51655054386993 126.6486357835279 147.63068304446736 131.15091000653092 188.58969296870077 155.46528014202164 125.84097015384319 152.38059929096252 95.31670861717926 179.1169517305482 123.47506829756571 175.81374871121628 176.18688530196752 133.78669464125048 161.69212460896765 126.958230719657 154.26601981764298 192.97521171410693 186.49039382769456 180.10502676900103 147.9609724070411 129.22521005548575 183.69007843826876 131.46173674417955 130.32488666023133 138.77282164664737 94.4171359459301 125.7555832170716 152.38059929096252 142.51809080296906 201.2285406702499 176.48665201403526 118.89677196905072 198.2180160738081 131.15091000653092 152.50472178401913 125.7555832170716 113.98677206590851 144.51655054386993 165.73926158569208 106.17741119136666 174.2895649411847 182.79931561656377 147.45556300985112 159.94621255315263 165.02107349362413 156.91082042544633 129.61307462473096 118.24696051532285 189.88588856863916 149.5395775864503 177.42226295042187 90.0791522971502 166.10059256753124 136.15377257718905 174.2895649411847 161.56341308560917 181.30843042434725 126.71856393050044 179.33389021755048 158.8519761290567 154.54122103850037 146.111352499954 178.62266255751834 179.1169517305482 161.82976275907203 167.3592547422747 154.30273760832532 169.05372869797313 126.01353579914696 156.0086133057076 140.5314511169437 149.01473570504953 128.74536651634267 132.7087303723906 176.6259711720772 181.37483111166384 175.23851420432382
147.82996093888653 0.0 173.6668666556519 130.7036769282244 114.97767230837884 189.08736024348403 173.03370054135382 178.78606488133278 190.8341969255002 147.79389489755752 175.5999321283266 176.17161858336675 134.6039416703847 108.63534141354279 159.99558981913518 167.2444152825849 154.50134190694513 120.9663034752738 177.78205257241314 120.90129538413817 161.82976275907203 199.52494167365563 105.63715726807496 147.07208546411232 151.80026243284263 134.36026276911736 127.13008124283057 152.2204434379979 129.68729734959464 152.41912673629582 177.78205257241314 149.3529268910472 171.22983703826958 129.65044490616913 112.34412119000179 167.2444152825849 104.55041568470531 161.69212460896765 160.240981302638 149.3529268910472 168.74511653779572 162.02491404867155 122.60007849385984 165.30169184666934 193.15563126919795 122.30896460747243 165.73926158569208 162.3798367729068 164.78251140206865 107.65543111470436 132.9234928216253 163.97532768578571 200.15837956618574 103.40230072787799 108.63534141354279 155.46528014202164 129.22521005548575 173.03370054135382 110.38263856459416 186.45451358264305 192.322297121693 113.45529973553649 148.61714312124192 105.63715726807496 153.40513959649792 153.29912590403367 154.51149569491733 162.05832252375507 155.55370186403866 188.58969296870077 118.55377411072692 93.49665787196965 132.2552342389248 182.41351906742972 135.67428913072393 176.75690111894755 126.45513219948386 167.50042814426436 119.18092142302339 175.81374871121628 147.26392676084734 144.6883677751286 97.54133072510535 127.4572369745731 124.20654126611132 179.38386905512178 163.21704812485333 189.08736024348403 149.1598427700528 127.80968603671352 129.31786857989005 117.41848817125344 181.52288961431594 175.7045903435324 124.03396920490674 201.55534738882497 157.85273340030062 127.38636523302952 154.36804477288882 165.2730098950035
129.61307462473096 173.6668666556519 0.0 197.6632895637489 157.96865192151313 153.8497554961971 144.99288911253677 153.84358531110564 112.8144290724703 180.6245730289738 120.04280894598023 145.68668994287992 164.3356532067951 147.82996093888653 162.05832252375507 129.76838972726355 176.41332122985017 180.64982918936235 155.55370186403866 97.54133072510535 176.5880272349925 161.95392275785247 180.25739231200532 162.17759256940053 176.75690111894755 120.90129538413817 145.14926531262762 154.26601981764298 122.07810400431515 141.09420061329223 193.15563126919795 130.47681792792366 167.82386985222894 120.90129538413817 144.36823246600179 130.115937911239 123.13451347695779 147.9768802257136 170.99547710432554 158.8519761290567 99.36034077297924 176.5318871593763 133.82381493892566 125.0857203333752 170.89303801748846 134.56185726877194 158.39017381538093 103.85126098206152 122.01696943846332 161.73785195938154 169.47658060448282 215.85681187022948 199.31663487092976 162.24291851156514 181.52288961431594 134.7373522891748 166.10059256753124 97.54133072510535 148.61714312124192 152.67317049826664 61.963781431247895 176.3083512188549 114.97767230837884 141.09420061329223 147.6657395705256 168.41485329713623 136.15377257718905 163.6802450643122 159.78788349214858 171.35727197977695 189.08151456739404 172.05444781852918 204.28604448416502 169.00820394379434 180.82335447919786 158.11181727377578 140.92161014307837 141.6785564541731 138.30645567146547 154.95372064592698 120.86830547848314 114.97767230837884 172.47967489157867 127.38636523302952 158.9809866104281 133.1041993361007 150.65236162414408 162.17759256940053 80.36938755434879 160.12200662632833 106.84543077455648 153.82926388190714 134.36026276911736 147.9304894930348 162.27048379216845 132.94833384504145 198.86176037794252 122.07810400431515 174.09011417770378 170.72021515650925
154.54122103850037 130.7036769282244 197.6632895637489 0.0 158.39017381538093 137.19440658510945 133.42165524063358 174.11553139507828 162.9852862242013 163.21704812485333 162.16996302225965 149.21920871984577 189.08736024348403 155.5579409406967 148.89874894756684 165.87707362106096 131.4195987297502 123.61144276391747 113.98677206590851 161.51571425733445 136.160556899272 144.36823246600179 144.51655054386993 162.81415090846056 198.2180160738081 155.7604541636226 154.0751013634443 178.7892387328456 156.6115989674598 192.97521171410693 149.73594499254685 154.20427020285285 125.0857203333752 170.70110074776866 189.08736024348403 146.91392000407512 144.66220835613336 135.96056481160062 143.991969424134 194.79833796234215 166.5775091946067 124.20654126611132 170.77739187061616 106.17741119136666 164.1620740556817 158.0312523929328 164.18917509049973 157.6934916209916 154.51149569491733 176.6259711720772 158.9809866104281 154.95372064592698 156.12995732223337 167.95014824958625 125.20700830960814 149.5395775864503 142.24841713816653 176.17161858336675 144.96310075995999 112.96580669986238 144.51655054386993 144.21617657198126 141.9869831797092 161.82976275907203 178.78606488133278 116.90004326727869 142.45737524200115 150.95836295688255 88.97435124493248 127.2039336202188 173.54420912232135 129.5422776372333 143.36265634906982 134.36026276911736 143.8328363258885 135.28481428850947 161.556619474428 177.80093615040437 141.97148301328616 159.4660125946732 167.82386985222894 126.6486357835279 190.57618062754295 176.48665201403526 101.89948217777774 173.76666507325368 168.68192414736498 179.38386905512178 133.82381493892566 120.80942374334248 139.90687889932877 88.89252555710237 118.80259441203219 121.87400736712432 164.18917509049973 113.53065002413706 155.8285426893212 198.00451429646546 155.8285426893212 164.03850943971537
131.37951382162044 114.97767230837884 157.96865192151313 158.39017381538093 0.0 162.16996302225965 178.78606488133278 159.01791304914832 149.01473570504953 143.27309192324935 156.79818381626595 145.9039770515222 104.55041568470531 146.111352499954 167.02122681076676 145.68668994287992 162.9852862242013 141.26828082666094 131.2507149868098 165.02107349362413 104.43262140505037 131.86491752409663 132.2552342389248 129.00928564615964 152.23741275157994 167.7256414748326 172.3161622578114 108.63534141354279 133.86899159066255 191.54771418307715 201.77395963731388 166.10059256753124 171.3596194044107 149.10995461201313 157.6934916209916 198.3929195460135 129.00928564615964 141.26828082666094 136.86533229679608 141.97148301328616 177.55371129033833 126.53593934399218 179.3441438488024 192.97521171410693 146.8478535601599 137.946983555951 188.8733795451565 175.8571965814816 111.65113930142658 142.268417479966 125.50081846563063 172.3161622578114 162.33168421880274 154.95372064592698 163.78922463894827 210.62726562778863 147.63068304446736 120.50376979666481 179.33389021755048 148.12447983332694 155.7727768810313 136.03567055787428 180.44796711861466 161.4243399431109 167.7256414748326 167.09931956994097 131.15091000653092 152.68294668717868 139.71044860728094 154.9031095881992 176.4243523900971 126.16437609778268 170.77739187061616 150.88586981330945 161.98006130605893 193.0168979523268 149.3529268910472 174.80684539494314 136.160556899272 170.99547710432554 163.92570402677876 173.6668666556519 126.01353579914696 129.46331146373998 172.05444781852918 161.14732878945946 152.67317049826664 147.05759061513507 154.0751013634443 139.25081302415703 176.6259711720772 131.15091000653092 165.87707362106096 162.27048379216845 137.19440658510945 178.39166390414204 152.68294668717868 154.50876525970486 117.37681741612639 138.08280711238075
177.78205257241314 189.08736024348403 153.8497554961971 137.19440658510945 162.16996302225965 0.0 160.6903852732825 103.40230072787799 172.47967489157867 137.15500718589806 95.68334843858538 155.55370186403866 175.7045903435324 161.40961813864521 135.5960873589258 162.02491404867155 157.54097617148307 166.10059256753124 144.31019138283568 156.34160822949235 157.42013931193932 140.6418003487839 150.86459941075248 164.65896260527734 172.35003030550564 154.50876525970486 155.002289579204 169.64472773621046 189.99336417758371 126.93713532034991 120.27733602645625 175.77942619040485 175.5999321283266 147.63068304446736 142.63561947845054 93.49665787196965 161.87649172643341 160.4008342058829 110.33401419553701 162.17759256940053 161.33247905214262 182.79931561656377 119.00049819342048 88.89252555710237 156.91082042544633 116.0462439291868 160.240981302638 189.08736024348403 170.99547710432554 100.75041655416729 149.5395775864503 155.7727768810313 174.45017162512252 155.74582585239645 176.17161858336675 135.96056481160062 149.78050383293166 165.26812827415438 123.8691261301789 100.65214769646735 138.08280711238075 123.17116947504317 148.12447983332694 184.41122689733834 176.4243523900971 122.07810400431515 123.8691261301789 180.10502676900103 139.1529773444737 180.00807463113387 131.31022130769153 132.7087303723906 174.45017162512252 215.47169753332187 130.115937911239 170.67678992768816 155.0888224229626 154.79058893922775 161.4243399431109 95.31670861717926 163.14188501797744 148.102378186025 170.99547710432554 166.88219449776864 139.1529773444737 196.93931454346128 100.75041655416729 161.4092382721576 165.5008715073545 122.07810400431515 133.1041993361007 135.6820359207513 154.50134190694513 147.01531409809803 192.19434292270734 175.23851420432382 152.68294668717868 148.12447983332694 174.00089817162703 151.29658889964074
146.59752492710808 173.03370054135382 144.99288911253677 133.42165524063358 178.78606488133278 160.6903852732825 0.0 133.42165524063358 118.89677196905072 151.22500327557495 210.62726562778863 192.47652827932976 178.87058052958187 189.88503918957932 180.6245730289738 168.69819874991697 193.79004756201408 116.0462439291868 161.65425444652016 192.19434292270734 201.55534738882497 162.17759256940053 174.11553139507828 180.6245730289738 140.5165253278251 171.35727197977695 120.80942374334248 137.946983555951 139.46854424167068 170.1239276285178 133.6824883317202 136.82842856480028 180.00807463113387 160.8314000141452 185.68372492765857 143.84278449937827 152.3718499974189 99.36034077297924 103.85126098206152 133.1021847350862 139.48735699339562 123.13451347695779 167.82386985222894 139.05459504476624 116.64059887207279 161.3673912017049 164.3356532067951 204.22012568091236 100.75041655416729 153.34960594930314 158.11181727377578 176.5318871593763 179.24347578627857 145.14926531262762 199.31663487092976 196.0519056889314 167.75473331674755 180.20213530305966 145.68668994287992 128.5961701722306 221.76514393057914 137.804143245615 160.32495220739042 94.4171359459301 188.58969296870077 97.54133072510535 124.03396920490674 184.41122689733834 202.79600557986348 113.98677206590851 144.99288911253677 125.0857203333752 129.31786857989005 134.75768035527298 171.22983703826958 145.86308250894328 154.55759461689766 171.56800054750047 143.8328363258885 144.6883677751286 131.51211381701003 157.6934916209916 159.94621255315263 94.20980614226752 157.85273340030062 158.69524475247982 157.08169140976267 148.61714312124192 134.20872682723365 122.19832177089627 201.77395963731388 161.3673912017049 150.4335164005838 151.0911581385117 139.46854424167068 141.26828082666094 156.12995732223337 165.3634555710191 159.46238066949329 164.1665399718899
172.96335053187664 178.78606488133278 153.84358531110564 174.11553139507828 159.01791304914832 103.40230072787799 133.42165524063358 0.0 113.53065002413706 153.99059633616682 131.4195987297502 126.16437609778268 159.46705040074167 163.6802450643122 125.19343278257766 125.19343278257766 126.20618810332815 168.74511653779572 181.37483111166384 119.00049819342048 101.89948217777774 113.98677206590851 151.29658889964074 129.68729734959464 136.3124478145738 154.372091423453 158.69524475247982 164.65896260527734 160.4008342058829 155.5438848699666 146.111352499954 122.29075768434524 122.07810400431515 145.65517813415954 177.51924337996005 118.87234876048848 172.35003030550564 153.1173065730285 163.3758437028086 156.8889056773391 156.12995732223337 132.94833384504145 105.52252362734862 176.6259711720772 96.04105801146568 164.18917509049973 129.3635086445033 183.75741376428422 139.48735699339562 158.11181727377578 221.76514393057914 161.74857296792075 140.2579553304285 173.56445073438832 139.7820380879441 190.8341969255002 153.99059633616682 178.39166390414204 193.15563126919795 144.96310075995999 149.69840792670323 133.82381493892566 163.97532768578571 127.2039336202188 99.36034077297924 160.8314000141452 154.13922529423496 133.38644731756622 132.9234928216253 177.80093615040437 144.31019138283568 150.86459941075248 169.3799716734854 129.5422776372333 152.6829790060604 149.73594499254685 133.82381493892566 119.81779118788282 145.68668994287992 177.0504460943148 201.55534738882497 127.13008124283057 134.08073040277068 119.91372261804236 176.3083512188549 133.78669464125048 138.0955217147593 155.5438848699666 89.77262497083788 118.55377411072692 176.6259711720772 193.0168979523268 154.79058893922775 95.68334843858538 167.95014824958625 94.4171359459301 169.92653993214782 152.50472178401913 120.86830547848314 121.57494944046444
154.20427020285285 190.8341969255002 112.8144290724703 162.9852862242013 149.01473570504953 172.47967489157867 118.89677196905072 113.53065002413706 0.0 137.35471496810632 165.73926158569208 129.61307462473096 132.9234928216253 203.35656208016894 119.18092142302339 147.9609724070411 156.34160822949235 154.79058893922775 138.0955217147593 136.160556899272 179.38386905512178 90.0791522971502 143.39859342589443 170.77739187061616 156.0086133057076 137.01477329381558 131.93993754904653 97.7488302234716 121.06192872469569 167.40571165942177 135.67428913072393 162.79176674187383 165.07689073570597 185.1900667168058 166.5311361686156 169.97431674579587 176.7792471277805 101.0881100334029 215.85681187022948 200.15837956618574 120.29930099876594 125.7555832170716 185.68372492765857 183.1269167076481 166.5229704511205 129.22521005548575 113.45529973553649 132.3336161828463 125.19343278257766 95.68334843858538 122.58360042894684 101.0881100334029 114.34548147143765 145.14926531262762 165.3634555710191 139.6937496108578 121.2204722249146 168.69819874991697 170.34168392593597 155.7727768810313 186.45451358264305 148.61714312124192 117.37681741612639 120.76659068816775 162.16996302225965 162.8339287656841 131.37951382162044 138.43127910381733 110.33401419553701 181.10902023414553 120.77334922697193 118.51350156589406 176.63072342964395 167.44252912705463 118.24696051532285 183.4431409797222 170.13605183126853 146.3384531526105 144.99288911253677 141.13951585311415 120.9663034752738 120.77334922697193 140.5314511169437 167.50042814426436 170.70110074776866 184.41122689733834 151.78886645831085 130.9939832939984 134.34577770066812 138.77282164664737 129.68729734959464 164.1665399718899 215.85681187022948 146.3384531526105 164.3356532067951 161.3673912017049 140.03217089168098 202.79600557986348 130.16816023664543 182.41351906742972
169.7375535804027 147.79389489755752 180.6245730289738 163.21704812485333 143.27309192324935 137.15500718589806 151.22500327557495 153.99059633616682 137.35471496810632 0.0 139.7820380879441 108.68579230593222 176.4243523900971 120.00691625734942 169.30853350343364 164.3915631778043 158.7588804635795 100.75041655416729 120.04280894598023 153.83662478703047 124.40802316410696 169.30853350343364 159.01791304914832 162.24291851156514 151.83696080452944 160.4008342058829 149.89366930318127 66.88725471480073 180.6245730289738 198.3929195460135 122.60007849385984 135.6820359207513 112.55266688967728 169.47658060448282 183.4431409797222 121.77497809476438 120.04280894598023 141.73441318684837 166.75172168644386 139.48735699339562 134.48189087827924 168.69819874991697 139.71044860728094 151.29658889964074 180.10502676900103 117.41848817125344 152.2204434379979 194.79833796234215 170.5034188538092 170.34168392593597 131.15091000653092 138.30645567146547 180.20213530305966 122.29075768434524 156.8889056773391 146.3384531526105 150.52327163748836 121.77497809476438 144.6883677751286 149.78050383293166 157.08169140976267 160.240981302638 161.95392275785247 180.6245730289738 130.115937911239 161.4092382721576 178.87058052958187 151.105729966611 150.95836295688255 106.74209924660516 175.23851420432382 164.1620740556817 203.68698695859558 80.99101618964151 147.45556300985112 149.87045467224837 126.958230719657 131.93993754904653 129.46331146373998 152.85739868668898 155.30144377141485 181.37483111166384 174.00089817162703 94.20980614226752 135.18644906310456 126.958230719657 170.5034188538092 185.51495439105207 118.51350156589406 172.47967489157867 136.2684926533009 134.1911274653721 140.5165253278251 175.23851420432382 158.3085606375808 160.240981302638 168.68192414736498 153.8497554961971 158.0312523929328 152.23741275157994
133.82381493892566 175.5999321283266 120.04280894598023 162.16996302225965 156.79818381626595 95.68334843858538 210.62726562778863 131.4195987297502 165.73926158569208 139.7820380879441 0.0 153.83662478703047 150.95836295688255 133.82381493892566 172.72525478240772 146.39291443136597 180.82335447919786 149.01473570504953 161.33247905214262 203.35656208016894 133.1021847350862 161.4092382721576 162.3798367729068 177.26820401591021 143.39859342589443 158.8519761290567 190.57618062754295 162.79176674187383 148.76808077047178 147.9768802257136 127.13008124283057 110.38263856459416 93.49665787196965 95.31670861717926 129.2818725321201 141.6785564541731 131.37951382162044 149.49681162441266 143.387795024706 135.5960873589258 176.5318871593763 142.51809080296906 161.3673912017049 167.34830277133966 179.24347578627857 167.02109965798735 98.10967958664642 156.0086133057076 158.69524475247982 140.5165253278251 166.75172168644386 139.25081302415703 188.5058665709216 166.5775091946067 145.47921151976138 134.08073040277068 134.56185726877194 160.87500899726194 157.51782326688584 162.79176674187383 201.2285406702499 172.69146858937654 118.55377411072692 170.13605183126853 154.79058893922775 98.10967958664642 157.78538486749105 161.65425444652016 82.95000488291879 144.66220835613336 134.7373522891748 158.5107017954504 126.9217597827237 139.90687889932877 176.95497249080964 112.34412119000179 176.48665201403526 132.94833384504145 155.8285426893212 153.82926388190714 126.93713532034991 127.13008124283057 133.38644731756622 124.03396920490674 130.7036769282244 94.4171359459301 107.10297058086432 136.160556899272 140.03216241180297 174.11553139507828 151.80026243284263 172.05444781852918 97.54133072510535 158.11181727377578 105.31161278739701 139.48735699339562 122.07810400431515 164.65896260527734 120.86830547848314 129.76838972726355
148.89874894756684 176.17161858336675 145.68668994287992 149.21920871984577 145.9039770515222 155.55370186403866 192.47652827932976 126.16437609778268 129.61307462473096 108.68579230593222 153.83662478703047 0.0 156.51621680317166 149.5395775864503 143.991969424134 125.0857203333752 157.21479533209407 170.13605183126853 161.3673912017049 104.43262140505037 179.95424640200574 138.08280711238075 191.54771418307715 134.48189087827924 127.78553769289127 151.19627918913625 230.86812457750648 120.76659068816775 152.70296825266482 138.08280711238075 153.4344321490941 172.05444781852918 161.98006130605893 152.43155281425118 136.15377257718905 132.2552342389248 142.1660727932017 125.29965079053034 125.50081846563063 179.1169517305482 201.77395963731388 66.88725471480073 172.05444781852918 164.3356532067951 123.17116947504317 159.94621255315263 157.5329231798525 171.35727197977695 157.2600465321305 115.04670814670413 101.89948217777774 204.22012568091236 131.86491752409663 199.4510290559433 183.28457800630267 230.86812457750648 101.89948217777774 124.03396920490674 178.54655125850093 132.476282825125 138.30645567146547 88.89252555710237 158.5107017954504 169.29485818935729 133.35758803640203 164.3915631778043 147.1221755103833 179.38386905512178 141.26828082666094 179.33389021755048 152.41912673629582 179.33389021755048 134.45384597663778 129.76838972726355 162.16060493673618 120.80942374334248 145.9668211830807 150.4335164005838 118.87234876048848 121.49826576491537 136.28592867074465 132.2552342389248 147.9609724070411 109.53534740215933 230.86812457750648 179.7792323290767 166.5311361686156 130.18293396390996 173.76666507325368 151.4960138286673 166.75172168644386 152.020428509081 133.78669464125048 153.59540467148724 161.3673912017049 166.5775091946067 149.3529268910472 149.96264952683572 61.963781431247895 161.3673912017049
147.45556300985112 134.6039416703847 164.3356532067951 189.08736024348403 104.55041568470531 175.7045903435324 178.87058052958187 159.46705040074167 132.9234928216253 176.4243523900971 150.95836295688255 156.51621680317166 0.0 178.39166390414204 133.82381493892566 105.31161278739701 164.35453610777492 136.86533229679608 78.27736774400765 147.82996093888653 94.4171359459301 130.9939832939984 106.8175999276393 118.24696051532285 169.92653993214782 174.62061596968198 161.4243399431109 178.7892387328456 133.38644731756622 108.68579230593222 185.24719228393312 172.47967489157867 152.23741275157994 141.89746785845966 119.07682768618945 121.2204722249146 122.58360042894684 120.09761746608801 120.9663034752738 154.372091423453 153.83662478703047 177.26820401591021 146.111352499954 119.00049819342048 137.35471496810632 172.47967489157867 136.3124478145738 128.0755593096581 106.17741119136666 120.90129538413817 143.27309192324935 162.8339287656841 151.80026243284263 158.8519761290567 161.56341308560917 163.7839155620295 178.78606488133278 153.56746187157094 139.6937496108578 173.76666507325368 108.68579230593222 167.95014824958625 160.87500899726194 152.38059929096252 156.6115989674598 166.5229704511205 165.5008715073545 149.49681162441266 140.03217089168098 151.105729966611 139.3702077517255 189.88503918957932 146.59752492710808 157.21479533209407 190.72100974373964 131.86491752409663 125.20700830960814 183.4431409797222 152.6829790060604 102.01297507157607 175.81374871121628 141.7009963442482 143.8328363258885 121.2204722249146 120.77334922697193 167.34830277133966 180.6245730289738 176.63072342964395 145.65517813415954 161.4092382721576 127.03878200444748 125.19343278257766 179.24347578627857 127.96314065895365 156.91082042544633 175.7045903435324 157.08169140976267 132.476282825125 129.22521005548575 178.54655125850093
169.46523701135044 108.63534141354279 147.82996093888653 155.5579409406967 146.111352499954 161.40961813864521 189.88503918957932 163.6802450643122 203.35656208016894 120.00691625734942 133.82381493892566 149.5395775864503 178.39166390414204 0.0 176.63072342964395 131.86491752409663 161.74857296792075 119.07682768618945 152.55734059359156 197.6632895637489 161.82976275907203 120.9663034752738 115.04670814670413 120.80942374334248 78.27736774400765 118.40546679622229 97.7488302234716 135.67428913072393 132.92488413813885 176.5880272349925 118.80259441203219 156.0086133057076 133.1041993361007 180.10502676900103 179.33389021755048 185.24719228393312 144.99288911253677 122.60007849385984 149.78050383293166 171.3596194044107 159.99558981913518 131.28346683271377 132.476282825125 189.88503918957932 160.38916902918655 127.03878200444748 129.68729734959464 160.33189509356825 104.1991363094138 176.4243523900971 152.55734059359156 173.03370054135382 151.46007897317284 154.55759461689766 120.00691625734942 180.44796711861466 194.79833796234215 146.111352499954 120.50376979666481 131.28346683271377 167.40571165942177 151.78886645831085 203.4746963338474 167.40571165942177 154.0751013634443 180.44796711861466 135.355585597702 179.3441438488024 120.27733602645625 176.5318871593763 144.36823246600179 174.62061596968198 146.39291443136597 150.80755827628784 130.9939832939984 112.55266688967728 127.2039336202188 175.5999321283266 130.47681792792366 88.89252555710237 180.93924579036224 144.21617657198126 113.53065002413706 169.46523701135044 168.68192414736498 122.60007849385984 151.29658889964074 175.77942619040485 150.4335164005838 171.56800054750047 103.85126098206152 141.28215402656306 176.95497249080964 149.10995461201313 102.01297507157607 169.46523701135044 162.02491404867155 132.14594198341712 193.0168979523268 157.6934916209916
189.99336417758371 159.99558981913518 162.05832252375507 148.89874894756684 167.02122681076676 135.5960873589258 180.6245730289738 125.19343278257766 119.18092142302339 169.30853350343364 172.72525478240772 143.991969424134 133.82381493892566 176.63072342964395 0.0 131.31022130769153 127.80968603671352 160.32495220739042 104.43262140505037 215.47169753332187 201.2285406702499 190.57618062754295 189.08736024348403 80.36938755434879 166.5229704511205 183.69007843826876 221.76514393057914 133.86899159066255 121.77497809476438 157.44734652758208 129.76838972726355 153.29912590403367 161.4092382721576 161.4710686455677 167.34830277133966 130.32488666023133 170.34168392593597 152.41912673629582 210.62726562778863 119.91372261804236 149.4422847105591 198.86176037794252 148.61714312124192 151.60016262450011 141.13951585311415 168.41485329713623 151.0911581385117 145.14926531262762 170.13605183126853 181.37483111166384 161.95089226481454 179.33389021755048 141.74286434242845 140.3267109905865 125.19343278257766 142.63561947845054 118.24696051532285 141.6785564541731 144.21617657198126 147.07208546411232 192.97521171410693 119.81779118788282 154.4715006440789 178.4748250707122 170.51101114650706 133.35758803640203 198.86176037794252 166.5311361686156 154.30273760832532 155.7727768810313 161.98006130605893 118.24696051532285 152.43155281425118 180.44796711861466 149.96264952683572 133.42165524063358 143.39859342589443 183.1269167076481 176.7792471277805 117.37681741612639 115.90288562793833 150.80755827628784 163.7839155620295 115.04670814670413 150.02967467101394 125.50081846563063 152.23741275157994 137.15500718589806 149.49681162441266 152.68294668717868 161.4710686455677 174.00089817162703 148.58336955677245 190.72100974373964 160.67861510605272 162.8339287656841 179.10983037652673 215.47169753332187 214.66414793134217 135.96056481160062
134.6039416703847 167.2444152825849 129.76838972726355 165.87707362106096 145.68668994287992 162.02491404867155 168.69819874991697 125.19343278257766 147.9609724070411 164.3915631778043 146.39291443136597 125.0857203333752 105.31161278739701 131.86491752409663 131.31022130769153 0.0 178.39166390414204 122.09562293916588 131.15091000653092 152.6829790060604 123.46450956753905 157.78538486749105 151.46007897317284 154.30273760832532 152.55734059359156 154.51149569491733 171.22983703826958 147.1221755103833 155.1383818334366 155.7604541636226 153.84358531110564 180.64982918936235 146.59752492710808 172.3161622578114 120.00691625734942 148.76808077047178 130.9939832939984 118.24696051532285 149.3529268910472 157.2600465321305 122.47687254503514 176.10214420504806 78.27736774400765 137.804143245615 147.9609724070411 153.40513959649792 149.21920871984577 120.04280894598023 193.15563126919795 147.9304894930348 159.73602854400588 137.35471496810632 134.45384597663778 181.10902023414553 170.51101114650706 131.28346683271377 155.46528014202164 114.97767230837884 154.4715006440789 189.88503918957932 177.51924337996005 155.30144377141485 104.37124687709868 175.8571965814816 151.29658889964074 158.8519761290567 98.83913939057923 167.34830277133966 133.38644731756622 178.7892387328456 171.3596194044107 162.57752458274044 199.31663487092976 215.85681187022948 163.78922463894827 128.0755593096581 178.7892387328456 151.0911581385117 160.6903852732825 143.84278449937827 156.12995732223337 157.42013931193932 127.2039336202188 203.4746963338474 127.66116863874846 136.3124478145738 175.77942619040485 90.90743493372625 181.10902023414553 162.9852862242013 121.92795749964073 177.42226295042187 121.57494944046444 173.76666507325368 126.16437609778268 137.97542811791465 163.78922463894827 157.54097617148307 210.53550391126484 136.03567055787428
153.4344321490941 154.50134190694513 176.41332122985017 131.4195987297502 162.9852862242013 157.54097617148307 193.79004756201408 126.20618810332815 156.34160822949235 158.7588804635795 180.82335447919786 157.21479533209407 164.35453610777492 161.74857296792075 127.80968603671352 178.39166390414204 0.0 112.34412119000179 157.86366364948358 175.7045903435324 106.87511299378 173.56445073438832 151.78886645831085 105.52252362734862 127.13008124283057 183.28457800630267 148.61714312124192 153.56746187157094 154.30273760832532 167.75473331674755 93.49665787196965 189.08736024348403 162.16060493673618 202.79600557986348 176.48665201403526 121.06192872469569 186.49039382769456 173.15891809784915 167.3592547422747 165.73926158569208 135.67428913072393 166.75172168644386 165.73926158569208 132.94833384504145 181.875295275408 140.3267109905865 105.52252362734862 167.34830277133966 156.34160822949235 126.20618810332815 168.0492905546327 135.96056481160062 167.50042814426436 176.84705210820954 119.18092142302339 118.87234876048848 134.36026276911736 141.13951585311415 123.46450956753905 146.91392000407512 122.07810400431515 169.3799716734854 154.5278767248986 158.5107017954504 171.59925110656616 174.80684539494314 141.73441318684837 170.51101114650706 157.21479533209407 192.47652827932976 116.90177948405795 126.71856393050044 160.67861510605272 131.4195987297502 157.86366364948358 172.47967489157867 82.95000488291879 154.51149569491733 121.57494944046444 118.55377411072692 160.38916902918655 181.10902023414553 178.39166390414204 196.0519056889314 145.9039770515222 160.05634525262943 163.78922463894827 131.4195987297502 174.62061596968198 157.42013931193932 159.4660125946732 95.31670861717926 201.2285406702499 155.8285426893212 139.05459504476624 135.28481428850947 121.77497809476438 222.16889753898897 161.4092382721576 163.536071349568
182.41351906742972 120.9663034752738 180.64982918936235 123.61144276391747 141.26828082666094 166.10059256753124 116.0462439291868 168.74511653779572 154.79058893922775 100.75041655416729 149.01473570504953 170.13605183126853 136.86533229679608 119.07682768618945 160.32495220739042 122.09562293916588 112.34412119000179 0.0 150.52327163748836 141.89746785845966 126.71856393050044 167.95014824958625 171.3596194044107 174.00089817162703 175.8571965814816 133.78669464125048 134.34577770066812 204.22012568091236 182.41351906742972 129.76838972726355 193.15563126919795 162.63379502503673 160.67861510605272 177.26820401591021 155.0888224229626 148.76808077047178 177.55371129033833 162.63379502503673 164.35453610777492 147.6753304675166 140.66258804341936 169.97431674579587 106.84543077455648 66.88725471480073 166.10059256753124 156.6115989674598 124.81100729190811 154.55759461689766 180.64982918936235 193.79004756201408 193.0168979523268 146.111352499954 120.04280894598023 124.03396920490674 203.35656208016894 122.60007849385984 172.96335053187664 147.45556300985112 157.86366364948358 157.85273340030062 139.05459504476624 203.4746963338474 133.35758803640203 165.30169184666934 189.08736024348403 159.86224336043585 142.51809080296906 133.6824883317202 161.73785195938154 178.4748250707122 153.99059633616682 90.90743493372625 172.3161622578114 185.24719228393312 191.54771418307715 165.73926158569208 128.74536651634267 147.9304894930348 120.90129538413817 156.6115989674598 134.08073040277068 158.5107017954504 167.2444152825849 78.27736774400765 149.1598427700528 188.58969296870077 136.84530718768306 183.75741376428422 150.88586981330945 193.0168979523268 131.15091000653092 163.6802450643122 147.1221755103833 142.63561947845054 126.53593934399218 121.77497809476438 157.78538486749105 131.46173674417955 131.37951382162044 122.58360042894684
121.77497809476438 177.78205257241314 155.55370186403866 113.98677206590851 131.2507149868098 144.31019138283568 161.65425444652016 181.37483111166384 138.0955217147593 120.04280894598023 161.33247905214262 161.3673912017049 78.27736774400765 152.55734059359156 104.43262140505037 131.15091000653092 157.86366364948358 150.52327163748836 0.0 152.55734059359156 141.7009963442482 170.5034188538092 100.30506607929715 162.33168421880274 135.355585597702 166.75172168644386 160.8314000141452 149.4422847105591 149.4422847105591 140.6418003487839 169.05372869797313 137.55371954381386 125.84097015384319 166.4797785571815 126.9217597827237 160.38916902918655 168.41485329713623 161.73785195938154 169.05372869797313 131.15091000653092 128.0755593096581 161.56341308560917 106.8175999276393 124.20654126611132 162.24291851156514 94.4171359459301 126.5817878518529 129.00928564615964 188.58969296870077 179.33389021755048 153.5733722626857 121.49826576491537 156.2138799348784 140.69153398094898 176.5880272349925 141.05279910516896 176.10214420504806 180.93924579036224 147.6657395705256 150.4335164005838 126.6486357835279 159.99558981913518 127.38636523302952 172.05444781852918 126.1914991329886 192.97521171410693 109.53534740215933 147.6657395705256 120.29930099876594 162.63379502503673 134.48189087827924 183.69007843826876 171.35727197977695 176.41332122985017 120.04280894598023 178.7892387328456 132.14594198341712 157.42013931193932 133.42165524063358 174.25013538927527 171.56800054750047 178.39166390414204 157.96865192151313 151.83696080452944 151.0911581385117 106.87511299378 176.75690111894755 180.20213530305966 153.99059633616682 155.7604541636226 177.26820401591021 166.5311361686156 136.160556899272 178.9287634870545 148.12447983332694 107.10297058086432 112.34412119000179 147.01531409809803 128.74536651634267 168.69819874991697
155.7604541636226 120.90129538413817 97.54133072510535 161.51571425733445 165.02107349362413 156.34160822949235 192.19434292270734 119.00049819342048 136.160556899272 153.83662478703047 203.35656208016894 104.43262140505037 147.82996093888653 197.6632895637489 215.47169753332187 152.6829790060604 175.7045903435324 141.89746785845966 152.55734059359156 0.0 179.3441438488024 94.20980614226752 129.76838972726355 89.77262497083788 147.6657395705256 152.43155281425118 179.7792323290767 133.1021847350862 172.57055176759394 183.1269167076481 155.8285426893212 78.27736774400765 118.87234876048848 141.7009963442482 163.78922463894827 157.08169140976267 119.91372261804236 147.05759061513507 140.69153398094898 138.30645567146547 167.40571165942177 134.6039416703847 199.31663487092976 106.84543077455648 142.29328763529736 153.99059633616682 135.18644906310456 145.59712138997722 170.89303801748846 100.30506607929715 139.48735699339562 166.50092371749787 161.40961813864521 166.5311361686156 180.44796711861466 95.31670861717926 151.0911581385117 162.27048379216845 168.41485329713623 116.90004326727869 170.77739187061616 100.65214769646735 148.58336955677245 82.95000488291879 134.48189087827924 157.6934916209916 180.6245730289738 134.08073040277068 144.21617657198126 114.97767230837884 161.74857296792075 198.2180160738081 163.14188501797744 168.0492905546327 159.09196337179722 172.3161622578114 167.7256414748326 189.81089667266917 222.16889753898897 164.3915631778043 158.9809866104281 185.60207644992025 119.18092142302339 172.3161622578114 148.58336955677245 137.804143245615 179.7792323290767 170.70110074776866 146.8478535601599 169.3799716734854 186.45451358264305 192.47652827932976 193.79004756201408 139.46854424167068 161.51571425733445 177.26820401591021 210.53550391126484 145.9039770515222 186.45451358264305 135.28481428850947
156.8317847474142 161.82976275907203 176.5880272349925 136.160556899272 104.43262140505037 157.42013931193932 201.55534738882497 101.89948217777774 179.38386905512178 124.40802316410696 133.1021847350862 179.95424640200574 94.4171359459301 161.82976275907203 201.2285406702499 123.46450956753905 106.87511299378 126.71856393050044 141.7009963442482 179.3441438488024 0.0 135.96056481160062 176.95497249080964 149.01473570504953 125.20700830960814 90.90743493372625 144.96310075995999 155.46528014202164 157.51782326688584 159.01791304914832 119.98109218400953 155.62892704636064 179.38386905512178 160.32495220739042 162.16060493673618 127.601145491985 139.6937496108578 172.72525478240772 120.00691625734942 150.52327163748836 157.08169140976267 108.63534141354279 170.5034188538092 137.55371954381386 125.0857203333752 158.69524475247982 145.68668994287992 106.87511299378 144.36823246600179 150.02967467101394 155.30144377141485 153.40513959649792 104.37124687709868 170.70110074776866 145.47921151976138 149.01473570504953 153.4344321490941 176.84705210820954 130.115937911239 120.76659068816775 162.27048379216845 174.00089817162703 178.7892387328456 163.92570402677876 167.44252912705463 113.53065002413706 89.77262497083788 148.37012148446203 173.76666507325368 127.80968603671352 171.35727197977695 157.6934916209916 116.90177948405795 121.57494944046444 128.0755593096581 104.37124687709868 162.57752458274044 122.27059819303253 183.4431409797222 153.59540467148724 122.19832177089627 134.45384597663778 140.3267109905865 201.2285406702499 120.09761746608801 130.7036769282244 128.74536651634267 142.45737524200115 165.87707362106096 151.19627918913625 196.0519056889314 162.9852862242013 147.07815379162324 169.64472773621046 161.4092382721576 94.4171359459301 144.21617657198126 126.71856393050044 165.02107349362413 134.45384597663778
