100
0.0 111.40718399374755 114.77949160066477 111.02340594918495 93.54436545113765 68.51026492206798 75.86918323638254 104.27510077164732 108.57815744680032 92.23986530020257 98.3959912684593 124.52388096624045 87.23734113809284 107.94943189818107 93.34505263101865 111.310844904409 84.02519014753506 125.20731742152338 134.67870432751033 70.62942853774751 95.52992322823246 108.9410377027744 130.0629350127551 117.42626477688673 98.95421172891103 103.69567709608624 144.5650745102458 70.1289238984339 132.91412476689823 59.933534690901055 67.75479439593389 111.310844904409 56.261367913134535 56.16257852438348 82.4620435743565 71.84891005218512 108.93343645094512 78.97677657333516 85.4393015555228 138.49032928048777 151.70639155317 104.54790199940376 126.66219412858771 103.89412602207288 96.36415107818988 103.14297261337026 130.55460108511863 93.54436545113765 95.78655154343487 112.3260819152861 100.83121629865987 126.75295341396136 123.07877722183748 105.62481064004199 128.61127862345984 117.29435730233212 77.16021602952415 124.53564536779555 78.55185783274615 122.62126396181078 94.51809117667491 112.73411637734071 126.63092646686597 112.58744960065337 72.31817137480914 102.31196191311678 58.866855598675336 115.2528422137093 83.87304616293395 94.72143316530078 139.40035782134646 71.09592060651889 122.49473874086908 116.36924618006063 56.53288470387719 70.35810498673754 114.14546760622306 85.22300786567632 108.73751200327672 125.22498755465824 126.96126804588911 50.960197693201074 140.75496185185602 147.5421296260103 117.42626477688673 98.03919978318248 85.6335650194502 124.10297589510131 123.24024335160954 113.23763900073318 116.83827339403547 93.23702646422474 70.35810498673754 89.91071363708782 103.88532925420411 101.37509830573507 110.77488345130075 98.52792124425326 44.081870114726215 108.48188869375808
111.40718399374755 0.0 95.46169663807311 100.3915642986753 97.66920269213402 114.52900455893604 116.83827339403547 50.736952543647675 108.42437574350562 87.19502377945823 78.86137808444263 87.19502377945823 64.30187229319195 111.20714243702551 101.05545731115556 85.12665312174313 117.78288520806052 86.48519227476733 114.77949160066477 85.81083859095578 92.34524784332375 136.72821767501546 85.19025224745658 116.36924618006063 111.23449788980085 111.61619636494032 95.10083759761298 131.26821758826605 73.25809635696531 88.27723651358961 79.45633066178908 138.10178575421284 104.04504874803362 70.27268984231546 84.80999235007707 81.83334571837771 108.48188869375808 59.353592447095835 115.30281282912333 118.19237836489339 97.34869498289589 102.47057902951255 120.35607346165051 112.83954335819666 111.23449788980085 117.2511188395824 104.10984817916865 70.35810498673754 98.86719360772801 145.91735004998208 85.44755913383489 113.83315001321824 98.50923973573121 149.11336803621293 102.64220397942442 108.62749367662012 77.79623407348471 59.98274703043517 74.52004571873246 76.91796975471388 71.84891005218512 69.39615959886319 84.80999235007707 90.21078530634927 115.65982701830892 142.58857621075512 79.60603452609931 144.1299918656921 114.77949160066477 46.75225439676661 129.05901278468517 102.8549448064509 101.37509830573507 120.35607346165051 105.50427559941284 97.15734855256855 92.91216329538433 80.46599597727345 113.3269717523554 58.866855598675336 81.59636715737082 120.00753737943971 120.71878168804389 85.37659790102441 93.11738886234164 127.71847793241734 120.03868332914497 111.72582627499153 65.90953648475295 71.09592060651889 96.06794285040303 125.29111233439558 108.88742437404814 125.29111233439558 126.66219412858771 127.66563131178879 118.70112233822536 134.54708222681938 79.82724353971217 128.75023926992188
114.77949160066477 95.46169663807311 0.0 83.63897191383548 76.8551065933739 93.18259993219723 112.46554100623263 74.02369275863046 117.24850990019362 137.30842744369104 56.16257852438348 121.41987272250776 71.48714163732143 138.76194128718896 116.63164595457843 51.57632954015146 95.46169663807311 94.92863502190706 118.70112233822536 90.21078530634927 75.58849679400976 111.06485034435545 69.2130212567933 103.69567709608624 111.77269341381034 121.28943482393052 141.82140422885257 64.34585327067222 112.5115600166153 109.07224600366766 95.61471918207366 66.55536269111852 74.4655229517696 97.78183454854117 85.6335650194502 104.90550639061081 136.6598135828961 82.4620435743565 124.59241281212556 51.09347965753483 124.5635084131258 140.75496185185602 97.17029534898641 106.47083209717789 113.39054822939616 90.14539197364667 83.26890316364857 99.01414702877058 140.39972780995072 70.39711553299001 118.95446457787787 50.325862399016735 109.63812788820952 69.15953746823236 119.78946949784375 114.58644422496715 136.59727218732863 139.9056044689692 70.95628890478378 90.31692579379185 91.79614284186508 79.21632142694166 104.04504874803362 114.31492729150327 118.61594205647395 131.59913701330257 121.41987272250776 76.51532919975566 130.72403152928894 73.54661816302468 114.20370398594619 138.20378693193462 134.1224226290795 115.60218842154175 128.32880420935874 108.9410377027744 118.90406931241787 138.20378693193462 116.9070428684256 82.88098199827685 71.09592060651889 111.06485034435545 82.09115676094675 99.32424299609359 114.97928974528229 155.92678941925422 114.14546760622306 92.5149297271376 44.081870114726215 84.31009580772245 95.44225827182179 108.48188869375808 122.13906632797745 68.82292177257266 127.48170100905041 95.52992322823246 109.49779771089474 107.03700530195633 94.49559818574747 166.50260121512497
111.02340594918495 100.3915642986753 83.63897191383548 0.0 130.0629350127551 108.91097820793239 97.34869498289589 140.39972780995072 70.35810498673754 101.36583745197603 111.5916805396357 72.31817137480914 109.63812788820952 117.48785254240245 121.39411570389503 87.89047562160019 79.09778754688432 72.31817137480914 101.07212265649329 81.83334571837771 136.72821767501546 130.74624410779973 79.00293593397855 122.54118913824617 105.00738433279459 114.97928974528229 144.5650745102458 83.48473026930975 117.24336288229107 78.85683282963245 82.02801629365445 44.63007538615958 84.36543175898107 89.81278134991096 145.96338841667983 111.40718399374755 114.41237008101515 89.0312830412364 123.02991822106009 99.35893767662961 144.44810197131864 129.69728615008876 108.64800567153293 101.25217598487812 128.11060665540052 78.24382458320171 126.71304284110471 121.97343580933234 121.97343580933234 93.37870464966302 115.6563357746904 129.28259864984216 78.62758496108972 106.97634202751102 127.54492177602921 98.52792124425326 89.65569034218768 137.30842744369104 113.39054822939616 72.36660724616996 118.61594205647395 109.63812788820952 115.36804138481284 144.74095106746046 125.38227748774065 106.80865273956513 107.79892861387657 129.40927152719112 86.39115354371116 72.14138737823932 110.87720981045544 104.27510077164732 96.57530056999161 99.89280705567387 136.21433201047245 96.36415107818988 75.24974302517683 113.19778962955368 107.41049003210072 94.90733006737315 66.454759815717 138.76194128718896 130.39408816306798 42.82936485501959 57.32191293127513 125.27852168103624 127.58316930292843 95.46169663807311 133.06785831576414 127.58316930292843 107.41049003210072 94.92863502190706 117.13194435206933 104.27510077164732 98.56141261909436 123.02991822106009 99.39050473254552 66.57960476023524 62.37304226055251 100.3915642986753
93.54436545113765 97.66920269213402 76.8551065933739 130.0629350127551 0.0 102.75008131550896 120.93161986170495 99.08120198080414 77.79623407348471 143.47791620452824 73.0748152457793 63.005289453520305 114.77949160066477 74.1017920583587 50.90336828619196 93.23702646422474 129.87273469875657 89.59874278003869 117.96012277996324 102.75008131550896 122.54118913824617 143.47791620452824 85.30990772643256 40.75864849691815 77.46172892016324 166.50260121512497 75.27134269645286 67.90909111640788 76.51532919975566 87.03614053465209 89.26993766063443 123.72536543833614 110.8476657938428 42.82936485501959 114.6465532326345 51.177687537160075 143.1882740324275 78.03535972413424 113.11846367840438 86.34977638998006 108.94511064310433 42.974656733161964 127.31388559944895 91.49622828341772 98.82385268526015 139.71419158446352 87.13901849725264 124.42746327489543 87.13901849725264 117.24336288229107 67.83029932966605 90.31692579379185 122.2607604612178 81.12137101433615 129.28259864984216 119.99860552079578 118.70112233822536 51.57632954015146 64.30187229319195 99.39050473254552 101.05545731115556 97.09576235039653 116.03497926180032 91.79614284186508 114.6465532326345 91.31196619863778 132.53141161895618 144.5650745102458 109.48253849788908 98.20962438132463 130.74624410779973 78.24382458320171 114.31492729150327 101.63742658995942 77.24086820028778 77.79623407348471 131.59913701330257 102.40926180484425 71.84891005218512 88.18331110209655 117.6837023845494 91.46008722777155 133.18786895549243 75.86918323638254 90.09128975190148 133.3516824653903 130.41512367820567 92.56257446982488 70.95628890478378 124.3515256501139 127.26868118734772 106.08959913906617 81.23487252611403 109.87600025837382 137.3871098669883 85.44755913383489 130.74624410779973 118.7065789070281 129.28259864984216 134.67870432751033
68.51026492206798 114.52900455893604 93.18259993219723 108.91097820793239 102.75008131550896 0.0 118.95446457787787 109.48253849788908 92.20040416865295 125.27852168103624 24.478407427565912 118.90406931241787 86.94300622194086 98.30906990754713 70.39711553299001 124.74858366959957 70.27268984231546 86.10077717410401 69.74733313824746 4.795922953110789 85.19025224745658 114.6465532326345 126.1827653233766 90.91670621286227 103.14297261337026 108.94511064310433 132.53141161895618 113.23763900073318 74.1017920583587 126.75295341396136 133.18786895549243 112.60560781704089 81.17854998569909 89.0312830412364 82.59137984402646 113.83315001321824 104.14071892463124 118.61594205647395 120.80869441801268 54.35545431997563 79.21400001462253 90.91670621286227 58.09072758623532 129.51350807673853 111.44327338626927 108.57815744680032 110.96959792709315 105.00738433279459 106.08959913906617 82.2257611354946 86.94300622194086 108.51609340529254 69.58805681019751 126.66219412858771 126.71304284110471 121.97343580933234 77.24086820028778 111.02340594918495 59.98274703043517 57.32191293127513 148.2068276804464 116.9070428684256 106.5521716487725 93.656218953415 84.79934036515847 70.25981315937396 59.485571464334015 77.24086820028778 85.22300786567632 126.90266353370222 109.87600025837382 111.77269341381034 126.63547630334148 157.95909662511806 98.88414653911109 130.72403152928894 100.82268484411738 92.23986530020257 79.21400001462253 134.14095078384403 98.95421172891103 109.69150472642625 126.63092646686597 53.18858573783888 110.77488345130075 64.28122842170318 130.52986651996736 112.88428394691525 129.40927152719112 96.48898333007465 143.47791620452824 90.68975879056498 150.5211045055437 92.58583418101666 97.56460033204321 53.18858573783888 111.40718399374755 132.99100694064796 92.71274023640413 74.1017920583587
75.86918323638254 116.83827339403547 112.46554100623263 97.34869498289589 120.93161986170495 118.95446457787787 0.0 106.49365751605083 141.08301051927435 93.58831669524842 134.14095078384403 156.07432612926615 129.40927152719112 86.47319989660699 106.04100626619048 77.16021602952415 81.23487252611403 68.17415772410516 126.63547630334148 72.2635797064517 100.79608912865176 66.98744711292296 123.55965794739147 133.3516824653903 70.11226734401016 117.24850990019362 107.38190181537674 121.97343580933234 59.933534690901055 68.93735565784137 91.5510396118206 114.52900455893604 99.08120198080414 90.68975879056498 117.48785254240245 91.64665863778865 69.74733313824746 96.48898333007465 103.14297261337026 82.8820085098005 93.7318635873164 67.93837125652172 107.57040468900689 93.37211560847238 114.52509144713085 56.07333556739464 70.39711553299001 89.3342896381884 98.77809769451282 88.27723651358961 130.53592734653265 102.41604397216524 117.8206523348712 102.43370726553958 102.75008131550896 57.627646054186265 125.86828536254221 91.22299039526271 115.55767207303471 121.39411570389503 93.11738886234164 139.40035782134646 74.12386781533245 113.26021319445404 56.346138005609184 92.20040416865295 123.07877722183748 111.310844904409 54.35545431997563 126.95496941923406 92.65625396349051 91.50964911487118 111.49668950445812 118.19237836489339 144.44810197131864 135.70400058271414 93.37211560847238 88.18331110209655 92.6761254146011 126.95496941923406 82.64607028558473 79.67441809805297 113.79625511767469 114.20370398594619 97.15734855256855 101.05545731115556 91.50964911487118 96.69627835575353 91.88424616865363 83.63897191383548 106.78026953851928 74.952578700249 124.42746327489543 73.58872068904589 131.26821758826605 156.07432612926615 116.45662794907135 86.14213547206805 115.6563357746904 93.23702646422474
104.27510077164732 50.736952543647675 74.02369275863046 140.39972780995072 99.08120198080414 109.48253849788908 106.49365751605083 0.0 116.9070428684256 90.18278177914372 107.5708062471062 88.08125034731633 95.0161973224561 120.27585021786334 51.57632954015146 97.15734855256855 105.22444941512336 136.59727218732863 85.37659790102441 82.4620435743565 93.23702646422474 80.24051846640785 83.48508484552887 162.79487548094525 105.81044218323134 82.2257611354946 136.59727218732863 89.86307276133653 107.5708062471062 104.14071892463124 62.090749302889606 62.10458261939333 123.5632390035839 73.58872068904589 98.03919978318248 132.91412476689823 139.71419158446352 74.52004571873246 105.00503584297583 120.83431466772132 101.63742658995942 84.02519014753506 78.92261680001411 85.44755913383489 75.4845228866331 88.39658491708813 102.31254126725528 103.34880797446687 98.20962438132463 50.325862399016735 113.11846367840438 90.65881027828986 74.33145187994899 73.0748152457793 82.4620435743565 111.20714243702551 78.86137808444263 131.4031809430781 97.24407665826263 111.40718399374755 116.9070428684256 133.06785831576414 88.53181877048569 108.9410377027744 85.52263514307043 117.8206523348712 71.84891005218512 85.37659790102441 133.76312046654374 106.49365751605083 130.51305522397433 77.32462665664227 88.61337447466641 72.31817137480914 140.9458706134993 103.54560399306642 105.1971085236056 93.58831669524842 91.0169789188819 93.37211560847238 60.23759820652504 75.86918323638254 122.34889430100246 126.66219412858771 93.84781120442625 120.00753737943971 93.72672386143583 128.33423072909437 122.18877424262249 84.80999235007707 96.20905605199775 102.31196191311678 99.36671405926313 73.25809635696531 89.58473969745904 86.34977638998006 51.09347965753483 108.64800567153293 84.64395161055121 141.07825488905172
108.57815744680032 108.42437574350562 117.24850990019362 70.35810498673754 77.79623407348471 92.20040416865295 141.08301051927435 116.9070428684256 0.0 94.51809117667491 130.17971060333207 141.88160814352221 82.09115676094675 106.08959913906617 143.1882740324275 86.8224641020687 78.55185783274615 100.83121629865987 55.50508070122561 85.52263514307043 132.14048475497114 115.55767207303471 97.09576235039653 130.10835351337565 117.42626477688673 87.42199737975895 100.82268484411738 130.51305522397433 166.50260121512497 110.96959792709315 87.23734113809284 123.93377312768631 65.90953648475295 76.17145071169517 118.19237836489339 136.6598135828961 120.21143944617982 127.66563131178879 145.91735004998208 80.46599597727345 78.24382458320171 72.31817137480914 115.55767207303471 100.82644105778441 67.93837125652172 83.63897191383548 127.66563131178879 90.8079180348591 124.52388096624045 84.02519014753506 116.46279522909113 149.11336803621293 140.39972780995072 133.22002503874464 90.21078530634927 95.0161973224561 93.7318635873164 80.85482412543645 77.32462665664227 91.4314575530182 127.80178397048056 160.2256999095852 133.18786895549243 93.54436545113765 90.91670621286227 82.09115676094675 107.57040468900689 116.92155211937535 144.74225558774162 73.59082674856072 104.90550639061081 105.81044218323134 105.85090040822175 115.36804138481284 133.76312046654374 151.25244874613253 50.960197693201074 113.39054822939616 110.77488345130075 86.85200534356774 88.53181877048569 91.79614284186508 85.81083859095578 90.2628405352468 66.0976321712351 70.39711553299001 139.26530377473784 132.88917885632986 117.60459987434398 104.10984817916865 116.2507826768851 155.92678941925422 84.31279143819599 102.62572472294805 102.75008131550896 141.08301051927435 120.93161986170495 120.73989583004698 77.42518052265348 121.41987272250776
92.23986530020257 87.19502377945823 137.30842744369104 101.36583745197603 143.47791620452824 125.27852168103624 93.58831669524842 90.18278177914372 94.51809117667491 0.0 61.3827843229186 89.91071363708782 141.08301051927435 134.14095078384403 103.88532925420411 109.69150472642625 65.19293261888464 90.47940564112366 98.3959912684593 40.75864849691815 72.82021900526512 135.05127985374756 56.16257852438348 125.29111233439558 107.57040468900689 121.56461802574992 126.96126804588911 114.52509144713085 93.656218953415 79.82724353971217 130.41512367820567 69.39615959886319 126.34225280104337 112.73411637734071 123.93377312768631 125.38227748774065 168.15501041834403 120.83431466772132 120.27585021786334 113.74992358863942 125.82951632156467 103.26136269807444 55.50508070122561 92.6761254146011 80.17219760114975 46.39092130319374 85.81083859095578 124.65264774868656 111.61619636494032 109.87600025837382 96.48898333007465 105.1971085236056 126.26943268534697 94.41723227399552 112.58744960065337 123.24024335160954 123.04945002264301 151.25244874613253 75.3965941041355 102.8549448064509 155.49845811773224 47.56410789706472 67.75479439593389 105.50427559941284 105.50427559941284 113.83315001321824 67.93837125652172 121.39411570389503 84.31279143819599 106.80865273956513 79.2083153880134 146.111331069925 116.46279522909113 57.32191293127513 65.90953648475295 115.48762531737816 40.75864849691815 87.88740727274988 118.7065789070281 93.07327796351353 65.66072829164065 116.36924618006063 108.66631434730769 122.2607604612178 98.4571108395708 110.34669860886638 91.46008722777155 106.37905611846593 84.41270633449037 112.86387467816786 93.84781120442625 85.81083859095578 83.20935982541504 80.82557451555718 90.14077211909495 92.59109536013854 101.62194569909104 90.21078530634927 125.20731742152338 145.9592309500921
98.3959912684593 78.86137808444263 56.16257852438348 111.5916805396357 73.0748152457793 24.478407427565912 134.14095078384403 107.5708062471062 130.17971060333207 61.3827843229186 0.0 150.01253538182257 126.34225280104337 89.3218235517936 96.73463547695613 106.78026953851928 64.96754606495679 117.87759252396823 79.21632142694166 107.41049003210072 116.92155211937535 134.14095078384403 116.2507826768851 113.39054822939616 84.31009580772245 105.85090040822175 129.05901278468517 106.47083209717789 94.07400898060251 113.3269717523554 106.49365751605083 59.485571464334015 121.74534551621005 101.36583745197603 51.09347965753483 120.00753737943971 124.10297589510131 118.11207806096043 68.18622569571428 106.52843826213478 110.89156067810698 101.05545731115556 118.11207806096043 141.08301051927435 75.4845228866331 130.17971060333207 62.86295107480236 131.307067251788 111.78291076208917 88.61337447466641 145.91735004998208 86.34977638998006 98.30906990754713 94.20063565108417 141.82140422885257 112.60560781704089 99.32424299609359 129.51350807673853 96.06614851360152 95.44225827182179 113.83315001321824 131.26821758826605 98.20597236705467 128.32880420935874 79.00293593397855 116.06522120411658 87.42199737975895 78.039537343274 141.82140422885257 82.88098199827685 72.36660724616996 126.95496941923406 102.37571806906374 54.595758797029895 52.88929738879017 113.83315001321824 106.37905611846593 82.25722312881871 136.7958782368528 107.57040468900689 113.43202943752834 130.55460108511863 63.99320219003811 98.88414653911109 78.97677657333516 126.95010875604981 59.515047517150286 78.50236894130491 124.5635084131258 117.04359362753166 113.83315001321824 119.77042730358683 132.33770286685075 77.24086820028778 97.98974583837276 107.5708062471062 64.30187229319195 132.3868084637316 104.7510208795299 61.3827843229186
124.52388096624045 87.19502377945823 121.41987272250776 72.31817137480914 63.005289453520305 118.90406931241787 156.07432612926615 88.08125034731633 141.88160814352221 89.91071363708782 150.01253538182257 0.0 120.73989583004698 87.10099873301411 48.65574574350222 93.37870464966302 124.71639212551577 123.249945838337 127.58316930292843 126.06661507489862 127.8332744757577 128.67067994874424 92.20040416865295 150.01253538182257 88.7280985645722 126.95496941923406 123.8662652528355 135.06932942107224 122.4893157075191 101.62194569909104 116.92155211937535 127.9611342079811 126.96126804588911 108.88742437404814 110.77488345130075 117.28257165054683 135.35341792717267 151.70639155317 118.70112233822536 93.90858285819367 90.86734737564603 57.627646054186265 114.17904016821336 130.39408816306798 101.25217598487812 72.31817137480914 125.22498755465824 96.06794285040303 78.039537343274 4.795922953110789 97.66920269213402 127.41492773469484 85.21691939317635 75.85594028449489 150.5211045055437 96.98434399937975 131.59913701330257 102.47057902951255 104.76379662054524 145.9592309500921 123.8662652528355 124.4973294681911 92.09893017431918 89.13544740905235 144.5650745102458 71.73747036950034 92.62455173812317 78.62758496108972 143.47791620452824 92.8521320496696 87.10099873301411 145.96338841667983 115.48762531737816 128.29995891642653 67.75479439593389 104.04504874803362 94.84132816388869 101.63742658995942 125.86828536254221 144.67926354062365 122.08640517775298 79.8385820797135 91.46008722777155 117.24850990019362 117.50100249727659 109.48253849788908 84.41270633449037 126.63092646686597 102.40926180484425 111.78291076208917 87.16347454132008 82.88098199827685 104.61574567385249 139.9058453954786 98.82385268526015 4.587089563053922 94.84132816388869 97.98974583837276 87.88740727274988 131.307067251788
87.23734113809284 64.30187229319195 71.48714163732143 109.63812788820952 114.77949160066477 86.94300622194086 129.40927152719112 95.0161973224561 82.09115676094675 141.08301051927435 126.34225280104337 120.73989583004698 0.0 99.01414702877058 141.07825488905172 123.04945002264301 79.67441809805297 112.46554100623263 83.48508484552887 93.72672386143583 98.47264299819007 88.18331110209655 73.59082674856072 101.07212265649329 106.04100626619048 98.4571108395708 70.11226734401016 138.20378693193462 123.249945838337 77.32462665664227 94.56256563843745 76.17145071169517 136.21433201047245 110.87720981045544 115.3801628968605 78.48337239901093 97.24407665826263 95.78655154343487 114.58644422496715 132.99100694064796 101.65999737064358 36.09886644568989 51.81864151523053 90.10612828093772 114.14546760622306 124.74858366959957 139.9056044689692 78.24382458320171 98.09740583669726 126.66219412858771 81.23487252611403 123.24024335160954 98.11960432378912 79.82724353971217 90.8079180348591 36.09886644568989 104.90550639061081 95.78655154343487 108.91097820793239 117.80798794289412 133.18786895549243 92.62455173812317 99.75594440911416 98.95421172891103 120.73989583004698 84.02519014753506 82.8820085098005 100.33927450512275 120.7782010090831 104.5586049236957 126.63547630334148 126.95496941923406 83.48508484552887 120.80869441801268 66.0976321712351 85.57827605976664 89.81278134991096 59.98274703043517 111.78291076208917 76.91796975471388 121.39411570389503 56.261367913134535 116.92155211937535 90.18278177914372 50.90336828619196 139.40035782134646 91.87973833660102 59.98274703043517 66.98744711292296 133.12348629045164 94.41723227399552 85.6335650194502 114.17904016821336 113.74992358863942 128.75023926992188 140.39972780995072 100.3915642986753 89.91071363708782 85.19025224745658 86.85200534356774
107.94943189818107 111.20714243702551 138.76194128718896 117.48785254240245 74.1017920583587 98.30906990754713 86.47319989660699 120.27585021786334 106.08959913906617 134.14095078384403 89.3218235517936 87.10099873301411 99.01414702877058 0.0 90.31692579379185 115.6563357746904 110.76830380592827 87.63754063534304 101.25217598487812 114.31492729150327 127.48170100905041 93.7318635873164 132.14048475497114 86.94300622194086 136.9739112715607 83.48508484552887 85.30990772643256 132.99100694064796 97.98974583837276 61.3827843229186 112.58744960065337 87.88740727274988 91.31196619863778 109.48253849788908 135.78505665539316 115.36804138481284 101.38769056435564 118.32692084946302 99.32424299609359 108.64800567153293 155.92678941925422 99.39050473254552 127.9611342079811 103.89412602207288 134.54708222681938 89.51368398779842 140.9458706134993 118.7065789070281 151.70639155317 63.005289453520305 92.9498874015841 134.67870432751033 102.8549448064509 86.47319989660699 88.94055704518209 105.74556452656167 103.88532925420411 78.24382458320171 84.08738616523603 89.59874278003869 89.14156002273293 113.83315001321824 143.71839499584763 69.93633468993968 132.14048475497114 105.70665907245616 145.96338841667983 86.85200534356774 92.46376805781142 120.80869441801268 87.42034131137646 76.21807607729943 92.9498874015841 101.38769056435564 87.03614053465209 131.307067251788 112.88428394691525 106.94873162148875 127.9611342079811 105.74775747573224 102.16983820260643 144.67926354062365 130.41512367820567 109.63812788820952 101.18738998840195 78.50236894130491 102.31196191311678 116.9070428684256 85.6335650194502 141.07825488905172 70.27268984231546 70.6415312662688 78.86137808444263 79.8385820797135 99.75594440911416 107.29198377220088 110.6317478455043 127.61899147641013 114.20370398594619 111.5916805396357
93.34505263101865 101.05545731115556 116.63164595457843 121.39411570389503 50.90336828619196 70.39711553299001 106.04100626619048 51.57632954015146 143.1882740324275 103.88532925420411 96.73463547695613 48.65574574350222 141.07825488905172 90.31692579379185 0.0 142.90557367217576 82.64607028558473 109.49779771089474 46.39092130319374 134.2655729680542 66.89266912889352 122.20342419394484 104.0709540035709 108.62749367662012 93.37211560847238 133.76312046654374 117.50100249727659 127.26868118734772 67.90909111640788 73.59082674856072 127.54492177602921 95.0161973224561 112.86387467816786 94.82843852971871 130.71744405150952 73.25421470154807 74.97290897883744 96.98434399937975 91.88424616865363 104.33097133159748 124.10297589510131 107.94943189818107 104.76379662054524 77.71827302138384 135.78505665539316 140.9458706134993 99.72950913917806 99.01414702877058 59.045701565763714 101.65999737064358 67.83029932966605 77.71827302138384 105.50427559941284 92.58583418101666 143.71839499584763 117.50100249727659 97.66920269213402 113.83315001321824 78.85683282963245 105.56428569884135 72.82021900526512 113.43202943752834 124.71639212551577 126.63547630334148 102.5244055583362 78.15977378385564 104.37434007027429 132.88917885632986 51.57632954015146 86.34977638998006 78.92261680001411 108.64800567153293 94.56256563843745 91.5510396118206 96.22286373409145 104.37434007027429 109.59719340066583 155.92678941925422 70.62942853774751 103.84771973523945 103.28051532102046 147.5421296260103 67.55545987899374 137.30842744369104 127.54492177602921 144.44810197131864 117.04359362753166 108.64800567153293 132.68910848081995 145.96338841667983 109.11670524412025 124.3515256501139 123.29808568584264 116.9070428684256 67.5363035444275 62.090749302889606 129.69728615008876 64.96754606495679 100.82644105778441 51.57632954015146
111.310844904409 85.12665312174313 51.57632954015146 87.89047562160019 93.23702646422474 124.74858366959957 77.16021602952415 97.15734855256855 86.8224641020687 109.69150472642625 106.78026953851928 93.37870464966302 123.04945002264301 115.6563357746904 142.90557367217576 0.0 67.55545987899374 92.78999095448899 78.3665759841287 66.57960476023524 89.86307276133653 130.51305522397433 117.42626477688673 130.53592734653265 55.49565456717318 65.90953648475295 94.72143316530078 85.4393015555228 86.40221560323896 108.91097820793239 71.09592060651889 67.83029932966605 118.32692084946302 71.63834680255948 44.63007538615958 126.95010875604981 90.18278177914372 106.80865273956513 87.67128872609699 83.95313572636138 74.59209071423419 115.48762531737816 136.7958782368528 133.12348629045164 79.00293593397855 101.07212265649329 106.89096898557519 84.54690731687407 63.005289453520305 74.1017920583587 55.50374410134409 100.3915642986753 77.91623522217658 99.31583962375501 77.32462665664227 66.80259582902998 68.17415772410516 116.46878677580415 105.85090040822175 85.30990772643256 150.01253538182257 77.42518052265348 143.26633640128514 78.62758496108972 74.33145187994899 95.46169663807311 94.56256563843745 85.30990772643256 104.37434007027429 130.74624410779973 119.77042730358683 93.7318635873164 72.14138737823932 140.39972780995072 118.90406931241787 120.27585021786334 109.87600025837382 92.8521320496696 92.78999095448899 74.52004571873246 104.61574567385249 90.68975879056498 73.25421470154807 66.36242544593793 70.86641184127188 82.64607028558473 91.79473564662801 106.92595406493817 109.90760419054051 108.66631434730769 93.23702646422474 104.17532049955204 118.32692084946302 129.28259864984216 87.23734113809284 88.39658491708813 111.310844904409 122.18877424262249 76.59796512400315 44.081870114726215
84.02519014753506 117.78288520806052 95.46169663807311 79.09778754688432 129.87273469875657 70.27268984231546 81.23487252611403 105.22444941512336 78.55185783274615 65.19293261888464 64.96754606495679 124.71639212551577 79.67441809805297 110.76830380592827 82.64607028558473 67.55545987899374 0.0 117.58825502601444 79.16593786394589 91.79614284186508 101.47010676519602 85.4393015555228 130.52986651996736 112.60560781704089 62.86295107480236 83.48473026930975 109.07224600366766 78.58085868258189 56.72102348996697 70.86641184127188 42.82936485501959 104.10984817916865 138.76194128718896 74.59209071423419 113.79625511767469 132.14048475497114 78.48337239901093 104.38993721155221 125.86828536254221 106.92595406493817 117.43160367407147 111.7877627232946 90.2628405352468 57.32191293127513 122.54118913824617 98.09740583669726 104.17532049955204 102.35509255610445 98.15247591495492 144.74095106746046 103.44820792686338 136.21433201047245 86.84763977766897 122.54118913824617 92.71274023640413 74.1017920583587 145.96338841667983 111.40718399374755 124.3515256501139 90.60059301855019 111.5916805396357 111.06485034435545 103.69567709608624 79.00293593397855 151.25244874613253 112.3260819152861 122.4893157075191 131.6024231550839 112.5115600166153 84.79934036515847 130.55460108511863 46.11666110378646 72.73897011168424 127.31388559944895 150.5211045055437 122.18877424262249 123.24024335160954 95.10083759761298 66.0976321712351 90.21078530634927 150.01253538182257 107.38190181537674 76.51532919975566 66.55536269111852 116.36924618006063 81.83334571837771 50.90336828619196 108.42530923495583 105.00635927883445 77.48086638382846 104.5586049236957 150.5211045055437 116.92155211937535 102.43882302095743 143.1882740324275 141.88160814352221 113.3269717523554 121.39411570389503 149.11336803621293 81.9565575603462
125.20731742152338 86.48519227476733 94.92863502190706 72.31817137480914 89.59874278003869 86.10077717410401 68.17415772410516 136.59727218732863 100.83121629865987 90.47940564112366 117.87759252396823 123.249945838337 112.46554100623263 87.63754063534304 109.49779771089474 92.78999095448899 117.58825502601444 0.0 107.29198377220088 105.74775747573224 78.84061067417574 106.49365751605083 81.83334571837771 121.97343580933234 89.81278134991096 108.42530923495583 97.17029534898641 114.97928974528229 66.98744711292296 95.12017349045819 108.93343645094512 112.58744960065337 96.20905605199775 35.92197641189318 130.71744405150952 124.4973294681911 132.91412476689823 69.58805681019751 117.24336288229107 85.37659790102441 139.53165682738984 79.45633066178908 46.75225439676661 84.41270633449037 102.15367238537478 103.54560399306642 123.93377312768631 107.94943189818107 123.72536543833614 98.95421172891103 129.57173879935567 110.6317478455043 100.33927450512275 77.75051688717001 113.39054822939616 98.77809769451282 135.70400058271414 81.12137101433615 136.6598135828961 98.66175752768547 125.22239218119768 95.46169663807311 127.80178397048056 78.92261680001411 76.8551065933739 107.57040468900689 134.44792559042926 79.21632142694166 59.045701565763714 102.40926180484425 73.54661816302468 99.87519068739581 114.17904016821336 100.32258164892215 119.77042730358683 95.54885703317655 130.51305522397433 115.12282232133104 106.04100626619048 108.57664809517938 93.11738886234164 158.14835137263663 87.89047562160019 88.18331110209655 102.35509255610445 89.70072321064978 92.23580944434252 117.80798794289412 117.29435730233212 115.2528422137093 117.80798794289412 116.63164595457843 78.50236894130491 106.00009094771305 93.34505263101865 124.71639212551577 105.45506680819909 84.08738616523603 87.18456802081396 75.85594028449489
134.67870432751033 114.77949160066477 118.70112233822536 101.07212265649329 117.96012277996324 69.74733313824746 126.63547630334148 85.37659790102441 55.50508070122561 98.3959912684593 79.21632142694166 127.58316930292843 83.48508484552887 101.25217598487812 46.39092130319374 78.3665759841287 79.16593786394589 107.29198377220088 0.0 91.79473564662801 78.3665759841287 137.30842744369104 71.63834680255948 122.2607604612178 106.04100626619048 96.57530056999161 144.1299918656921 80.46599597727345 74.52004571873246 126.1827653233766 111.24616793351872 105.00503584297583 75.3965941041355 136.9739112715607 136.59727218732863 87.42034131137646 59.485571464334015 120.93161986170495 134.8631320111977 104.04504874803362 106.77530263424997 124.3515256501139 139.9058453954786 100.88261321824056 113.23763900073318 102.44318343286427 125.22498755465824 58.09072758623532 130.53238023038398 105.74775747573224 98.86719360772801 59.515047517150286 101.37509830573507 90.55635618021586 48.064259229051856 131.19118445457906 116.46279522909113 86.71785087863395 88.27723651358961 109.49779771089474 96.06614851360152 57.16625206604806 111.49668950445812 122.56617029407563 92.56257446982488 90.60059301855019 76.21807607729943 65.90953648475295 91.49622828341772 127.19816613370908 95.0161973224561 69.15953746823236 90.04109862886048 124.5635084131258 134.88607753270924 124.4973294681911 123.14865117675983 89.00742973935257 117.8206523348712 106.37905611846593 124.10297589510131 68.17415772410516 136.92290109354565 59.98274703043517 82.4620435743565 90.04109862886048 78.15977378385564 90.91670621286227 59.515047517150286 138.20378693193462 116.46878677580415 101.47010676519602 95.0161973224561 130.74624410779973 115.55767207303471 71.84891005218512 112.60560781704089 117.0650725617352 148.2068276804464 136.7958782368528
70.62942853774751 85.81083859095578 90.21078530634927 81.83334571837771 102.75008131550896 4.795922953110789 72.2635797064517 82.4620435743565 85.52263514307043 40.75864849691815 107.41049003210072 126.06661507489862 93.72672386143583 114.31492729150327 134.2655729680542 66.57960476023524 91.79614284186508 105.74775747573224 91.79473564662801 0.0 4.587089563053922 68.82292177257266 134.2655729680542 86.71785087863395 102.16983820260643 136.59727218732863 111.49668950445812 4.795922953110789 84.79934036515847 126.26943268534697 116.63164595457843 96.07220537099869 101.63742658995942 112.83954335819666 85.21691939317635 122.62126396181078 86.47319989660699 139.71419158446352 95.78655154343487 92.20040416865295 115.60218842154175 142.58857621075512 117.43160367407147 70.62942853774751 66.80259582902998 56.16257852438348 114.14546760622306 91.31196619863778 69.93633468993968 134.67870432751033 121.79395528147447 129.51350807673853 106.94873162148875 116.46279522909113 73.54661816302468 130.72403152928894 135.13261928368686 135.70400058271414 86.862104822049 123.5632390035839 86.39115354371116 64.96754606495679 58.09072758623532 66.00892093796662 4.587089563053922 121.64957179054383 110.8476657938428 111.24616793351872 108.9410377027744 77.48086638382846 76.8551065933739 120.03868332914497 106.80865273956513 106.5521716487725 90.91670621286227 82.02801629365445 77.16021602952415 89.86307276133653 63.77200143031164 144.44810197131864 131.88441639727074 113.45001118645241 90.2628405352468 90.55635618021586 120.73989583004698 109.72633534913825 136.59727218732863 99.75594440911416 132.53141161895618 96.35368280785293 87.16347454132008 92.23580944434252 82.59137984402646 136.59727218732863 145.06721153120856 122.18877424262249 85.52263514307043 68.93735565784137 94.91373030690794 135.70400058271414
95.52992322823246 92.34524784332375 75.58849679400976 136.72821767501546 122.54118913824617 85.19025224745658 100.79608912865176 93.23702646422474 132.14048475497114 72.82021900526512 116.92155211937535 127.8332744757577 98.47264299819007 127.48170100905041 66.89266912889352 89.86307276133653 101.47010676519602 78.84061067417574 78.3665759841287 4.587089563053922 0.0 122.62126396181078 82.59137984402646 120.83431466772132 130.72403152928894 67.75479439593389 113.19778962955368 24.478407427565912 108.42530923495583 113.23872129620861 112.58744960065337 73.25809635696531 100.3915642986753 98.11960432378912 138.76194128718896 106.78026953851928 86.94300622194086 79.82724353971217 66.89266912889352 139.74278199421212 126.63092646686597 88.39658491708813 117.13194435206933 104.5586049236957 114.31492729150327 51.57632954015146 48.064259229051856 87.42034131137646 102.89607125057674 127.26868118734772 80.46599597727345 90.55635618021586 79.09778754688432 150.5211045055437 95.61471918207366 95.54885703317655 140.0643904535454 102.41604397216524 77.85917569539785 122.34889430100246 59.86889023208668 84.0156896449027 51.177687537160075 119.78946949784375 126.96126804588911 62.37304226055251 127.80178397048056 99.01414702877058 86.85200534356774 104.61574567385249 116.46279522909113 83.48508484552887 128.32880420935874 57.627646054186265 82.25722312881871 42.675430466728606 107.29198377220088 130.41512367820567 68.6666030838382 108.48188869375808 124.74858366959957 83.20935982541504 51.09347965753483 85.81083859095578 126.63092646686597 83.87304616293395 50.90336828619196 85.57827605976664 113.79625511767469 104.5931957911857 120.71878168804389 50.90336828619196 128.11060665540052 59.86889023208668 114.31492729150327 88.08125034731633 126.63092646686597 92.65625396349051 89.86307276133653 109.90760419054051
