100
0.0 158.03952320271424 151.2599600039031 167.44011045672877 142.9431979614732 140.69029419800887 174.80694695988626 173.68789582126567 138.8400908344625 166.57621042756972 153.57205582141785 142.09428579445063 157.21336879300722 140.84457743833389 161.5786896343441 140.30246908780887 149.937554196504 156.32184473194744 183.97240187916196 164.88357573299987 173.64729054815442 186.2579557010944 158.1420921954832 169.50230642377753 161.83133252235035 152.2786108067413 168.29066695824346 124.76896382816976 148.19056668117722 156.275948938184 131.67862310512237 159.44183206867376 137.4830507725676 140.69382555363666 152.74657929977488 143.6584389887896 178.8527319698614 136.16338712752759 134.25967193142324 134.91700964445653 151.16438431280315 146.27024504147414 158.31792800421272 139.68761116580856 145.41475176485352 142.85785545624532 188.78092227509572 146.6361642093696 119.3734668128435 141.53154760829557 130.79213121527212 144.13259512032985 128.7206127418893 140.37526387362823 143.15934861620372 130.9367020650867 144.2581445654803 168.44286525043825 138.7159843839318 154.14369965690588 134.66550803261856 153.14047586261356 125.40032631849304 152.84212014598015 168.09353839599507 165.05058538074644 172.58084033912883 129.1351093424356 171.90407247796438 118.61648868340289 138.18095290616068 151.566118251181 152.01369170106216 158.5974402834376 160.25575075762458 146.45237928922978 163.00040843006573 148.8476132721056 147.63169048264865 148.24766081136946 150.14792566498906 166.57621042756972 152.6347920368542 163.11818505528777 154.35305855723647 148.2164942091033 130.91150054065616 153.04311918305956 142.14906570235254 132.76194665821785 166.33893442100563 149.2020252419288 168.44286525043825 172.81360479516735 153.38369211304 136.77521456105993 160.97334044437156 180.05909210409283 159.19824370204987 137.4830507725676
158.03952320271424 0.0 164.07805818255443 145.91057500610745 163.00040843006573 155.6197152613535 168.5472494189299 163.76264717901708 144.87688509314145 130.79213121527212 158.10394237912251 148.82448798460695 162.2531611487018 167.7776702575688 147.49731315941057 166.734994321416 166.57621042756972 176.39790596215443 151.89591019296302 148.48494310356787 138.89870270197102 152.01283221233206 168.58519305926353 146.83366290465457 165.08776489661665 182.73940762616908 143.8339122119322 152.93520388073594 157.34395418693896 155.6253808810237 171.99599893467584 162.03799592274345 150.34991369889508 151.03176093054287 132.86731008356074 137.44744951911153 144.378723771849 128.18124102267325 167.50216088972587 158.8905280402872 137.24810364197833 133.77132269867553 169.57723826661137 154.70158159186457 159.7881220249059 135.14163026809018 159.19824370204987 136.02075631945132 150.19355140586805 161.61744708341126 165.83600541702538 128.2424704435532 166.57621042756972 135.67955929021306 178.62430520252124 169.5948216601565 174.4933055085079 179.81681495030085 158.99015721155504 135.7730523282688 132.2685081616058 137.84252905561374 166.7608632659193 128.57487838532148 160.69181801433518 151.85304644970338 159.56615626604753 162.69725134653973 113.11523433527327 149.85179807557384 171.6220931018342 142.5955344365167 141.45525100227863 183.76465538354483 128.7206127418893 170.59852199924023 145.12319678316672 130.28194174449462 167.35675380085402 145.6040581915603 138.46144944572012 140.82586667106787 148.22300005290134 150.1426077498645 148.29803780295475 141.61008284919623 148.86936470613145 137.80905821457753 167.11767925438022 145.03340320865232 170.33216043527779 157.58270081339847 142.93276849143984 162.60216896587497 150.9828082074566 172.0081635033397 128.06883520626636 131.00965003445447 143.85417154666789 151.4008442876635
151.2599600039031 164.07805818255443 0.0 156.83060540545523 157.27511114331048 146.29664130547786 119.68843207432738 159.0402534644699 142.14906570235254 166.17977154514162 144.91656418478632 146.09278366788607 156.76052649205045 165.0138106325816 137.47154066817546 140.27837397654946 159.45587305264488 151.89591019296302 165.75912310854812 165.83600541702538 156.67158207214553 140.27798850799508 152.6204251612644 187.54933117974764 151.8050947390197 148.96074287100484 138.65549426237976 134.6811521908213 141.89427648837017 140.30246908780887 141.64055584190064 150.35980362332688 164.24784378979714 177.97351192725245 135.56307352464034 136.70112293796143 161.49065886305445 157.87196049755931 138.52964821918707 168.37667082573438 160.5085194706878 174.59200968789412 140.27798850799508 141.61008284919623 152.53120441394486 148.29803780295475 153.60924634942103 149.15489953963328 166.79197958679055 134.91700964445653 178.83722471516083 177.97351192725245 132.313261223095 163.73430956367935 172.19782610509208 125.40032631849304 158.1420921954832 157.33018625722517 136.77521456105993 153.07412630937782 153.26104756330642 154.33971496068187 138.99158178281758 136.48431907364477 136.83069364635298 156.13142417705797 150.28711136839044 127.08480398147795 167.11767925438022 149.30925060609684 145.68267013468588 136.02075631945132 161.7164278340163 140.99115096215954 160.8312993807275 143.53951363165996 145.32120195134 138.5890414604098 133.93740776676864 147.3567568559162 138.4055700341676 142.35817668040852 155.8401148950278 117.2639084640929 196.3048817392673 154.67000180665548 152.76832486684359 165.6345688874992 170.59852199924023 140.28058662623067 153.60924634942103 171.17151576902904 153.94785892664115 157.37845091890568 129.26483635913252 141.08974161703756 150.74680141295667 141.7674647163619 112.71609365871709 165.83600541702538
167.44011045672877 145.91057500610745 156.83060540545523 0.0 160.17120898376854 131.9498041465646 145.1707001948829 173.33127140271446 118.61648868340289 136.278638188215 177.97351192725245 171.31662679164228 131.72643181802573 148.82448798460695 175.149500689707 142.05167201317764 133.91006705843574 174.35980333661817 157.78312146611552 144.09331926396217 157.47737669137257 152.93520388073594 135.36067540051252 142.85785545624532 134.66550803261856 155.72283039577846 137.3369366574066 139.3778226749939 155.88413708205746 155.91186776533155 166.33893442100563 140.1224670630896 138.52964821918707 132.3863625949813 141.89427648837017 157.62202135158918 165.11176576315015 118.5512070191688 158.72039428282986 161.8358814405634 124.3329061280186 139.54839929245546 137.35947708764786 137.44744951911153 162.7766475380347 172.0081635033397 134.91700964445653 152.67958058019954 151.7362727791514 147.08478754061363 157.27511114331048 140.84457743833389 146.24662295107083 151.6337857814143 134.1562301023507 177.3047906987344 150.69141575367493 142.14906570235254 185.46519820380428 135.4150941822321 125.5959820727472 146.6361642093696 152.93520388073594 171.90407247796438 153.17991341289334 132.09022090400586 168.33354309630738 151.96790536082017 165.8264296933252 142.8651723687045 154.43996412471213 143.52319990921853 166.79197958679055 143.66479177979596 155.76849627995125 162.58270205109682 155.27980613056926 138.3543349946384 136.80528628801517 141.1422616677022 161.84448809329805 143.1226966399404 125.72067499081271 158.03952320271424 149.72994322806915 138.0008526027588 139.6366073302506 162.1716585116908 169.98110461788002 114.56330482394887 148.3981078985236 174.4933055085079 159.0402534644699 145.8492115105607 160.4103269351377 124.12135951060297 176.51347932306803 150.4732311961941 151.3696968264258 153.20993458938995
142.9431979614732 163.00040843006573 157.27511114331048 160.17120898376854 0.0 159.7881220249059 137.72584333453338 153.3915088957392 141.86474075352322 184.00659600972045 147.31716151478858 132.1923108823142 137.84252905561374 153.26416071842053 131.0925144696914 159.38577179625764 133.1026840860351 142.74873205128551 148.2164942091033 153.84230086695 124.19542219411312 162.7381647088711 162.26764832438937 149.15489953963328 111.52610093055061 148.07781203785208 151.01525481513303 147.3567568559162 171.55242336986677 142.3336888209178 127.92288532666163 167.29419324176317 138.55468754155427 152.01283221233206 155.76849627995125 167.23456071387108 176.67166407584622 130.61119689343528 133.1192068547047 157.99254965263594 146.14691216617405 136.29339185220726 170.0295172381539 150.18439766130592 137.11984912153795 148.54614508938047 161.86750620150514 141.64055584190064 140.24858306478268 167.96806528710908 149.8512192451091 138.9754315813433 141.41194123660483 136.32589032570573 137.29428028553073 147.12642834851897 146.85884303689883 137.47154066817546 149.21180786372187 154.4062145652725 159.11071218233707 151.86686796929396 153.4088664250678 140.27798850799508 155.03749353602345 160.06804586993115 151.49637883740428 132.5350999835659 142.71629447002834 111.24129677439055 167.29419324176317 186.50676984469993 130.78296814162874 145.1650140590668 169.1207328232364 157.5358282870885 138.41147551878686 157.78312146611552 152.37640540268129 123.06504171967059 134.49664165247756 145.8283938436711 165.08776489661665 141.24626153581457 149.6467379219506 130.3788358977904 146.58613279808156 150.74680141295667 157.72513706910465 126.45004514942025 130.55725749441928 125.66024267381287 177.64289103418147 169.6940567218206 146.49467612102484 140.67962790314448 146.8108566858865 162.04604127674537 139.52515040210395 135.56307352464034
140.69029419800887 155.6197152613535 146.29664130547786 131.9498041465646 159.7881220249059 0.0 182.73940762616908 157.9564928647614 152.7336507183134 149.66198908700449 147.69756911300342 128.18124102267325 151.97425216086788 144.91656418478632 144.07320016960213 145.1377900904787 137.95511614952724 148.60541108684083 192.16056264336868 167.86056872706936 183.76465538354483 167.34384713507694 149.85179807557384 140.1377675414939 164.51096138817445 181.67242464003257 115.2964699577116 143.9454435050429 152.28789297926795 157.01139329690136 160.76276469461146 171.90407247796438 136.81390141340532 145.9875956766358 149.66198908700449 139.91106835203425 107.66058770756288 155.72283039577846 162.60216896587497 139.66848514367155 147.39625440955 146.11331713439498 154.01577206773084 148.29803780295475 145.13565900299452 140.531167663173 165.26463127048802 106.07802824382755 135.4023937761552 144.7129216233876 142.93704746627498 150.0719349951982 145.1377900904787 165.73936400719958 147.68284494923824 130.0342075989106 137.97854750990388 153.20993458938995 150.14792566498906 147.24026325069406 147.034277014437 147.66317528065667 143.74710431006406 147.39794167202064 158.03952320271424 172.46365626521623 177.307323838383 168.30290785794034 132.6664769452182 142.09428579445063 155.4407732928139 136.278638188215 142.14906570235254 189.10793637408165 163.31055774518956 158.71363997095432 169.0334436384473 163.31055774518956 128.45159461043406 134.70342135131233 167.37254190491612 155.6253808810237 141.1422616677022 160.97653884515233 180.08880054781878 138.65549426237976 111.24129677439055 165.66534324196164 137.264186753441 146.20970723334187 166.17977154514162 158.46707263140007 176.4040523664154 141.37465439859034 114.56330482394887 118.99044766344844 147.25773923284726 164.7891340944164 147.94272455624403 160.4103269351377
174.80694695988626 168.5472494189299 119.68843207432738 145.1707001948829 137.72584333453338 182.73940762616908 0.0 130.78440017288133 137.80905821457753 162.24467312317566 118.5512070191688 181.6679886865619 142.74873205128551 137.95511614952724 137.72584333453338 140.8567083025444 189.10793637408165 151.01525481513303 143.0623707996496 188.2831140146632 163.73613787357624 137.47154066817546 120.96272753957044 142.99161848798082 130.26555440628246 167.50216088972587 150.1426077498645 168.25753078026622 136.278638188215 145.78451493985818 177.24479881565082 145.37268544868792 144.97917027310044 157.79801950885064 152.15932887444737 142.95980848113297 143.45159349000372 117.78413610213514 115.4406357453048 130.0543685695713 114.36118373508054 162.98345826715325 138.52446394591797 133.07217044087838 136.81390141340532 146.0742898822707 143.13069468468393 138.27082718436512 125.52677579851147 146.8603752408679 152.37901741954494 164.41065683441175 160.07855783982376 154.68664970677784 157.86988840489445 139.7003665492883 149.3428401029741 143.6933935640871 147.86307389004813 138.41147551878686 154.17386847615217 158.52306205898674 160.57123172961272 156.68987080691662 117.78413610213514 153.13302357799859 178.62430520252124 180.08880054781878 128.74181800751498 160.83830814463664 165.1609506577333 165.26463127048802 177.8199492101162 177.3047906987344 141.53154760829557 148.82448798460695 153.38369211304 140.82586667106787 171.17151576902904 176.54038973019993 166.5293172656186 154.56693041617902 164.1272682307339 169.1043701532169 154.03075800319004 155.27980613056926 156.3914976428614 134.6811521908213 157.21336879300722 147.86307389004813 142.35817668040852 147.5024293046579 161.3656303520582 163.5116297381129 157.79801950885064 124.3329061280186 137.2201907754182 153.93315574924787 142.30188001359542 164.4004845259514
173.68789582126567 163.76264717901708 159.0402534644699 173.33127140271446 153.3915088957392 157.9564928647614 130.78440017288133 0.0 131.72643181802573 148.86356360714413 160.5085194706878 134.8544029969077 170.8550792350198 133.1192068547047 174.59200968789412 114.36118373508054 157.58270081339847 120.92700837506459 165.08776489661665 174.4933055085079 138.18095290616068 155.72819903531288 149.24671549991987 148.24766081136946 145.59273206892675 164.96446500539017 170.50424913299778 152.02924842040966 156.68987080691662 140.27798850799508 137.74868932533735 146.21987330078494 156.50726077653906 145.03651774782253 167.78536302809303 132.86269361994954 143.15934861620372 122.31368540770276 165.0138106325816 145.49042464971274 138.3543349946384 130.28194174449462 126.45004514942025 153.35493770203405 166.33893442100563 143.45159349000372 144.64836128517612 153.14047586261356 155.91186776533155 155.4407732928139 158.4820573755473 152.6347920368542 171.6220931018342 169.6940567218206 136.9925576645083 168.90157579999513 162.64539122549087 142.24496477514472 158.10394237912251 134.3972271517848 138.46144944572012 131.70703765530465 154.84127872854322 128.45159461043406 145.8283938436711 168.38752132817214 145.89815068366022 170.15981339650432 157.1946964004028 127.92288532666163 139.52515040210395 146.88781541582273 138.99158178281758 161.49065886305445 148.49690806262606 168.09845633622547 151.4200836968911 147.33570895911964 159.11071218233707 161.3656303520582 173.68789582126567 151.2179577219945 132.56451893090053 146.14691216617405 138.52964821918707 146.49467612102484 146.8108566858865 128.2424704435532 161.5678227435439 128.21074184950027 130.78296814162874 148.052849639966 175.1456916931482 151.7016522997889 142.05167201317764 173.04506777051716 146.10578181319204 157.99254965263594 161.6689171770182 160.85398813367016
138.8400908344625 144.87688509314145 142.14906570235254 118.61648868340289 141.86474075352322 152.7336507183134 137.80905821457753 131.72643181802573 0.0 148.4451651192516 144.92741113675058 153.94785892664115 150.36371961267653 136.48431907364477 143.79902844550386 145.4769958395836 152.01369170106216 153.1277126547061 138.65549426237976 135.4023937761552 129.39010596845577 155.62348194528687 160.97653884515233 148.50341141008556 151.89591019296302 158.71363997095432 168.38752132817214 170.08257313800507 165.71643115090572 165.26463127048802 143.85417154666789 173.58431703686577 157.47737669137257 161.31514980485434 138.9754315813433 160.17120898376854 162.78244567777884 173.92598237960502 142.76156664314183 141.08974161703756 151.2599600039031 147.79887796787767 140.82586667106787 146.29664130547786 158.4671799131364 135.0228036817625 152.36415450379926 156.76052649205045 137.30566316005894 156.21255016962706 143.9535041730701 149.2702576979037 136.9925576645083 140.37526387362823 143.83166318545898 165.0138106325816 137.97854750990388 143.83166318545898 153.64849586667933 147.3567568559162 151.81948716994418 127.82947752337833 147.12642834851897 147.87353722615975 139.1795599631933 147.49423817638328 180.05909210409283 131.70703765530465 139.68761116580856 140.24858306478268 151.72651445477774 144.3045587438255 196.3048817392673 146.11331713439498 154.11890044953037 155.76849627995125 124.76896382816976 170.0295172381539 151.3696968264258 132.610147904917 158.99015721155504 167.65926351261956 115.63997314099188 143.42491891182064 138.47645912581257 162.04604127674537 143.82530327582285 163.38943860641254 134.88004524149812 149.44056718362273 153.5763545340254 133.2557876930009 165.5463041235596 156.08477127656977 134.99398058182663 170.61611183490393 138.15087101297587 154.17386847615217 136.90211276544642 168.18831989894753
166.57621042756972 130.79213121527212 166.17977154514162 136.278638188215 184.00659600972045 149.66198908700449 162.24467312317566 148.86356360714413 148.4451651192516 0.0 152.51827932273363 131.5688748395734 160.69181801433518 141.84619223845758 147.86307389004813 143.83166318545898 161.78229094602267 114.42952933460616 149.72994322806915 131.7864806710338 146.11331713439498 136.08934821847515 163.8286708557062 191.97035314615772 177.65118666705058 144.07320016960213 141.75221667478056 140.93903257456893 129.69055430170346 168.06780547643257 159.06522841634305 161.2582095280097 148.29803780295475 150.1426077498645 164.2498899664963 165.4829873869189 119.23010866997556 132.60887529535017 138.86952264355975 157.2343119598844 175.1456916931482 150.1090961608952 157.5358282870885 142.93704746627498 149.62049190605148 163.5116297381129 135.24371733090183 150.35980362332688 141.59384063432182 153.35493770203405 158.03952320271424 152.55982272268542 162.34602343065248 151.22367667731768 161.84448809329805 158.46707263140007 143.42491891182064 137.6145074479165 146.8956814701176 134.27349420572446 135.0228036817625 149.85179807557384 144.15459326185993 141.1422616677022 149.72994322806915 152.16861356530325 169.64346291989412 138.38796339215708 153.84230086695 139.850011663057 161.57856934056065 159.1943824165928 163.67935575787416 147.56532255873518 151.20578766390992 174.58852568513666 143.42491891182064 140.84457743833389 185.86557840220797 136.93645316075842 145.37268544868792 143.1226966399404 183.2745782709946 157.44366584485144 165.00121744624414 147.40714355854809 132.313261223095 143.66479177979596 158.4671799131364 151.04724126334014 159.59970480998103 142.16987002603588 129.76350966605452 146.85884303689883 170.0295172381539 129.52643324254723 144.97917027310044 151.04724126334014 140.47363396478985 157.72513706910465
153.57205582141785 158.10394237912251 144.91656418478632 177.97351192725245 147.31716151478858 147.69756911300342 118.5512070191688 160.5085194706878 144.92741113675058 152.51827932273363 0.0 138.3543349946384 117.78413610213514 152.16861356530325 154.81243930344712 146.9556619901964 168.22823861380166 149.4490867812091 117.50248516007966 157.37845091890568 170.29100732458963 154.50943040379525 150.68105238566827 143.9535041730701 144.2316179496044 152.93520388073594 135.36067540051252 132.49348116488036 129.76350966605452 163.8286708557062 163.59282149777795 176.4711230025846 149.6467379219506 174.40652018606724 154.81243930344712 144.97917027310044 114.56330482394887 171.40906148614297 175.149500689707 148.37106697572446 143.13069468468393 138.89870270197102 172.40993188992124 129.64217574388 168.09845633622547 154.88844535781092 142.62399239114322 154.22539948950737 141.1422616677022 145.91057500610745 147.25773923284726 133.4536573197811 138.4055700341676 151.49637883740428 157.5205239697149 147.4238946824549 159.19458774580622 155.19083736548384 152.15932887444737 144.79777054423326 171.6220931018342 150.5337282707268 162.1716585116908 155.94576385290733 120.97742478744475 139.93334545279785 128.54324507718232 148.39641967587218 145.68267013468588 137.97854750990388 155.19083736548384 172.81360479516735 140.84457743833389 158.46257709476137 158.31792800421272 141.64055584190064 137.4830507725676 145.03340320865232 147.15084824481167 118.21268451819864 147.5042423223342 144.15459326185993 157.37845091890568 137.80905821457753 130.78296814162874 162.29580322186632 154.93467301537757 164.6641590402677 151.24063669053345 161.83133252235035 160.96344148234564 165.68780148089965 146.61319311610936 165.0487033924537 171.98921133580572 165.63377169653282 174.64885798255506 140.99115096215954 167.96806528710908 137.38215955690964
142.09428579445063 148.82448798460695 146.09278366788607 171.31662679164228 132.1923108823142 128.18124102267325 181.6679886865619 134.8544029969077 153.94785892664115 131.5688748395734 138.3543349946384 0.0 138.98882504872196 157.35689864399143 141.83076008705189 144.71625295048307 134.61190177557282 151.4200836968911 154.53805169984778 164.6641590402677 147.15084824481167 168.7967216363299 154.53805169984778 141.94472549443196 153.36434376702712 146.22491188182292 157.79801950885064 132.76194665821785 152.5316823078677 154.01577206773084 132.7808983679242 147.4238946824549 155.0888150084917 159.46849530259604 153.26416071842053 160.10540714513672 130.3788358977904 135.32921276219625 149.48808744755044 148.24766081136946 196.3048817392673 156.47694709848986 142.5955344365167 153.5763545340254 147.3363020838662 118.21268451819864 168.33354309630738 155.8086122656856 152.6204251612644 170.8550792350198 142.07992992180775 167.86056872706936 150.74680141295667 155.6704062296223 115.2964699577116 144.89273802592888 140.69905819487334 176.54038973019993 156.29280265133747 155.9916437941563 170.08257313800507 145.75909973487646 157.21336879300722 174.59200968789412 160.57123172961272 147.63511563804101 149.0238067247833 152.02924842040966 144.92969147186915 120.92999310686866 139.66848514367155 133.77132269867553 154.93467301537757 139.4066922773074 148.8476132721056 140.75283944138124 147.24026325069406 164.2498899664963 168.4017151677739 159.44656209960672 145.16795855947836 168.44286525043825 186.50676984469993 155.94933767662718 137.80905821457753 167.5956893077026 165.32022618904745 162.58270205109682 137.71204168095534 133.87920058911732 131.42348388620454 157.99254965263594 147.63169048264865 187.04474811577072 152.84212014598015 124.23575961135197 138.8400908344625 118.44171606316124 162.15348425163324 140.7081374387296
157.21336879300722 162.2531611487018 156.76052649205045 131.72643181802573 137.84252905561374 151.97425216086788 142.74873205128551 170.8550792350198 150.36371961267653 160.69181801433518 117.78413610213514 138.98882504872196 0.0 133.8107641730573 157.08935586979743 187.04474811577072 180.05909210409283 144.7129216233876 127.23345288560975 118.5512070191688 130.61119689343528 157.44366584485144 131.59963874902132 162.2531611487018 130.76468745139704 139.6366073302506 172.81360479516735 147.5042423223342 169.08656148331005 149.85637021386347 142.06190913853646 130.3788358977904 154.4062145652725 162.15348425163324 183.97240187916196 149.19948066799606 167.78536302809303 136.86870884582288 150.61162772304476 170.08257313800507 119.67054211218442 144.40038555635084 164.96649282089652 169.6940567218206 141.15377249647676 134.73173258160438 135.73766421272498 168.05870629563304 130.79213121527212 138.4090663074453 154.68664970677784 130.3788358977904 165.74785346665763 106.07802824382755 149.0238067247833 143.54346719639258 137.2201907754182 165.28105803960668 147.94272455624403 147.10129121108952 157.4406843936249 141.25745156454843 148.96074287100484 144.3045587438255 127.74475517248459 147.3178644293789 145.91057500610745 132.76194665821785 155.1681078955968 143.79902844550386 140.69029419800887 150.5337282707268 161.5786896343441 156.89431960870445 144.89273802592888 127.64996922847935 151.81948716994418 153.37727259129812 138.0008526027588 137.66139322437243 156.51700295034547 157.4406843936249 154.35305855723647 114.36118373508054 127.08480398147795 131.31819321886533 144.5950891353601 140.1224670630896 143.60466103682379 137.47154066817546 137.71204168095534 148.82448798460695 140.6201043520011 135.41674767258908 156.51700295034547 163.09616316560974 177.42996579936144 164.72622972506568 156.92081092991563 165.0138106325816
140.84457743833389 167.7776702575688 165.0138106325816 148.82448798460695 153.26416071842053 144.91656418478632 137.95511614952724 133.1192068547047 136.48431907364477 141.84619223845758 152.16861356530325 157.35689864399143 133.8107641730573 0.0 140.99115096215954 154.22539948950737 142.79539496018072 140.1377675414939 170.0295172381539 106.07802824382755 163.38943860641254 132.63927196957457 148.3981078985236 154.88844535781092 145.03340320865232 143.87317687646785 146.14691216617405 151.2179577219945 139.4066922773074 155.39892281076752 144.74098971340916 183.04904875165337 153.16969578002323 154.11890044953037 162.60216896587497 188.2572163546177 139.6366073302506 158.52306205898674 153.89404906307058 136.878784376709 168.30290785794034 136.8911464987689 169.98110461788002 150.0719349951982 153.46878737736233 143.17443688343297 139.66848514367155 150.32990807619694 124.3329061280186 133.07217044087838 137.49816717916573 165.05058538074644 119.68843207432738 148.96074287100484 161.84615642308566 136.60422623163464 134.6811521908213 169.64346291989412 150.36106183974442 138.98882504872196 157.86988840489445 159.56615626604753 169.88615365742044 131.14736208751316 107.66058770756288 142.90873658048443 155.8086122656856 137.6145074479165 163.28836983458172 157.59853931196858 137.49816717916573 135.55392524032328 164.88357573299987 118.21268451819864 147.15084824481167 140.2987726041167 165.05058538074644 153.60924634942103 158.17546299389667 145.49042464971274 161.31514980485434 143.12682124300753 147.33570895911964 153.26416071842053 131.1321474118965 142.57764055596266 170.4265836850207 132.313261223095 139.2291022797068 144.74058155520365 129.8564662737901 145.13565900299452 164.96649282089652 158.38945985215605 138.41147551878686 137.6145074479165 147.49731315941057 154.742801436528 150.69141575367493 149.6568181469024
161.5786896343441 147.49731315941057 137.47154066817546 175.149500689707 131.0925144696914 144.07320016960213 137.72584333453338 174.59200968789412 143.79902844550386 147.86307389004813 154.81243930344712 141.83076008705189 157.08935586979743 140.99115096215954 0.0 172.85709095756977 171.92884966550085 137.24810364197833 152.7336507183134 147.67502881954232 156.53330624125596 158.46257709476137 147.87353722615975 161.8586773752567 173.71504320919829 161.31514980485434 135.41674767258908 167.63344861567816 144.42263883254142 165.22590769519684 157.5205239697149 145.75909973487646 178.7073449115812 129.5426586609972 114.42952933460616 157.99254965263594 137.74868932533735 157.86988840489445 186.7220998930412 153.67891160303594 157.41056968921822 114.77486069358667 117.2639084640929 137.3369366574066 139.7003665492883 151.16438431280315 144.97917027310044 146.9556619901964 159.59970480998103 117.2639084640929 123.06504171967059 142.14906570235254 140.30246908780887 146.6548143885759 118.5512070191688 142.05608316760168 138.62882099788953 169.42010512736098 129.76350966605452 143.16498473835327 148.21539398199693 163.5377917932853 124.19542219411312 145.13565900299452 144.8638934018668 153.09979796773356 165.73936400719958 140.92836047586636 153.36434376702712 151.01525481513303 165.5607583663004 149.24671549991987 136.08934821847515 164.07805818255443 121.256742510343 143.24872423858878 173.58431703686577 188.2572163546177 151.3650130507331 157.62202135158918 143.83166318545898 119.68843207432738 145.73436483429194 148.0483146638995 168.30465909556762 145.0872226976552 160.97653884515233 149.85179807557384 141.69605011285105 125.52677579851147 153.70216200285296 144.80796637106067 147.79887796787767 143.7929747167205 144.71625295048307 142.07992992180775 172.40993188992124 150.5337282707268 133.1026840860351 134.26643065879708
140.30246908780887 166.734994321416 140.27837397654946 142.05167201317764 159.38577179625764 145.1377900904787 140.8567083025444 114.36118373508054 145.4769958395836 143.83166318545898 146.9556619901964 144.71625295048307 187.04474811577072 154.22539948950737 172.85709095756977 0.0 156.92081092991563 130.25849490290847 144.87857389455905 168.30290785794034 146.09278366788607 154.742801436528 120.92999310686866 131.30753837225095 154.62909324636837 156.275948938184 126.15437811956792 177.3047906987344 160.64281818294506 137.38215955690964 157.41056968921822 144.08992726017755 160.25575075762458 183.2745782709946 165.18257093195263 147.77082593897669 158.38945985215605 146.66044445207908 183.04904875165337 191.97035314615772 134.49664165247756 129.1351093424356 153.26104756330642 148.96074287100484 140.1224670630896 149.66198908700449 132.5350999835659 120.6309152731866 135.97337451528648 138.4090663074453 134.0086013304927 154.17008262801826 165.16175358470718 167.29419324176317 168.09353839599507 130.28194174449462 165.47923246515927 138.31024737545388 158.4820573755473 129.39010596845577 138.89870270197102 152.2686634861687 145.8847939997323 156.79604304058432 167.23456071387108 150.9828082074566 119.68843207432738 158.46257709476137 137.6145074479165 156.6936024102526 150.29623971482508 136.4816476327585 160.69181801433518 151.566118251181 160.8312993807275 157.34395418693896 183.04904875165337 114.99909726032666 164.07805818255443 161.3656303520582 132.610147904917 149.92975071605446 144.07320016960213 137.95511614952724 152.01369170106216 116.5132207229032 153.18922419018867 151.69162741094422 152.51827932273363 165.13811727298153 137.72584333453338 134.305144812679 151.85304644970338 159.1003864882417 142.90873658048443 168.05870629563304 161.64010396565118 143.52319990921853 140.84457743833389 161.7164278340163
149.937554196504 166.57621042756972 159.45587305264488 133.91006705843574 133.1026840860351 137.95511614952724 189.10793637408165 157.58270081339847 152.01369170106216 161.78229094602267 168.22823861380166 134.61190177557282 180.05909210409283 142.79539496018072 171.92884966550085 156.92081092991563 0.0 164.2498899664963 132.3336975034979 151.17772212357167 139.81350031672773 143.0623707996496 149.66198908700449 166.07550097658188 149.64965813710958 173.58431703686577 128.2424704435532 161.7164278340163 141.67807886117967 148.86936470613145 171.11597170636034 116.02505872377357 138.96990635898882 160.97653884515233 157.80697461097856 114.77486069358667 148.7472443377955 150.59016070156162 147.034277014437 164.41065683441175 194.17603425593524 173.8969603623339 173.64729054815442 152.7579480448282 147.77082593897669 145.4769958395836 168.37667082573438 181.09812046374583 164.71022429879034 167.7776702575688 130.06266944072044 142.79539496018072 141.86474075352322 162.15348425163324 133.7321393793539 153.20993458938995 124.7577180111054 141.24626153581457 127.00305178651801 142.85785545624532 152.55982272268542 139.8379101734263 132.56451893090053 169.08656148331005 129.87493250369593 162.8427458355831 146.66044445207908 157.21336879300722 152.7336507183134 160.17120898376854 131.7864806710338 165.11176576315015 161.13102603808312 139.64103363631395 170.26829799683924 175.75946161291722 148.54614508938047 156.8832886541308 151.2599600039031 154.03075800319004 134.1562301023507 159.1003864882417 126.47558590516807 175.36905484498212 161.5678227435439 173.8503803083145 160.30568352526865 157.4406843936249 130.3788358977904 135.76872770143945 165.0487033924537 128.21074184950027 164.51096138817445 145.16795855947836 169.64346291989412 139.8327515043756 119.23010866997556 136.90211276544642 149.12498909396547 168.88985571923288
156.32184473194744 176.39790596215443 151.89591019296302 174.35980333661817 142.74873205128551 148.60541108684083 151.01525481513303 120.92700837506459 153.1277126547061 114.42952933460616 149.4490867812091 151.4200836968911 144.7129216233876 140.1377675414939 137.24810364197833 130.25849490290847 164.2498899664963 0.0 152.6204251612644 170.0295172381539 165.63377169653282 162.26764832438937 142.07992992180775 141.56243872648193 147.6266407782674 114.77486069358667 165.19435276648048 171.31662679164228 173.33127140271446 147.52854250656952 163.0866637498733 161.49065886305445 165.19435276648048 128.21074184950027 148.49690806262606 130.39644830754565 178.7073449115812 119.23010866997556 143.60466103682379 143.74710431006406 138.3543349946384 161.8013205627235 135.76872770143945 150.32990807619694 168.31782504450143 152.76832486684359 181.3409451084717 152.16258383123989 150.66047245754862 170.61611183490393 120.0132994628544 160.30568352526865 160.57123172961272 145.59419285807766 141.75221667478056 148.54614508938047 163.76264717901708 153.5488316726525 155.62348194528687 133.7756430791793 135.14163026809018 155.39892281076752 182.07719208472668 160.54674813491633 137.12612332456536 137.1633151045076 158.83949985339706 142.09310318949494 164.99306893139223 139.3778226749939 120.24886541122505 161.32981953999743 150.36371961267653 174.35980333661817 170.08848386816618 152.63787202616422 159.59970480998103 143.53951363165996 138.16898140678654 150.48171067700252 163.31055774518956 147.5042423223342 126.91481167013887 162.2531611487018 134.0553776261559 137.7919843785101 152.51827932273363 128.7206127418893 136.6734313590694 172.46365626521623 145.1089746646719 136.7890742248345 145.2419282533041 170.50424913299778 143.13069468468393 146.83189200578994 165.1609506577333 165.1660750831851 147.10129121108952 138.16898140678654
183.97240187916196 151.89591019296302 165.75912310854812 157.78312146611552 148.2164942091033 192.16056264336868 143.0623707996496 165.08776489661665 138.65549426237976 149.72994322806915 117.50248516007966 154.53805169984778 127.23345288560975 170.0295172381539 152.7336507183134 144.87857389455905 132.3336975034979 152.6204251612644 0.0 131.8938009916784 142.37651088709262 148.48769553881326 144.7226603406386 153.89404906307058 126.15437811956792 161.5678227435439 167.86056872706936 139.68761116580856 169.0563645600579 154.17386847615217 159.01113060897447 122.5007455364708 173.71504320919829 135.32921276219625 164.72622972506568 148.6842815484334 149.937554196504 142.62399239114322 172.40993188992124 143.89870374734878 115.63997314099188 145.0872226976552 140.531167663173 161.32981953999743 140.59786060010197 145.68501827531318 151.2599600039031 147.7728854035874 116.5132207229032 176.51347932306803 151.85304644970338 162.10940450515216 168.25753078026622 157.33351320275762 137.24810364197833 146.0093683147674 114.36118373508054 157.15131699709175 147.33570895911964 146.63536080804147 151.4008442876635 150.39524280959162 153.93746185715815 173.33127140271446 136.67363108740258 159.39633280987124 141.41194123660483 146.49467612102484 151.85304644970338 158.51403094742352 157.21336879300722 116.18489695377762 174.40652018606724 171.11597170636034 127.82947752337833 142.74873205128551 142.05608316760168 135.47890003602066 136.60422623163464 143.6584389887896 139.7003665492883 139.850011663057 147.49731315941057 142.09428579445063 148.7010862909713 143.34421074410412 191.97035314615772 123.55982990538494 173.71504320919829 154.17386847615217 133.93740776676864 147.69756911300342 150.61162772304476 128.66819069545562 169.88615365742044 162.04604127674537 140.56286416340075 131.5688748395734 144.74098971340916 161.84083532995737
164.88357573299987 148.48494310356787 165.83600541702538 144.09331926396217 153.84230086695 167.86056872706936 188.2831140146632 174.4933055085079 135.4023937761552 131.7864806710338 157.37845091890568 164.6641590402677 118.5512070191688 106.07802824382755 147.67502881954232 168.30290785794034 151.17772212357167 170.0295172381539 131.8938009916784 0.0 146.11331713439498 162.60216896587497 157.49233041855913 154.43996412471213 157.79186206254127 146.45237928922978 132.09022090400586 148.19056668117722 163.74138949074697 158.46707263140007 155.94933767662718 187.04474811577072 166.85906469923052 148.49690806262606 162.85939081603107 142.93276849143984 162.03799592274345 142.37651088709262 146.5394778322195 133.87920058911732 148.7472443377955 151.7362727791514 152.0571773244349 138.7159843839318 159.1943824165928 145.8283938436711 146.09278366788607 161.3433797787398 165.28105803960668 151.2179577219945 150.94565502013145 165.19435276648048 165.08776489661665 170.29100732458963 153.89404906307058 163.07789120337148 177.47805938398716 150.9069308732772 156.80652557645806 144.14838145494 146.41692601838824 127.6531879024428 132.5266783460899 168.18831989894753 146.27024504147414 150.81091695558968 168.90157579999513 185.81958490276097 156.53330624125596 163.57820684417058 140.84457743833389 154.53805169984778 167.29419324176317 146.58613279808156 143.74710431006406 152.7336507183134 172.12115535875628 154.70158159186457 161.84448809329805 165.1609506577333 117.50248516007966 167.0377530386389 118.21268451819864 151.38499166440928 137.66139322437243 168.06780547643257 173.71504320919829 131.31819321886533 152.09337645107092 142.9431979614732 163.11818505528777 145.12319678316672 161.8358814405634 135.2773872450147 142.30188001359542 143.15934861620372 129.76350966605452 184.29701837974957 173.60960199591366 154.47786020968366
173.64729054815442 138.89870270197102 156.67158207214553 157.47737669137257 124.19542219411312 183.76465538354483 163.73613787357624 138.18095290616068 129.39010596845577 146.11331713439498 170.29100732458963 147.15084824481167 130.61119689343528 163.38943860641254 156.53330624125596 146.09278366788607 139.81350031672773 165.63377169653282 142.37651088709262 146.11331713439498 0.0 148.86936470613145 140.93903257456893 146.10578181319204 159.1943824165928 169.1043701532169 148.6842815484334 146.78280486640085 146.9015306085311 165.83600541702538 132.610147904917 156.90047227840353 165.13811727298153 152.01369170106216 119.68843207432738 177.307323838383 155.1681078955968 162.76314315808924 139.54839929245546 143.84206692524958 169.5948216601565 158.51403094742352 145.32120195134 128.2424704435532 134.32893214605295 146.78280486640085 162.64539122549087 163.56270694464445 135.14163026809018 151.96790536082017 141.29314516311686 130.4304070156179 167.98012348518546 148.5898447603257 170.26829799683924 149.62049190605148 137.264186753441 157.27511114331048 148.7472443377955 161.61744708341126 161.8358814405634 142.76156664314183 143.42491891182064 117.78413610213514 166.57621042756972 158.10394237912251 177.24479881565082 116.18489695377762 150.59016070156162 137.71204168095534 163.82475267302004 141.60834981868976 169.0563645600579 152.06332081383667 145.57284268399758 149.2020252419288 170.61611183490393 138.52446394591797 141.42371623261934 150.83687953786185 158.1420077182954 162.85939081603107 130.28194174449462 155.70414506289166 148.43581014444797 168.22823861380166 158.13022760519993 150.3791728145396 130.7993989313546 158.31792800421272 154.1360263628021 145.93506923236708 161.3433797787398 162.59705534099936 137.84252905561374 144.87688509314145 142.80956588605622 155.92378936420573 156.80652557645806 146.49467612102484
