100
0.0 94.7513975153689 102.37486180986423 111.23704589860402 94.45069901578174 96.6525772574082 106.08817367312639 100.06840713484408 97.57963150134512 96.96451179501754 104.49966853115005 110.72100531922868 94.35346474960758 109.36010842204662 93.00242438311939 104.34725613389507 93.89702885829038 107.07679926886597 102.77754597829345 93.20833637580354 93.852473824009 93.59796668998375 97.6909023948158 94.69150246218847 97.69949046716366 106.40440555472127 101.10497326750283 95.44191169082403 92.59251365469727 96.21577959369209 94.67945317316516 94.84711320728111 95.99637223906065 92.62541383940241 106.42767899412719 92.0008053085447 94.45069901578174 100.19859523706664 101.85974489511014 97.75301690619237 90.21921125513656 101.41816841702614 93.89702885829038 85.37662070814194 90.42032100306496 98.99457554589496 100.19859523706664 100.794638286481 92.59251365469727 111.23704589860402 86.87045826595941 99.55773382960545 92.59251365469727 108.18697976359114 105.69664934955753 96.83071876419429 100.19859523706664 89.42662417584076 107.48085943958512 94.54899504442884 110.88234003581213 99.21965643818214 98.55957727483266 101.08934281869412 98.13685447435566 103.61213845930405 97.64406284474484 103.39540893139036 99.57267201971668 99.89982074007193 99.70771217039025 108.49205991790043 104.53436556327911 104.34725613389507 98.55362500907523 94.7513975153689 102.235311987497 101.36043261126744 97.36252506301865 100.36292377309178 106.05849816786706 103.67136932488262 107.2004263400782 93.59796668998375 97.64406284474484 102.26286133917803 98.433766685089 106.81064793525475 94.67945317316516 102.4450446162979 91.48357052663856 97.08720422853334 100.03134782642061 103.53432702957389 103.74011520283702 97.08720422853334 90.03548075716405 98.13685447435566 100.24446653896662 96.40623278460852
94.7513975153689 0.0 96.96451179501754 90.6982783613924 91.63645601021759 97.16326717962875 94.7513975153689 97.16992402019697 100.91175868334003 94.86057769868103 93.67028952198491 102.77754597829345 102.72993516469694 102.61848849396164 96.21252819693274 104.1313958576815 104.49966853115005 101.75594339356367 99.56072783097471 90.6982783613924 110.96500458140206 105.17840685671904 96.35171113637425 94.74709682487924 98.42437566212519 106.21166626024947 101.08934281869412 100.01630202006794 99.10683809274475 100.91175868334003 104.83799812223182 98.44465658992462 101.75594339356367 106.76678029293046 98.42437566212519 103.11820719744101 106.3816964128288 101.96681069906673 106.43369880251373 105.04252700238274 99.95216683717666 96.71950731060404 115.3728501925095 104.7943324654763 104.39439295316426 107.65345760317628 97.08790301950857 95.55503838705339 97.2060366990185 97.2060366990185 90.42032100306496 89.42662417584076 107.07462859990751 101.10497326750283 99.51960060088176 101.87151239263818 101.753950008528 113.48042923166851 111.68095701013159 90.42032100306496 104.49966853115005 94.45069901578174 90.21921125513656 97.75301690619237 97.31279277226888 110.26191230195175 93.22856782451771 109.47331583665374 94.14718648777696 97.67854712176252 104.1313958576815 104.51623090836742 107.2004263400782 94.12169309123985 96.35171113637425 99.02426436268324 91.82700908764319 102.37486180986423 99.21965643818214 95.99637223906065 100.09896065167982 104.83799812223182 99.97369219010861 98.99457554589496 108.10347722143497 101.57581350870754 102.26286133917803 104.89097672752303 98.99457554589496 92.59251365469727 102.77754597829345 106.60915758239646 103.1150459299604 94.74709682487924 111.23704589860402 86.87045826595941 111.23704589860402 108.18697976359114 99.28686477149688 96.35171113637425
102.37486180986423 96.96451179501754 0.0 106.05849816786706 92.62541383940241 105.78554938351304 101.7408702831643 88.11852292422633 99.90706742327778 90.59648470562357 99.33057912016885 102.07043225112572 97.36252506301865 102.11823086156653 96.96451179501754 93.00242438311939 102.38993282083929 102.57909734232895 97.59343774416783 91.48357052663856 85.37662070814194 90.2551194562591 106.05849816786706 94.36780563796563 109.36010842204662 96.70645691745796 93.00242438311939 102.77754597829345 96.6525772574082 98.07593992534122 101.52206525923087 113.48042923166851 110.72100531922868 99.36445416986072 98.55362500907523 99.21965643818214 99.76085382339514 96.83071876419429 105.66897322878111 102.18368290013541 94.48723313319718 104.1835208356642 102.97110825522587 97.31279277226888 87.7330231783519 102.77754597829345 111.28424598315483 109.47331583665374 101.36043261126744 103.53432702957389 97.23343474146887 103.67499605093032 99.1297457152457 101.41816841702614 105.36863679280033 91.65324024606767 99.02426436268324 99.97332366940854 102.61848849396164 97.08790301950857 107.07462859990751 101.77936486112193 101.53546311489963 100.09294237873262 104.1835208356642 103.11820719744101 101.13762496138325 86.87045826595941 99.97332366940854 102.46546011386005 100.09294237873262 94.54899504442884 96.40623278460852 94.14718648777696 90.03548075716405 97.23343474146887 102.72148592414905 103.67499605093032 103.61213845930405 92.59251365469727 87.7330231783519 99.85837178089461 95.99637223906065 99.51960060088176 98.07593992534122 99.56072783097471 102.4450446162979 102.33850122890499 96.12113131886534 100.24446653896662 94.48723313319718 105.69664934955753 97.64406284474484 86.87045826595941 107.07462859990751 97.59036633932983 99.02426436268324 110.72100531922868 96.91925365003762 106.43369880251373
111.23704589860402 90.6982783613924 106.05849816786706 0.0 99.57267201971668 108.24639336178282 96.83071876419429 90.6982783613924 99.36445416986072 102.70975614663475 101.41816841702614 105.66897322878111 96.91925365003762 91.55941652105693 104.1313958576815 94.53658376804944 100.98891168340909 100.06840713484408 98.48689077244097 101.21302157211917 92.0008053085447 93.852473824009 105.78554938351304 96.35171113637425 99.97332366940854 107.82124447424656 110.26191230195175 97.67854712176252 98.42437566212519 101.56597195178448 107.65345760317628 101.08934281869412 104.7943324654763 100.24446653896662 99.70771217039025 94.36780563796563 96.25988241655318 94.84711320728111 106.43369880251373 86.87045826595941 111.28424598315483 108.72438477144038 99.21965643818214 106.08817367312639 104.34725613389507 97.68525738132591 96.32085996839471 97.2060366990185 102.57909734232895 100.77188349737705 105.39643563591424 102.5866466194764 97.24613120238956 97.2060366990185 92.12746281742636 102.00231318415221 96.6622369006921 92.0008053085447 94.86057769868103 101.32223935983244 92.62541383940241 100.85452759679173 100.19859523706664 106.76678029293046 92.59251365469727 90.03548075716405 102.72148592414905 97.67854712176252 102.82763353161297 93.89702885829038 94.67945317316516 97.79696373799533 94.84711320728111 101.753950008528 111.23704589860402 96.83071876419429 107.07679926886597 86.87045826595941 101.18577930785189 101.85974489511014 97.24613120238956 102.26286133917803 107.40727627194384 96.70645691745796 97.08720422853334 102.24982253911068 105.39643563591424 97.64406284474484 102.37486180986423 108.79864833580453 96.70645691745796 94.54899504442884 110.26191230195175 101.7408702831643 102.57974865865914 98.55255490152072 99.68906875049623 109.47331583665374 93.67028952198491 93.89702885829038
94.45069901578174 91.63645601021759 92.62541383940241 99.57267201971668 0.0 96.34042178440363 94.67945317316516 105.78554938351304 103.53432702957389 85.37662070814194 101.46677697025453 87.18414608193308 98.87297481840753 108.0627751063359 111.06610873713598 107.48085943958512 101.753950008528 104.89097672752303 97.16326717962875 108.24639336178282 100.794638286481 93.56456430973 104.39439295316426 99.97332366940854 103.93841398802978 106.43369880251373 85.37662070814194 96.6622369006921 102.26286133917803 102.82763353161297 100.01630202006794 105.78554938351304 107.82124447424656 99.70771217039025 90.42032100306496 100.24446653896662 101.57581350870754 104.58258763014585 100.77188349737705 97.16326717962875 99.97332366940854 107.82124447424656 102.5866466194764 95.2714741637666 104.58258763014585 101.56597195178448 97.57963150134512 99.21965643818214 106.60915758239646 106.40440555472127 92.75703260114318 93.00242438311939 99.97332366940854 111.68095701013159 102.70975614663475 95.54027035276037 92.12746281742636 102.00231318415221 100.36292377309178 100.19859523706664 99.56072783097471 107.82124447424656 102.33850122890499 103.1150459299604 98.2162104972817 92.75703260114318 93.00242438311939 105.90269573742523 94.86057769868103 97.24613120238956 100.77188349737705 111.06610873713598 106.43369880251373 101.32223935983244 92.0008053085447 104.9842476595642 96.71950731060404 99.28686477149688 97.59036633932983 95.10488373196563 96.34042178440363 102.46546011386005 98.48689077244097 94.12169309123985 101.77936486112193 101.10497326750283 102.78538395889791 100.36292377309178 107.48128856917344 102.37486180986423 95.55503838705339 95.55503838705339 94.14718648777696 108.49205991790043 91.55941652105693 100.64538951646888 100.33674957566811 102.72993516469694 102.235311987497 100.01630202006794
96.6525772574082 97.16326717962875 105.78554938351304 108.24639336178282 96.34042178440363 0.0 93.89702885829038 100.77188349737705 106.08817367312639 92.39409437504796 90.03548075716405 99.70771217039025 98.44465658992462 110.26191230195175 96.01027077260179 95.4623731773652 100.01630202006794 94.7513975153689 97.31279277226888 104.1313958576815 101.46677697025453 100.09896065167982 102.11823086156653 91.82700908764319 97.59036633932983 97.08720422853334 102.38993282083929 98.4569706572192 88.11852292422633 107.07679926886597 105.66897322878111 99.76085382339514 99.51960060088176 102.8282741179913 96.53931594726107 98.32219664188293 103.67499605093032 90.59648470562357 99.90706742327778 98.55957727483266 106.05849816786706 97.6909023948158 100.64538951646888 101.36043261126744 103.1150459299604 100.06840713484408 95.54027035276037 99.21965643818214 97.68525738132591 98.55255490152072 103.40483961664007 101.96681069906673 104.7943324654763 93.89702885829038 97.79696373799533 107.72052165748615 101.57581350870754 99.89982074007193 107.82124447424656 101.13762496138325 103.61213845930405 93.83000790306046 90.2551194562591 90.42032100306496 111.28424598315483 98.44465658992462 95.17357354413619 101.52206525923087 103.67499605093032 97.41755348327304 99.93969841902822 91.89491177953943 107.48128856917344 99.56072783097471 87.7330231783519 85.37662070814194 99.97332366940854 103.1150459299604 101.32223935983244 92.4601872198902 92.75703260114318 101.32223935983244 104.83799812223182 99.93969841902822 97.2060366990185 108.72438477144038 100.44861947466416 106.81064793525475 101.56597195178448 90.2551194562591 102.5866466194764 101.36043261126744 97.79696373799533 101.753950008528 106.81064793525475 95.2714741637666 102.4450446162979 101.57581350870754 99.75804942808534 104.53436556327911
106.08817367312639 94.7513975153689 101.7408702831643 96.83071876419429 94.67945317316516 93.89702885829038 0.0 106.76678029293046 93.852473824009 110.88234003581213 96.34042178440363 102.78538395889791 103.53432702957389 102.34468643405758 104.58258763014585 103.93841398802978 93.6425055882524 97.36252506301865 91.63645601021759 100.91175868334003 101.46677697025453 104.58258763014585 97.08720422853334 102.24982253911068 108.0627751063359 92.12746281742636 102.11823086156653 101.96681069906673 103.1150459299604 101.75594339356367 101.53546311489963 100.09896065167982 110.96500458140206 100.33674957566811 90.03548075716405 105.69664934955753 107.07462859990751 105.11837851618996 106.76678029293046 107.88074349724693 93.89702885829038 102.37486180986423 105.11837851618996 95.90867506367752 96.21252819693274 111.23704589860402 96.12113131886534 107.48085943958512 92.39409437504796 99.3533439567027 90.59648470562357 111.06610873713598 96.53931594726107 97.59036633932983 103.39540893139036 103.11820719744101 107.07462859990751 97.79696373799533 106.76678029293046 100.76581585852058 100.06840713484408 92.4601872198902 105.90269573742523 101.96681069906673 105.04252700238274 95.76007458955834 102.57974865865914 94.87136835601086 107.07679926886597 97.16992402019697 102.37486180986423 94.45069901578174 110.72100531922868 91.82700908764319 95.99637223906065 98.2162104972817 104.83799812223182 99.02426436268324 97.16326717962875 102.00231318415221 109.36010842204662 101.87151239263818 100.33674957566811 102.77754597829345 100.24446653896662 95.76007458955834 102.78538395889791 96.70645691745796 100.09294237873262 98.42437566212519 92.62541383940241 90.6982783613924 102.57909734232895 96.54209993102748 100.36292377309178 97.2060366990185 99.90706742327778 86.87045826595941 105.18039243006079 101.52206525923087
100.06840713484408 97.16992402019697 88.11852292422633 90.6982783613924 105.78554938351304 100.77188349737705 106.76678029293046 0.0 100.36292377309178 99.97332366940854 98.2162104972817 106.43369880251373 103.84230770470901 89.42662417584076 101.36043261126744 104.39439295316426 97.6909023948158 87.7330231783519 96.6525772574082 98.45090779993073 100.01630202006794 111.28424598315483 103.67499605093032 91.65324024606767 106.08817367312639 104.39439295316426 101.10497326750283 111.68095701013159 93.59796668998375 94.97769659376895 93.59796668998375 100.09896065167982 107.40727627194384 99.99278831223512 94.74709682487924 96.6622369006921 97.6909023948158 99.10683809274475 104.89097672752303 96.40623278460852 99.15011716025441 98.13685447435566 106.05849816786706 104.49966853115005 96.6525772574082 104.58258763014585 102.235311987497 97.57963150134512 105.26770821118505 105.69664934955753 107.40727627194384 102.78538395889791 97.6909023948158 108.0627751063359 105.66897322878111 103.11820719744101 99.10683809274475 105.26770821118505 97.16992402019697 96.53931594726107 105.26770821118505 111.06610873713598 101.13762496138325 100.91175868334003 104.1313958576815 100.76581585852058 111.23704589860402 105.04252700238274 99.85837178089461 113.48042923166851 97.79696373799533 105.00246480777221 100.44861947466416 97.68525738132591 96.96451179501754 106.81064793525475 97.69949046716366 95.2714741637666 99.95216683717666 105.18039243006079 105.11837851618996 99.99278831223512 101.56597195178448 106.05849816786706 104.49966853115005 94.48723313319718 97.2060366990185 110.26191230195175 98.55957727483266 99.97369219010861 96.32085996839471 91.65324024606767 102.72148592414905 98.87297481840753 106.40440555472127 101.77936486112193 102.00231318415221 99.75804942808534 93.6425055882524 101.41816841702614
97.57963150134512 100.91175868334003 99.90706742327778 99.36445416986072 103.53432702957389 106.08817367312639 93.852473824009 100.36292377309178 0.0 98.4569706572192 96.70645691745796 100.44861947466416 95.88376452481988 101.53546311489963 104.27358872324844 90.59648470562357 104.51623090836742 103.61213845930405 111.68095701013159 103.1150459299604 95.44191169082403 95.99637223906065 98.2162104972817 99.21965643818214 103.60913384994146 105.00246480777221 91.82700908764319 100.85452759679173 96.6525772574082 102.8282741179913 101.7408702831643 101.77936486112193 97.16326717962875 99.95216683717666 94.67468457556939 93.67028952198491 102.72148592414905 107.48085943958512 101.08458916824706 105.26770821118505 89.42662417584076 109.36010842204662 104.9842476595642 95.4623731773652 100.77188349737705 111.23704589860402 92.0008053085447 96.25988241655318 105.80234222482727 101.46677697025453 94.87136835601086 101.85210052556363 92.12746281742636 100.76581585852058 102.72993516469694 90.42032100306496 98.42437566212519 104.51623090836742 104.34725613389507 91.65324024606767 104.1835208356642 100.98891168340909 104.7943324654763 102.72993516469694 90.42032100306496 102.00231318415221 106.05849816786706 104.1313958576815 100.19859523706664 101.753950008528 97.59036633932983 102.72993516469694 103.84230770470901 94.7513975153689 108.0627751063359 94.12169309123985 98.55255490152072 101.41816841702614 96.21577959369209 102.64205436938175 96.53931594726107 102.33850122890499 108.24639336178282 106.60915758239646 109.36010842204662 97.75301690619237 91.63645601021759 105.26770821118505 101.53546311489963 100.90001174922945 102.02533934394613 102.78538395889791 99.97332366940854 101.41816841702614 103.67499605093032 104.49966853115005 102.34468643405758 100.90001174922945 96.71950731060404 100.09294237873262
96.96451179501754 94.86057769868103 90.59648470562357 102.70975614663475 85.37662070814194 92.39409437504796 110.88234003581213 99.97332366940854 98.4569706572192 0.0 93.67028952198491 99.85837178089461 94.84711320728111 96.01027077260179 104.89097672752303 100.794638286481 94.36780563796563 102.18368290013541 99.93969841902822 99.70771217039025 96.91925365003762 89.42662417584076 94.12169309123985 93.22856782451771 98.55255490152072 105.80234222482727 96.12113131886534 106.60915758239646 102.72993516469694 102.02533934394613 101.85210052556363 100.85452759679173 100.44861947466416 102.18368290013541 102.26286133917803 90.21921125513656 101.53546311489963 100.24446653896662 100.32554738298234 110.96500458140206 106.42767899412719 108.49205991790043 99.56072783097471 96.21252819693274 96.21252819693274 100.33674957566811 103.93841398802978 102.24982253911068 94.53658376804944 102.235311987497 95.76007458955834 104.39439295316426 90.2551194562591 92.0008053085447 104.27358872324844 101.32223935983244 95.54027035276037 103.74011520283702 99.89982074007193 101.53546311489963 97.79696373799533 103.61213845930405 93.83000790306046 96.6525772574082 96.40623278460852 102.02533934394613 99.1297457152457 110.72100531922868 95.88376452481988 102.64205436938175 102.57974865865914 104.9842476595642 102.64205436938175 97.16326717962875 104.49966853115005 94.67468457556939 98.45090779993073 102.97110825522587 108.0627751063359 95.54027035276037 97.69949046716366 105.69664934955753 100.85452759679173 104.89097672752303 103.00468820528806 100.64538951646888 99.97369219010861 104.49966853115005 102.57974865865914 103.11820719744101 99.33057912016885 101.10497326750283 94.7513975153689 95.10488373196563 94.12169309123985 97.41755348327304 102.66382676314612 90.6982783613924 105.17840685671904 109.36010842204662
104.49966853115005 93.67028952198491 99.33057912016885 101.41816841702614 101.46677697025453 90.03548075716405 96.34042178440363 98.2162104972817 96.70645691745796 93.67028952198491 0.0 94.97769659376895 100.85452759679173 100.794638286481 99.97332366940854 97.57963150134512 101.46677697025453 101.08458916824706 97.08790301950857 87.7330231783519 96.01027077260179 100.76581585852058 92.62541383940241 99.15011716025441 106.76678029293046 101.36043261126744 107.2004263400782 102.82763353161297 99.02426436268324 92.0008053085447 99.51960060088176 101.96681069906673 96.21252819693274 98.45090779993073 97.24613120238956 106.60915758239646 108.0627751063359 107.65345760317628 94.67468457556939 95.2714741637666 108.65916455886028 111.06610873713598 102.8282741179913 110.26191230195175 106.42767899412719 99.85837178089461 106.76678029293046 105.17840685671904 95.2714741637666 102.02533934394613 101.7408702831643 101.21302157211917 97.31279277226888 102.07043225112572 98.07593992534122 101.7408702831643 101.18577930785189 104.89097672752303 93.22856782451771 109.36010842204662 97.75301690619237 98.45090779993073 101.57581350870754 102.00231318415221 92.0008053085447 93.852473824009 104.58258763014585 97.16326717962875 95.54027035276037 102.66382676314612 95.76007458955834 95.54027035276037 94.87136835601086 98.13685447435566 96.83071876419429 102.00231318415221 103.61213845930405 105.39643563591424 90.03548075716405 110.88234003581213 97.67854712176252 101.57581350870754 97.64406284474484 96.25988241655318 88.11852292422633 107.07679926886597 98.99457554589496 99.28686477149688 100.64538951646888 104.1835208356642 100.44580966105167 97.16992402019697 103.74011520283702 92.59251365469727 96.83071876419429 104.27358872324844 97.68525738132591 103.74011520283702 105.69664934955753 97.59343774416783
110.72100531922868 102.77754597829345 102.07043225112572 105.66897322878111 87.18414608193308 99.70771217039025 102.78538395889791 106.43369880251373 100.44861947466416 99.85837178089461 94.97769659376895 0.0 107.82124447424656 96.96451179501754 97.08790301950857 97.16992402019697 102.02533934394613 105.80234222482727 95.2714741637666 102.72148592414905 108.24639336178282 93.22856782451771 107.82124447424656 97.08720422853334 110.26191230195175 99.89982074007193 98.87297481840753 102.46546011386005 96.25988241655318 102.5866466194764 96.50785119988939 110.88234003581213 97.31279277226888 95.99637223906065 100.24446653896662 96.32085996839471 99.95216683717666 97.69949046716366 95.54027035276037 101.85974489511014 101.56597195178448 90.42032100306496 103.53432702957389 115.3728501925095 102.37486180986423 101.56597195178448 101.96681069906673 99.55773382960545 99.70771217039025 96.34042178440363 97.59343774416783 98.55957727483266 101.18577930785189 99.28686477149688 94.48723313319718 98.55255490152072 106.81064793525475 101.57581350870754 99.33057912016885 102.66382676314612 101.96681069906673 103.39540893139036 99.33057912016885 104.1313958576815 103.61213845930405 95.54027035276037 103.93841398802978 103.74011520283702 106.08817367312639 101.85974489511014 93.83000790306046 104.89097672752303 104.9842476595642 98.45090779993073 115.3728501925095 98.2162104972817 94.7513975153689 96.6622369006921 109.36010842204662 95.88376452481988 96.21252819693274 93.83000790306046 105.90269573742523 104.51623090836742 95.54027035276037 99.36445416986072 97.68525738132591 105.80234222482727 101.85210052556363 100.91175868334003 92.75703260114318 95.4623731773652 96.25988241655318 103.60913384994146 98.42437566212519 99.74926121818272 108.10347722143497 98.55255490152072 100.36292377309178 97.75301690619237
94.35346474960758 102.72993516469694 97.36252506301865 96.91925365003762 98.87297481840753 98.44465658992462 103.53432702957389 103.84230770470901 95.88376452481988 94.84711320728111 100.85452759679173 107.82124447424656 0.0 99.68906875049623 95.10488373196563 98.07593992534122 100.76581585852058 105.18039243006079 101.53546311489963 94.69150246218847 105.26770821118505 103.11820719744101 99.02426436268324 94.84711320728111 97.67854712176252 98.42437566212519 105.26770821118505 97.69949046716366 96.83071876419429 100.98891168340909 100.36292377309178 102.235311987497 100.06840713484408 99.89982074007193 98.4569706572192 106.43369880251373 102.00231318415221 93.56456430973 99.21965643818214 106.76678029293046 104.27358872324844 103.39540893139036 102.78538395889791 98.93706006537857 111.28424598315483 105.17840685671904 108.24639336178282 99.93969841902822 103.40483961664007 103.84230770470901 97.64406284474484 102.78538395889791 103.84230770470901 99.97332366940854 105.78554938351304 101.75594339356367 96.6525772574082 101.36043261126744 97.6909023948158 100.32554738298234 90.42032100306496 102.65166218423079 100.09896065167982 101.08934281869412 97.64406284474484 102.33850122890499 98.87297481840753 94.97769659376895 105.78554938351304 96.70645691745796 107.65345760317628 93.22856782451771 100.44861947466416 92.0008053085447 115.3728501925095 107.48085943958512 103.53432702957389 97.08720422853334 101.36043261126744 108.10347722143497 96.54209993102748 106.40440555472127 106.05849816786706 104.51623090836742 99.90706742327778 96.96451179501754 95.99637223906065 103.60913384994146 98.32219664188293 99.68906875049623 102.8282741179913 94.45069901578174 102.5866466194764 102.33850122890499 108.72438477144038 105.18039243006079 102.37486180986423 99.36445416986072 96.40623278460852 101.53546311489963
109.36010842204662 102.61848849396164 102.11823086156653 91.55941652105693 108.0627751063359 110.26191230195175 102.34468643405758 89.42662417584076 101.53546311489963 96.01027077260179 100.794638286481 96.96451179501754 99.68906875049623 0.0 96.71950731060404 105.26770821118505 101.753950008528 99.36445416986072 105.90269573742523 97.69949046716366 105.04252700238274 105.80234222482727 102.72148592414905 94.84711320728111 96.35171113637425 91.82700908764319 103.93841398802978 104.53436556327911 100.24446653896662 96.6622369006921 98.2162104972817 107.82124447424656 98.2162104972817 96.50785119988939 96.40623278460852 94.14718648777696 105.18039243006079 91.82700908764319 94.45069901578174 103.00468820528806 100.24446653896662 102.78538395889791 94.35346474960758 102.82763353161297 90.03548075716405 103.67499605093032 101.85974489511014 96.6525772574082 102.61848849396164 100.33674957566811 106.21166626024947 92.59251365469727 94.69150246218847 106.76678029293046 102.26286133917803 107.07462859990751 105.17840685671904 91.55941652105693 98.55255490152072 108.72438477144038 109.47331583665374 92.59251365469727 105.17840685671904 111.06610873713598 99.99278831223512 94.35346474960758 102.83976689353624 101.7408702831643 94.53658376804944 99.51960060088176 90.21921125513656 100.09294237873262 105.66897322878111 92.0008053085447 105.90269573742523 95.4623731773652 97.36252506301865 93.852473824009 98.13685447435566 94.67945317316516 94.84711320728111 90.03548075716405 98.55957727483266 99.55773382960545 96.71950731060404 106.76678029293046 97.57963150134512 102.33850122890499 106.05849816786706 95.90867506367752 91.63645601021759 106.60915758239646 99.90706742327778 103.39540893139036 96.32085996839471 94.48723313319718 102.02533934394613 104.53436556327911 96.83071876419429 96.33515202605162
93.00242438311939 96.21252819693274 96.96451179501754 104.1313958576815 111.06610873713598 96.01027077260179 104.58258763014585 101.36043261126744 104.27358872324844 104.89097672752303 99.97332366940854 97.08790301950857 95.10488373196563 96.71950731060404 0.0 89.42662417584076 104.83799812223182 99.57267201971668 94.7513975153689 99.95216683717666 100.06840713484408 90.03548075716405 99.56072783097471 101.96681069906673 90.03548075716405 105.00246480777221 89.42662417584076 103.39540893139036 102.64205436938175 111.68095701013159 95.4623731773652 103.67499605093032 98.99457554589496 92.75703260114318 105.26770821118505 105.78554938351304 102.82763353161297 86.87045826595941 108.18697976359114 97.08790301950857 95.17357354413619 102.61848849396164 99.99278831223512 110.26191230195175 106.81064793525475 94.69150246218847 91.48357052663856 100.36292377309178 99.3533439567027 99.90706742327778 102.07043225112572 95.2714741637666 96.53931594726107 101.77936486112193 102.65166218423079 99.97332366940854 100.64538951646888 93.6425055882524 97.59343774416783 101.7408702831643 108.49205991790043 107.88074349724693 96.34042178440363 111.28424598315483 96.35171113637425 104.39439295316426 90.21921125513656 90.03548075716405 107.88074349724693 106.21166626024947 105.69664934955753 92.75703260114318 105.36863679280033 105.04252700238274 102.78538395889791 96.21577959369209 96.54209993102748 100.06840713484408 94.86057769868103 110.26191230195175 99.02426436268324 94.67468457556939 97.64406284474484 102.83976689353624 108.0627751063359 107.2004263400782 106.40440555472127 100.85452759679173 103.53432702957389 93.59796668998375 96.33515202605162 107.88074349724693 102.235311987497 103.1225852597754 99.33057912016885 90.03548075716405 110.26191230195175 99.76085382339514 101.46677697025453 97.6909023948158
104.34725613389507 104.1313958576815 93.00242438311939 94.53658376804944 107.48085943958512 95.4623731773652 103.93841398802978 104.39439295316426 90.59648470562357 100.794638286481 97.57963150134512 97.16992402019697 98.07593992534122 105.26770821118505 89.42662417584076 0.0 102.18368290013541 104.9842476595642 96.35171113637425 91.48357052663856 101.85210052556363 102.37486180986423 93.852473824009 90.59648470562357 93.59796668998375 105.36863679280033 96.34042178440363 105.04252700238274 95.55503838705339 98.55957727483266 102.57974865865914 87.18414608193308 97.16992402019697 101.85974489511014 99.33057912016885 99.56072783097471 94.12169309123985 111.23704589860402 97.68525738132591 103.61213845930405 94.14718648777696 108.10347722143497 109.36010842204662 101.41816841702614 101.52206525923087 102.34468643405758 94.48723313319718 105.04252700238274 102.46546011386005 98.99457554589496 94.84711320728111 90.59648470562357 107.72052165748615 94.67945317316516 99.15011716025441 91.65324024606767 99.10683809274475 102.34468643405758 107.07679926886597 91.65324024606767 96.21252819693274 94.86057769868103 91.89491177953943 87.18414608193308 97.6909023948158 102.37486180986423 102.72993516469694 99.76085382339514 92.75703260114318 105.78554938351304 104.7943324654763 100.33674957566811 98.93706006537857 99.10683809274475 104.83799812223182 96.53931594726107 90.59648470562357 101.36043261126744 101.08458916824706 93.852473824009 99.10683809274475 97.31279277226888 95.44191169082403 105.17840685671904 94.67945317316516 95.17357354413619 101.41816841702614 105.78554938351304 107.07679926886597 97.75301690619237 98.44465658992462 103.67499605093032 101.85210052556363 105.80234222482727 103.00468820528806 102.18368290013541 104.83799812223182 111.06610873713598 96.96451179501754 103.60913384994146
93.89702885829038 104.49966853115005 102.38993282083929 100.98891168340909 101.753950008528 100.01630202006794 93.6425055882524 97.6909023948158 104.51623090836742 94.36780563796563 101.46677697025453 102.02533934394613 100.76581585852058 101.753950008528 104.83799812223182 102.18368290013541 0.0 113.48042923166851 110.88234003581213 103.61213845930405 102.02533934394613 101.77936486112193 94.45069901578174 94.7513975153689 105.11837851618996 101.87151239263818 96.54209993102748 93.852473824009 91.82700908764319 102.65166218423079 103.40483961664007 98.93706006537857 107.72052165748615 113.48042923166851 101.36043261126744 96.34042178440363 103.67136932488262 91.55941652105693 102.72148592414905 99.70771217039025 94.74709682487924 105.17840685671904 101.753950008528 113.48042923166851 94.69150246218847 107.65345760317628 105.11837851618996 93.67028952198491 97.57963150134512 99.99278831223512 101.41816841702614 94.69150246218847 96.91925365003762 105.66897322878111 97.64406284474484 107.07462859990751 102.00231318415221 104.89097672752303 97.79696373799533 97.16326717962875 97.2060366990185 93.83000790306046 97.24613120238956 108.24639336178282 105.36863679280033 107.88074349724693 94.7513975153689 94.67468457556939 107.88074349724693 94.69150246218847 103.61213845930405 103.40483961664007 97.2060366990185 102.4450446162979 100.01630202006794 105.18039243006079 96.32085996839471 98.4569706572192 100.64538951646888 93.89702885829038 98.99457554589496 103.67499605093032 96.35171113637425 98.433766685089 97.6909023948158 100.06840713484408 101.53546311489963 105.80234222482727 103.2402206318707 99.10683809274475 103.40483961664007 94.54899504442884 98.07593992534122 97.64406284474484 96.70645691745796 100.32554738298234 97.2060366990185 100.77188349737705 99.97332366940854 99.90706742327778
107.07679926886597 101.75594339356367 102.57909734232895 100.06840713484408 104.89097672752303 94.7513975153689 97.36252506301865 87.7330231783519 103.61213845930405 102.18368290013541 101.08458916824706 105.80234222482727 105.18039243006079 99.36445416986072 99.57267201971668 104.9842476595642 113.48042923166851 0.0 97.36252506301865 90.6982783613924 99.70771217039025 101.77936486112193 101.13762496138325 104.7943324654763 106.3816964128288 91.89491177953943 96.35171113637425 93.852473824009 99.57267201971668 94.69150246218847 102.70975614663475 105.18039243006079 94.67945317316516 104.83799812223182 101.46677697025453 98.55957727483266 108.10347722143497 90.6982783613924 100.32554738298234 98.2162104972817 101.753950008528 103.11820719744101 96.21252819693274 105.80234222482727 103.11820719744101 101.77936486112193 101.13762496138325 100.32554738298234 98.44465658992462 107.07679926886597 100.91175868334003 97.36252506301865 102.57909734232895 99.90706742327778 103.93841398802978 85.37662070814194 105.04252700238274 98.32219664188293 95.99637223906065 95.17357354413619 93.6425055882524 102.57909734232895 102.57909734232895 94.67468457556939 108.49205991790043 105.39643563591424 110.88234003581213 102.70975614663475 103.40483961664007 110.72100531922868 97.08720422853334 101.36043261126744 98.99457554589496 94.14718648777696 102.24982253911068 98.13685447435566 100.794638286481 106.43369880251373 94.36780563796563 102.72148592414905 102.34468643405758 98.99457554589496 99.33057912016885 102.64205436938175 110.88234003581213 95.55503838705339 103.60913384994146 105.17840685671904 94.84711320728111 107.2004263400782 104.39343855179452 103.2402206318707 96.01027077260179 105.78554938351304 102.33850122890499 101.52206525923087 99.68906875049623 98.87297481840753 97.69949046716366 101.21302157211917
102.77754597829345 99.56072783097471 97.59343774416783 98.48689077244097 97.16326717962875 97.31279277226888 91.63645601021759 96.6525772574082 111.68095701013159 99.93969841902822 97.08790301950857 95.2714741637666 101.53546311489963 105.90269573742523 94.7513975153689 96.35171113637425 110.88234003581213 97.36252506301865 0.0 92.59251365469727 104.89097672752303 97.68525738132591 102.64205436938175 99.28686477149688 101.21302157211917 96.71950731060404 97.08790301950857 100.19859523706664 100.24446653896662 103.74011520283702 99.70771217039025 99.97369219010861 97.08720422853334 96.35171113637425 88.11852292422633 99.70771217039025 96.21252819693274 103.1225852597754 97.16992402019697 101.753950008528 101.18577930785189 93.852473824009 98.48689077244097 93.22856782451771 107.07679926886597 98.55255490152072 102.57974865865914 94.45069901578174 98.44465658992462 99.97332366940854 96.53931594726107 101.57581350870754 102.82763353161297 99.21965643818214 104.51623090836742 103.61213845930405 105.69664934955753 104.49966853115005 96.96451179501754 103.2402206318707 91.63645601021759 102.61848849396164 108.49205991790043 97.64406284474484 101.53546311489963 96.40623278460852 105.36863679280033 102.00231318415221 98.4569706572192 101.753950008528 87.18414608193308 108.79864833580453 91.82700908764319 100.01630202006794 103.84230770470901 102.65166218423079 100.64538951646888 105.80234222482727 111.06610873713598 106.43369880251373 100.06840713484408 101.52206525923087 85.37662070814194 102.57974865865914 103.84230770470901 96.33515202605162 97.6909023948158 105.80234222482727 98.45090779993073 107.2004263400782 105.26770821118505 100.03134782642061 99.57267201971668 102.38993282083929 102.77754597829345 110.96500458140206 108.18697976359114 98.93706006537857 97.24613120238956 97.57963150134512
93.20833637580354 90.6982783613924 91.48357052663856 101.21302157211917 108.24639336178282 104.1313958576815 100.91175868334003 98.45090779993073 103.1150459299604 99.70771217039025 87.7330231783519 102.72148592414905 94.69150246218847 97.69949046716366 99.95216683717666 91.48357052663856 103.61213845930405 90.6982783613924 92.59251365469727 0.0 100.19859523706664 104.39343855179452 93.20833637580354 103.40483961664007 101.56597195178448 95.99637223906065 97.6909023948158 103.60913384994146 91.65324024606767 94.35346474960758 94.12169309123985 106.43369880251373 94.69150246218847 97.2060366990185 102.64205436938175 105.78554938351304 99.55773382960545 90.42032100306496 99.75804942808534 102.61848849396164 111.28424598315483 96.35171113637425 96.6622369006921 106.76678029293046 99.85837178089461 102.18368290013541 111.23704589860402 102.24982253911068 97.08790301950857 101.18577930785189 102.34468643405758 87.18414608193308 104.58258763014585 92.0008053085447 102.38993282083929 98.07593992534122 97.31279277226888 98.55362500907523 106.81064793525475 106.05849816786706 104.53436556327911 98.44465658992462 101.41816841702614 97.41755348327304 94.67468457556939 99.28686477149688 94.54899504442884 99.70771217039025 91.82700908764319 93.56456430973 102.83976689353624 100.09294237873262 105.36863679280033 98.433766685089 96.34042178440363 98.4569706572192 99.97369219010861 106.21166626024947 105.26770821118505 100.98891168340909 103.1150459299604 108.79864833580453 106.40440555472127 93.00242438311939 106.05849816786706 101.21302157211917 104.34725613389507 105.90269573742523 108.79864833580453 96.40623278460852 97.67854712176252 101.53546311489963 91.55941652105693 97.67854712176252 102.82763353161297 92.59251365469727 103.40483961664007 100.77188349737705 110.72100531922868 97.75301690619237
93.852473824009 110.96500458140206 85.37662070814194 92.0008053085447 100.794638286481 101.46677697025453 101.46677697025453 100.01630202006794 95.44191169082403 96.91925365003762 96.01027077260179 108.24639336178282 105.26770821118505 105.04252700238274 100.06840713484408 101.85210052556363 102.02533934394613 99.70771217039025 104.89097672752303 100.19859523706664 0.0 106.42767899412719 100.19859523706664 107.48085943958512 103.53432702957389 102.57909734232895 93.20833637580354 92.75703260114318 100.03134782642061 97.2060366990185 94.53658376804944 90.6982783613924 106.08817367312639 98.93706006537857 97.68525738132591 101.13762496138325 102.11823086156653 105.17840685671904 86.87045826595941 103.67136932488262 87.7330231783519 95.90867506367752 92.75703260114318 109.47331583665374 103.74011520283702 94.86057769868103 93.852473824009 100.33674957566811 98.55957727483266 106.21166626024947 102.57909734232895 101.36043261126744 93.852473824009 107.88074349724693 101.56597195178448 94.54899504442884 99.68906875049623 97.36252506301865 96.34042178440363 96.91925365003762 101.52206525923087 97.2060366990185 104.89097672752303 97.16326717962875 96.35171113637425 99.15011716025441 85.37662070814194 91.48357052663856 100.91175868334003 105.26770821118505 102.66382676314612 96.96451179501754 103.60913384994146 99.76085382339514 103.74011520283702 101.57581350870754 104.49966853115005 93.67028952198491 85.37662070814194 106.42767899412719 101.46677697025453 102.18368290013541 97.08720422853334 98.2162104972817 101.77936486112193 98.55957727483266 100.24446653896662 96.25988241655318 99.97369219010861 105.66897322878111 96.6622369006921 104.1313958576815 100.44580966105167 102.18368290013541 93.852473824009 101.13762496138325 101.85210052556363 98.55362500907523 101.57581350870754 110.96500458140206
