100
0.0 43.948974442055814 52.944344984820674 49.746089060473736 44.781434317286184 61.23831497046879 61.14750634449788 46.14723887652993 49.44803569615574 52.488637792900484 51.70544402747983 47.6097610793149 52.50702565740829 53.05408010147222 46.25675063883067 60.722673133194675 46.20157230516898 47.6097610793149 54.53620795009444 52.910747404060494 52.910747404060494 47.6097610793149 47.26427532996474 51.66359918014796 51.763709359137884 51.18618725185328 47.6097610793149 46.20157230516898 41.69964159184791 47.26427532996474 55.17346496035168 46.23108037794983 44.80309931232415 51.66359918014796 55.71087118768693 41.527708740484655 51.10113847239919 50.57285657901861 48.57251643623182 51.98499261326377 46.20157230516898 49.51137922506601 53.31180110433392 43.90404254135999 51.22404876078785 41.527708740484655 54.09202617784965 55.310635517987244 50.8753561145901 45.1209363004651 50.18595989526482 44.503474242727776 56.937663546727244 52.399244052024386 50.18595989526482 47.03395520966434 44.27542804279034 46.819232179525585 51.55959139370988 53.74869202606384 57.375274116766846 51.387860648385015 47.314958714167545 53.31180110433392 50.57285657901861 53.74869202606384 47.91009515765912 50.54735574310213 41.527708740484655 47.26427532996474 51.05077855634685 44.80309931232415 44.27542804279034 51.05077855634685 51.66359918014796 51.66359918014796 51.10113847239919 51.22404876078785 49.44803569615574 55.381060285674074 61.14750634449788 63.00797281432201 48.23397836568421 42.63253218139578 51.763709359137884 47.6568002127859 52.488637792900484 50.18595989526482 60.722673133194675 52.24949132333693 47.26427532996474 50.18595989526482 46.20157230516898 49.68976673792004 50.96481439055025 54.09202617784965 54.29367289384511 50.57285657901861 51.40738946830865 49.84522217972566
43.948974442055814 0.0 55.381060285674074 44.27542804279034 47.03395520966434 61.23831497046879 46.38439308773678 55.17346496035168 54.29367289384511 50.079775648269 51.55959139370988 57.375274116766846 46.09900523476462 51.70544402747983 51.55959139370988 47.6568002127859 57.375274116766846 55.8199252013399 60.722673133194675 55.381060285674074 51.22404876078785 51.66359918014796 53.463983634171534 51.36207851053484 51.18618725185328 47.314958714167545 44.99258498344652 50.54735574310213 48.28402633528399 50.57285657901861 46.25675063883067 57.744522950976275 56.937663546727244 44.503474242727776 52.860266365964314 55.30734588190087 52.860266365964314 42.63253218139578 55.86022069002667 53.05408010147222 47.6097610793149 47.6097610793149 48.6968052274279 50.54735574310213 55.463620928948934 48.23397836568421 51.18618725185328 46.819232179525585 55.463620928948934 44.503474242727776 52.50702565740829 47.6097610793149 56.937663546727244 55.30734588190087 61.23831497046879 49.12662000080168 51.05077855634685 52.944344984820674 53.31180110433392 44.99258498344652 57.744522950976275 52.488637792900484 55.86857724939078 52.910747404060494 52.910747404060494 47.314958714167545 46.09900523476462 57.375274116766846 49.746089060473736 49.84522217972566 44.80309931232415 51.763709359137884 51.05077855634685 49.84522217972566 52.399244052024386 47.00455973012536 55.8199252013399 52.447509388163766 47.79552855886464 55.71087118768693 46.38439308773678 53.463983634171534 51.80152545540915 52.399244052024386 48.23397836568421 46.14723887652993 55.310635517987244 46.09900523476462 50.18595989526482 50.96481439055025 60.722673133194675 61.14750634449788 49.09519707917392 55.381060285674074 51.70544402747983 61.23831497046879 51.66359918014796 47.6568002127859 54.53620795009444 53.463983634171534
52.944344984820674 55.381060285674074 0.0 53.82629872442725 54.09202617784965 44.503474242727776 51.71148205921317 48.53546117564828 44.37261960996611 51.55959139370988 54.09202617784965 55.71087118768693 63.00797281432201 57.744522950976275 47.6097610793149 54.29367289384511 41.527708740484655 51.10113847239919 49.44803569615574 51.32200272670099 46.23108037794983 48.57251643623182 43.90404254135999 52.399244052024386 49.84522217972566 49.10768814201961 55.86022069002667 45.1209363004651 44.37261960996611 56.937663546727244 55.8199252013399 51.32200272670099 53.82629872442725 55.86022069002667 52.50702565740829 63.00797281432201 53.463983634171534 51.70544402747983 63.00797281432201 46.819232179525585 51.80152545540915 55.71087118768693 47.03395520966434 52.50702565740829 51.763709359137884 46.23108037794983 50.8753561145901 55.86022069002667 46.38439308773678 52.860266365964314 55.8199252013399 42.63253218139578 47.26427532996474 55.86857724939078 46.38439308773678 46.14723887652993 56.937663546727244 44.503474242727776 52.50702565740829 42.63253218139578 50.18595989526482 49.44803569615574 53.31180110433392 55.86857724939078 55.381060285674074 51.841774243544755 60.722673133194675 51.40738946830865 51.22404876078785 42.63253218139578 55.30734588190087 47.18128738588892 61.14750634449788 50.96481439055025 63.00797281432201 54.09202617784965 44.37261960996611 48.28402633528399 53.05408010147222 52.910747404060494 47.00455973012536 43.90404254135999 55.463620928948934 48.28402633528399 55.30734588190087 50.96481439055025 46.23108037794983 49.51137922506601 48.23397836568421 47.314958714167545 51.18618725185328 50.079775648269 48.57251643623182 47.18128738588892 48.57251643623182 55.17346496035168 53.31180110433392 53.05408010147222 48.23397836568421 43.90404254135999
49.746089060473736 44.27542804279034 53.82629872442725 0.0 52.860266365964314 55.381060285674074 45.1209363004651 50.18595989526482 47.26427532996474 47.79552855886464 52.910747404060494 51.40738946830865 46.819232179525585 52.50702565740829 48.14386443662199 50.8753561145901 41.69964159184791 55.8199252013399 52.447509388163766 51.70544402747983 55.30734588190087 54.09202617784965 44.99258498344652 53.05408010147222 42.63253218139578 44.99258498344652 49.12662000080168 51.70544402747983 52.860266365964314 44.99258498344652 53.82629872442725 53.82629872442725 52.910747404060494 52.910747404060494 48.23397836568421 52.399244052024386 55.86022069002667 53.463983634171534 56.937663546727244 48.14386443662199 57.744522950976275 51.446709366573614 51.71148205921317 48.6968052274279 46.20157230516898 55.310635517987244 49.12662000080168 50.079775648269 51.55959139370988 49.44803569615574 51.18618725185328 49.51137922506601 51.22404876078785 51.70544402747983 44.781434317286184 54.29367289384511 55.71087118768693 53.82629872442725 44.80309931232415 47.654128196949536 53.463983634171534 51.18618725185328 51.817302577914155 48.14386443662199 51.80152545540915 51.55959139370988 51.71148205921317 44.80309931232415 52.24949132333693 55.310635517987244 48.6968052274279 47.26427532996474 51.55959139370988 53.82629872442725 51.98499261326377 48.53546117564828 52.944344984820674 45.1209363004651 51.32200272670099 54.29367289384511 50.8753561145901 51.98499261326377 47.18128738588892 52.488637792900484 47.26427532996474 49.746089060473736 47.91009515765912 48.23397836568421 51.40738946830865 50.18595989526482 48.57251643623182 46.14723887652993 52.24949132333693 51.55959139370988 44.99258498344652 48.53546117564828 63.00797281432201 51.98499261326377 61.14750634449788 49.10768814201961
44.781434317286184 47.03395520966434 54.09202617784965 52.860266365964314 0.0 44.781434317286184 47.79552855886464 51.22404876078785 63.00797281432201 49.84522217972566 49.09519707917392 51.387860648385015 52.50702565740829 52.488637792900484 51.55959139370988 55.463620928948934 51.817302577914155 49.68976673792004 51.55959139370988 51.36207851053484 52.488637792900484 44.781434317286184 55.310635517987244 46.09900523476462 41.527708740484655 50.54735574310213 52.447509388163766 46.23108037794983 41.527708740484655 55.30734588190087 44.99258498344652 48.28402633528399 49.746089060473736 46.20157230516898 51.98499261326377 51.40738946830865 52.488637792900484 49.44803569615574 47.18128738588892 55.71087118768693 51.98499261326377 46.09900523476462 44.781434317286184 51.10113847239919 44.781434317286184 52.24949132333693 61.14750634449788 55.310635517987244 54.53620795009444 53.463983634171534 47.00455973012536 44.99258498344652 53.74869202606384 51.05077855634685 60.722673133194675 47.26427532996474 54.09202617784965 51.387860648385015 44.503474242727776 43.948974442055814 51.70544402747983 47.654128196949536 53.05408010147222 49.68976673792004 51.446709366573614 49.84522217972566 52.910747404060494 49.68976673792004 49.746089060473736 55.30734588190087 47.91009515765912 61.23831497046879 51.36207851053484 45.1209363004651 41.69964159184791 50.96481439055025 47.6568002127859 52.50702565740829 50.18595989526482 47.91009515765912 47.79552855886464 51.05077855634685 55.463620928948934 54.29367289384511 49.44803569615574 50.57285657901861 49.09519707917392 55.463620928948934 51.98499261326377 55.17346496035168 51.18618725185328 55.8199252013399 53.05408010147222 46.23108037794983 47.03395520966434 48.23397836568421 51.387860648385015 51.80152545540915 49.746089060473736 50.80421502809344
61.23831497046879 61.23831497046879 44.503474242727776 55.381060285674074 44.781434317286184 0.0 51.841774243544755 47.91009515765912 43.90404254135999 49.68976673792004 49.12662000080168 53.82629872442725 51.446709366573614 47.654128196949536 53.82629872442725 52.488637792900484 49.68976673792004 42.63253218139578 55.71087118768693 51.71148205921317 47.6097610793149 54.29367289384511 55.381060285674074 50.079775648269 54.29367289384511 47.6568002127859 55.381060285674074 50.079775648269 49.68976673792004 51.18618725185328 51.98499261326377 55.30734588190087 46.09900523476462 55.310635517987244 54.53620795009444 42.63253218139578 46.38439308773678 57.744522950976275 51.32200272670099 52.24949132333693 54.53620795009444 51.80152545540915 52.447509388163766 47.6097610793149 50.8753561145901 48.53546117564828 50.18595989526482 50.57285657901861 47.654128196949536 53.31180110433392 53.463983634171534 50.80421502809344 56.937663546727244 52.910747404060494 52.24949132333693 56.937663546727244 53.05408010147222 51.18618725185328 53.463983634171534 44.781434317286184 46.14723887652993 51.98499261326377 47.314958714167545 51.55959139370988 44.80309931232415 51.80152545540915 55.463620928948934 55.463620928948934 55.71087118768693 44.80309931232415 49.84522217972566 46.38439308773678 44.503474242727776 51.55959139370988 52.488637792900484 50.18595989526482 44.99258498344652 57.744522950976275 48.6968052274279 55.17346496035168 48.28402633528399 52.910747404060494 47.314958714167545 48.14386443662199 44.37261960996611 41.527708740484655 53.82629872442725 43.948974442055814 55.86857724939078 51.18618725185328 54.53620795009444 46.819232179525585 52.860266365964314 48.6968052274279 52.24949132333693 53.74869202606384 55.463620928948934 51.36207851053484 55.86022069002667 51.18618725185328
61.14750634449788 46.38439308773678 51.71148205921317 45.1209363004651 47.79552855886464 51.841774243544755 0.0 47.91009515765912 47.03395520966434 41.69964159184791 45.1209363004651 61.14750634449788 55.310635517987244 47.6097610793149 50.57285657901861 51.71148205921317 47.654128196949536 57.744522950976275 50.57285657901861 51.387860648385015 51.446709366573614 51.446709366573614 55.463620928948934 49.09519707917392 55.86857724939078 48.14386443662199 48.6968052274279 63.00797281432201 50.8753561145901 54.29367289384511 53.463983634171534 49.44803569615574 49.84522217972566 61.14750634449788 52.860266365964314 43.90404254135999 43.948974442055814 51.55959139370988 50.079775648269 55.71087118768693 47.6097610793149 53.463983634171534 57.744522950976275 52.24949132333693 56.937663546727244 43.90404254135999 49.84522217972566 53.31180110433392 53.74869202606384 47.26427532996474 51.22404876078785 47.00455973012536 44.27542804279034 49.51137922506601 55.71087118768693 49.44803569615574 47.6097610793149 46.38439308773678 55.86857724939078 51.40738946830865 47.654128196949536 55.30734588190087 51.05077855634685 45.1209363004651 61.14750634449788 51.98499261326377 50.079775648269 51.446709366573614 47.6568002127859 48.23397836568421 47.03395520966434 55.310635517987244 55.463620928948934 41.69964159184791 48.14386443662199 52.447509388163766 55.30734588190087 50.18595989526482 50.57285657901861 44.99258498344652 44.37261960996611 49.746089060473736 55.17346496035168 61.23831497046879 49.746089060473736 47.91009515765912 45.1209363004651 47.314958714167545 55.86022069002667 60.722673133194675 50.80421502809344 49.84522217972566 46.09900523476462 48.53546117564828 57.744522950976275 44.781434317286184 45.1209363004651 51.80152545540915 44.503474242727776 50.96481439055025
46.14723887652993 55.17346496035168 48.53546117564828 50.18595989526482 51.22404876078785 47.91009515765912 47.91009515765912 0.0 55.86022069002667 50.079775648269 55.381060285674074 48.14386443662199 47.18128738588892 52.860266365964314 51.32200272670099 51.70544402747983 51.841774243544755 47.00455973012536 43.90404254135999 49.84522217972566 44.781434317286184 49.09519707917392 51.32200272670099 50.54735574310213 51.32200272670099 51.32200272670099 60.722673133194675 57.744522950976275 54.53620795009444 49.84522217972566 47.26427532996474 54.53620795009444 55.71087118768693 47.654128196949536 52.50702565740829 57.744522950976275 50.96481439055025 48.6968052274279 47.314958714167545 55.8199252013399 51.387860648385015 47.654128196949536 46.819232179525585 55.463620928948934 57.375274116766846 54.53620795009444 60.722673133194675 47.6568002127859 51.55959139370988 46.25675063883067 54.09202617784965 53.05408010147222 47.6568002127859 47.654128196949536 55.86022069002667 47.26427532996474 50.80421502809344 53.463983634171534 43.948974442055814 51.05077855634685 41.69964159184791 55.381060285674074 44.503474242727776 46.819232179525585 49.51137922506601 51.55959139370988 47.91009515765912 47.79552855886464 41.527708740484655 53.31180110433392 52.944344984820674 48.14386443662199 48.14386443662199 46.14723887652993 50.80421502809344 48.23397836568421 44.99258498344652 49.51137922506601 52.488637792900484 50.57285657901861 46.25675063883067 49.10768814201961 48.28402633528399 49.68976673792004 49.68976673792004 55.463620928948934 46.20157230516898 52.24949132333693 49.44803569615574 41.527708740484655 50.079775648269 50.80421502809344 47.654128196949536 51.36207851053484 51.66359918014796 54.09202617784965 54.29367289384511 51.36207851053484 52.50702565740829 57.744522950976275
49.44803569615574 54.29367289384511 44.37261960996611 47.26427532996474 63.00797281432201 43.90404254135999 47.03395520966434 55.86022069002667 0.0 48.14386443662199 48.6968052274279 53.463983634171534 52.488637792900484 47.314958714167545 47.314958714167545 51.32200272670099 51.40738946830865 57.375274116766846 47.00455973012536 54.29367289384511 55.86857724939078 55.463620928948934 44.99258498344652 49.10768814201961 52.50702565740829 55.17346496035168 49.09519707917392 60.722673133194675 51.841774243544755 48.53546117564828 57.375274116766846 47.6097610793149 51.98499261326377 55.8199252013399 55.463620928948934 61.23831497046879 52.488637792900484 47.03395520966434 55.30734588190087 51.55959139370988 48.57251643623182 51.40738946830865 51.10113847239919 47.79552855886464 55.17346496035168 63.00797281432201 54.53620795009444 53.74869202606384 44.781434317286184 51.36207851053484 43.948974442055814 55.71087118768693 51.71148205921317 49.44803569615574 60.722673133194675 49.51137922506601 55.8199252013399 55.310635517987244 52.447509388163766 42.63253218139578 49.51137922506601 48.57251643623182 48.28402633528399 51.841774243544755 61.14750634449788 45.1209363004651 52.910747404060494 52.910747404060494 49.68976673792004 50.079775648269 51.387860648385015 55.17346496035168 44.80309931232415 47.26427532996474 49.09519707917392 53.463983634171534 51.32200272670099 55.30734588190087 47.00455973012536 47.91009515765912 48.53546117564828 51.70544402747983 51.387860648385015 52.910747404060494 51.05077855634685 61.23831497046879 48.6968052274279 47.314958714167545 47.00455973012536 46.09900523476462 55.310635517987244 46.20157230516898 51.55959139370988 53.31180110433392 55.30734588190087 49.09519707917392 52.447509388163766 51.66359918014796 52.399244052024386 55.71087118768693
52.488637792900484 50.079775648269 51.55959139370988 47.79552855886464 49.84522217972566 49.68976673792004 41.69964159184791 50.079775648269 48.14386443662199 0.0 42.63253218139578 61.23831497046879 50.8753561145901 46.14723887652993 49.10768814201961 49.68976673792004 45.1209363004651 50.54735574310213 52.860266365964314 50.96481439055025 44.503474242727776 55.8199252013399 53.463983634171534 44.503474242727776 55.86857724939078 41.527708740484655 63.00797281432201 55.71087118768693 61.14750634449788 51.22404876078785 47.314958714167545 49.44803569615574 51.32200272670099 51.817302577914155 52.24949132333693 50.079775648269 44.503474242727776 52.50702565740829 54.29367289384511 51.763709359137884 51.36207851053484 52.399244052024386 47.6568002127859 51.763709359137884 48.23397836568421 52.24949132333693 49.746089060473736 61.23831497046879 47.6097610793149 51.32200272670099 48.6968052274279 55.86857724939078 46.38439308773678 51.55959139370988 61.14750634449788 63.00797281432201 42.63253218139578 55.86857724939078 55.86857724939078 49.68976673792004 44.781434317286184 44.781434317286184 47.91009515765912 53.82629872442725 61.23831497046879 47.91009515765912 49.68976673792004 50.079775648269 52.24949132333693 55.30734588190087 55.381060285674074 47.26427532996474 46.38439308773678 46.20157230516898 53.463983634171534 49.51137922506601 52.944344984820674 55.86857724939078 52.910747404060494 47.00455973012536 53.05408010147222 51.80152545540915 46.819232179525585 55.86857724939078 52.447509388163766 55.310635517987244 43.948974442055814 48.23397836568421 55.86857724939078 52.24949132333693 49.10768814201961 47.26427532996474 55.71087118768693 51.71148205921317 50.079775648269 51.05077855634685 52.910747404060494 51.841774243544755 45.1209363004651 54.09202617784965
51.70544402747983 51.55959139370988 54.09202617784965 52.910747404060494 49.09519707917392 49.12662000080168 45.1209363004651 55.381060285674074 48.6968052274279 42.63253218139578 0.0 53.05408010147222 60.722673133194675 51.98499261326377 53.74869202606384 43.90404254135999 46.38439308773678 54.53620795009444 41.69964159184791 48.23397836568421 41.527708740484655 47.314958714167545 63.00797281432201 51.841774243544755 53.463983634171534 55.310635517987244 52.860266365964314 44.781434317286184 60.722673133194675 47.91009515765912 48.28402633528399 46.09900523476462 52.50702565740829 51.40738946830865 54.53620795009444 48.57251643623182 51.22404876078785 48.6968052274279 60.722673133194675 60.722673133194675 50.96481439055025 51.10113847239919 51.22404876078785 46.25675063883067 63.00797281432201 43.948974442055814 50.079775648269 47.26427532996474 51.71148205921317 51.22404876078785 41.527708740484655 50.18595989526482 51.18618725185328 51.22404876078785 51.387860648385015 51.98499261326377 51.70544402747983 51.817302577914155 48.28402633528399 47.26427532996474 44.99258498344652 54.29367289384511 61.14750634449788 51.36207851053484 42.63253218139578 52.50702565740829 49.84522217972566 44.37261960996611 49.44803569615574 49.44803569615574 55.86857724939078 45.1209363004651 61.14750634449788 52.399244052024386 57.744522950976275 46.09900523476462 47.79552855886464 55.463620928948934 52.860266365964314 50.54735574310213 53.31180110433392 56.937663546727244 52.447509388163766 43.90404254135999 52.399244052024386 57.375274116766846 53.82629872442725 53.05408010147222 50.079775648269 47.6097610793149 55.71087118768693 49.10768814201961 43.90404254135999 54.29367289384511 54.09202617784965 53.74869202606384 42.63253218139578 54.29367289384511 52.944344984820674 47.6097610793149
47.6097610793149 57.375274116766846 55.71087118768693 51.40738946830865 51.387860648385015 53.82629872442725 61.14750634449788 48.14386443662199 53.463983634171534 61.23831497046879 53.05408010147222 0.0 51.763709359137884 42.63253218139578 47.03395520966434 47.26427532996474 51.05077855634685 55.86022069002667 49.09519707917392 51.18618725185328 49.09519707917392 56.937663546727244 51.70544402747983 51.80152545540915 44.37261960996611 63.00797281432201 50.57285657901861 43.948974442055814 55.86857724939078 46.09900523476462 53.82629872442725 51.80152545540915 50.079775648269 51.55959139370988 51.71148205921317 46.38439308773678 49.84522217972566 55.8199252013399 48.53546117564828 57.375274116766846 47.03395520966434 47.03395520966434 46.20157230516898 52.910747404060494 52.24949132333693 44.80309931232415 44.80309931232415 46.09900523476462 53.82629872442725 48.6968052274279 55.381060285674074 52.488637792900484 53.82629872442725 55.8199252013399 44.781434317286184 47.00455973012536 48.23397836568421 51.05077855634685 50.18595989526482 46.25675063883067 51.763709359137884 51.05077855634685 44.503474242727776 50.57285657901861 50.8753561145901 47.26427532996474 47.6097610793149 53.463983634171534 51.446709366573614 51.55959139370988 49.68976673792004 51.446709366573614 53.74869202606384 51.66359918014796 46.23108037794983 52.910747404060494 44.37261960996611 47.26427532996474 55.86022069002667 48.23397836568421 51.36207851053484 48.14386443662199 55.86857724939078 47.654128196949536 51.841774243544755 51.05077855634685 61.14750634449788 51.10113847239919 48.28402633528399 51.763709359137884 49.84522217972566 52.944344984820674 46.25675063883067 50.54735574310213 43.90404254135999 51.32200272670099 46.20157230516898 46.20157230516898 43.90404254135999 49.12662000080168
52.50702565740829 46.09900523476462 63.00797281432201 46.819232179525585 52.50702565740829 51.446709366573614 55.310635517987244 47.18128738588892 52.488637792900484 50.8753561145901 60.722673133194675 51.763709359137884 0.0 48.53546117564828 51.70544402747983 47.18128738588892 60.722673133194675 53.74869202606384 55.8199252013399 63.00797281432201 44.781434317286184 53.463983634171534 43.90404254135999 50.96481439055025 55.8199252013399 47.314958714167545 49.12662000080168 63.00797281432201 56.937663546727244 52.50702565740829 49.12662000080168 45.1209363004651 61.14750634449788 47.18128738588892 48.57251643623182 50.96481439055025 44.80309931232415 51.80152545540915 44.99258498344652 47.6097610793149 50.079775648269 52.24949132333693 57.375274116766846 49.10768814201961 50.54735574310213 44.503474242727776 52.50702565740829 52.944344984820674 55.86022069002667 51.71148205921317 45.1209363004651 51.70544402747983 51.98499261326377 47.6097610793149 51.446709366573614 60.722673133194675 54.09202617784965 51.387860648385015 55.17346496035168 43.948974442055814 49.10768814201961 57.744522950976275 47.79552855886464 51.70544402747983 47.18128738588892 55.8199252013399 47.26427532996474 51.05077855634685 45.1209363004651 55.381060285674074 42.63253218139578 53.05408010147222 52.399244052024386 47.26427532996474 50.079775648269 50.57285657901861 47.91009515765912 51.05077855634685 52.860266365964314 51.841774243544755 51.817302577914155 49.12662000080168 56.937663546727244 49.12662000080168 51.98499261326377 51.32200272670099 52.488637792900484 48.23397836568421 51.763709359137884 61.23831497046879 51.55959139370988 51.80152545540915 61.14750634449788 46.09900523476462 47.91009515765912 51.80152545540915 51.22404876078785 52.860266365964314 51.18618725185328 49.44803569615574
53.05408010147222 51.70544402747983 57.744522950976275 52.50702565740829 52.488637792900484 47.654128196949536 47.6097610793149 52.860266365964314 47.314958714167545 46.14723887652993 51.98499261326377 42.63253218139578 48.53546117564828 0.0 47.654128196949536 55.381060285674074 55.8199252013399 60.722673133194675 61.23831497046879 49.10768814201961 42.63253218139578 51.446709366573614 53.05408010147222 47.314958714167545 51.05077855634685 61.23831497046879 55.381060285674074 49.84522217972566 51.05077855634685 51.32200272670099 51.446709366573614 46.23108037794983 52.24949132333693 55.30734588190087 54.53620795009444 46.819232179525585 46.20157230516898 47.6568002127859 52.399244052024386 45.1209363004651 46.09900523476462 54.29367289384511 51.40738946830865 55.86022069002667 49.746089060473736 48.53546117564828 47.654128196949536 50.96481439055025 47.654128196949536 49.84522217972566 49.746089060473736 51.10113847239919 51.22404876078785 52.944344984820674 44.503474242727776 44.27542804279034 56.937663546727244 54.09202617784965 46.23108037794983 52.50702565740829 43.90404254135999 46.38439308773678 46.20157230516898 49.12662000080168 51.22404876078785 52.910747404060494 51.55959139370988 46.38439308773678 43.948974442055814 46.20157230516898 44.503474242727776 46.09900523476462 50.18595989526482 57.744522950976275 55.463620928948934 50.57285657901861 51.763709359137884 47.00455973012536 52.860266365964314 51.817302577914155 63.00797281432201 47.654128196949536 55.71087118768693 48.14386443662199 55.71087118768693 50.8753561145901 41.527708740484655 51.05077855634685 55.381060285674074 41.69964159184791 49.10768814201961 46.20157230516898 46.23108037794983 51.66359918014796 52.488637792900484 45.1209363004651 51.387860648385015 46.819232179525585 63.00797281432201 57.744522950976275
46.25675063883067 51.55959139370988 47.6097610793149 48.14386443662199 51.55959139370988 53.82629872442725 50.57285657901861 51.32200272670099 47.314958714167545 49.10768814201961 53.74869202606384 47.03395520966434 51.70544402747983 47.654128196949536 0.0 49.746089060473736 51.841774243544755 61.23831497046879 52.488637792900484 53.05408010147222 42.63253218139578 50.80421502809344 44.27542804279034 51.32200272670099 51.66359918014796 49.10768814201961 49.68976673792004 46.20157230516898 51.70544402747983 51.70544402747983 50.8753561145901 53.74869202606384 63.00797281432201 45.1209363004651 51.70544402747983 50.80421502809344 46.14723887652993 46.23108037794983 43.948974442055814 47.6568002127859 44.781434317286184 51.80152545540915 52.860266365964314 53.05408010147222 61.14750634449788 50.96481439055025 50.8753561145901 51.66359918014796 46.23108037794983 51.66359918014796 44.27542804279034 51.55959139370988 54.53620795009444 47.00455973012536 52.24949132333693 52.24949132333693 54.09202617784965 49.746089060473736 53.74869202606384 43.90404254135999 47.00455973012536 57.744522950976275 46.20157230516898 48.6968052274279 51.80152545540915 47.26427532996474 51.763709359137884 55.463620928948934 51.446709366573614 51.841774243544755 49.44803569615574 49.10768814201961 48.6968052274279 48.53546117564828 50.079775648269 50.8753561145901 47.18128738588892 50.079775648269 55.17346496035168 57.375274116766846 55.381060285674074 44.503474242727776 47.654128196949536 51.71148205921317 50.80421502809344 50.80421502809344 41.69964159184791 55.86857724939078 51.32200272670099 50.57285657901861 52.24949132333693 47.03395520966434 50.8753561145901 50.18595989526482 60.722673133194675 50.079775648269 46.38439308773678 53.74869202606384 46.14723887652993 50.54735574310213
60.722673133194675 47.6568002127859 54.29367289384511 50.8753561145901 55.463620928948934 52.488637792900484 51.71148205921317 51.70544402747983 51.32200272670099 49.68976673792004 43.90404254135999 47.26427532996474 47.18128738588892 55.381060285674074 49.746089060473736 0.0 48.57251643623182 48.14386443662199 53.463983634171534 54.53620795009444 48.6968052274279 49.10768814201961 53.31180110433392 51.40738946830865 55.86857724939078 47.18128738588892 55.463620928948934 51.05077855634685 55.86022069002667 51.446709366573614 53.463983634171534 46.14723887652993 46.25675063883067 49.12662000080168 44.781434317286184 55.86857724939078 51.71148205921317 47.03395520966434 51.841774243544755 51.71148205921317 55.30734588190087 51.80152545540915 46.38439308773678 49.746089060473736 48.23397836568421 55.463620928948934 46.23108037794983 47.03395520966434 54.09202617784965 46.20157230516898 47.79552855886464 60.722673133194675 50.54735574310213 48.53546117564828 51.05077855634685 46.14723887652993 43.948974442055814 54.53620795009444 51.55959139370988 55.86022069002667 54.53620795009444 55.381060285674074 44.37261960996611 61.14750634449788 48.57251643623182 48.23397836568421 45.1209363004651 53.05408010147222 51.05077855634685 48.14386443662199 43.90404254135999 51.70544402747983 49.09519707917392 48.53546117564828 52.50702565740829 51.70544402747983 44.37261960996611 44.80309931232415 48.14386443662199 48.53546117564828 52.488637792900484 52.399244052024386 55.8199252013399 52.447509388163766 51.36207851053484 63.00797281432201 52.447509388163766 48.53546117564828 49.10768814201961 51.98499261326377 52.24949132333693 44.80309931232415 51.70544402747983 44.781434317286184 44.27542804279034 47.26427532996474 55.30734588190087 49.51137922506601 52.860266365964314 48.23397836568421
46.20157230516898 57.375274116766846 41.527708740484655 41.69964159184791 51.817302577914155 49.68976673792004 47.654128196949536 51.841774243544755 51.40738946830865 45.1209363004651 46.38439308773678 51.05077855634685 60.722673133194675 55.8199252013399 51.841774243544755 48.57251643623182 0.0 52.24949132333693 46.20157230516898 50.18595989526482 47.314958714167545 51.446709366573614 46.09900523476462 54.53620795009444 50.079775648269 53.82629872442725 50.8753561145901 57.744522950976275 52.399244052024386 47.654128196949536 55.8199252013399 51.817302577914155 57.375274116766846 51.32200272670099 49.09519707917392 55.86857724939078 48.28402633528399 51.387860648385015 44.80309931232415 51.387860648385015 52.910747404060494 43.948974442055814 51.22404876078785 52.860266365964314 55.310635517987244 54.29367289384511 55.8199252013399 49.68976673792004 55.463620928948934 55.17346496035168 52.860266365964314 51.18618725185328 63.00797281432201 47.654128196949536 50.57285657901861 53.74869202606384 63.00797281432201 53.74869202606384 53.463983634171534 53.82629872442725 51.763709359137884 49.68976673792004 48.6968052274279 46.38439308773678 47.6097610793149 53.463983634171534 51.446709366573614 47.314958714167545 49.12662000080168 46.38439308773678 54.09202617784965 53.31180110433392 44.80309931232415 52.24949132333693 51.10113847239919 48.6968052274279 47.03395520966434 55.463620928948934 55.71087118768693 47.6568002127859 51.841774243544755 48.28402633528399 51.70544402747983 55.463620928948934 52.399244052024386 61.14750634449788 57.744522950976275 46.20157230516898 48.57251643623182 52.488637792900484 51.387860648385015 55.71087118768693 51.40738946830865 57.375274116766846 48.28402633528399 51.05077855634685 51.98499261326377 51.817302577914155 53.74869202606384 60.722673133194675
47.6097610793149 55.8199252013399 51.10113847239919 55.8199252013399 49.68976673792004 42.63253218139578 57.744522950976275 47.00455973012536 57.375274116766846 50.54735574310213 54.53620795009444 55.86022069002667 53.74869202606384 60.722673133194675 61.23831497046879 48.14386443662199 52.24949132333693 0.0 49.746089060473736 50.8753561145901 52.24949132333693 49.746089060473736 44.27542804279034 44.80309931232415 46.23108037794983 50.079775648269 48.53546117564828 47.314958714167545 49.51137922506601 47.6097610793149 60.722673133194675 48.53546117564828 48.53546117564828 51.10113847239919 51.98499261326377 52.860266365964314 61.23831497046879 50.8753561145901 51.22404876078785 48.23397836568421 52.860266365964314 48.53546117564828 50.18595989526482 47.91009515765912 52.910747404060494 55.381060285674074 49.09519707917392 43.948974442055814 49.51137922506601 46.819232179525585 55.381060285674074 51.05077855634685 47.00455973012536 47.03395520966434 51.80152545540915 51.98499261326377 51.387860648385015 51.40738946830865 46.14723887652993 47.91009515765912 50.18595989526482 48.23397836568421 44.37261960996611 52.944344984820674 50.079775648269 55.17346496035168 49.09519707917392 48.57251643623182 51.841774243544755 44.80309931232415 47.26427532996474 47.03395520966434 44.27542804279034 55.30734588190087 51.05077855634685 47.654128196949536 52.910747404060494 53.82629872442725 51.70544402747983 49.12662000080168 55.17346496035168 47.03395520966434 47.654128196949536 44.27542804279034 44.80309931232415 55.86022069002667 52.944344984820674 46.09900523476462 41.69964159184791 51.446709366573614 55.71087118768693 48.57251643623182 44.27542804279034 51.98499261326377 48.14386443662199 50.18595989526482 46.38439308773678 43.90404254135999 41.527708740484655 51.66359918014796
54.53620795009444 60.722673133194675 49.44803569615574 52.447509388163766 51.55959139370988 55.71087118768693 50.57285657901861 43.90404254135999 47.00455973012536 52.860266365964314 41.69964159184791 49.09519707917392 55.8199252013399 61.23831497046879 52.488637792900484 53.463983634171534 46.20157230516898 49.746089060473736 0.0 52.399244052024386 49.10768814201961 51.18618725185328 55.310635517987244 44.37261960996611 49.44803569615574 53.463983634171534 41.69964159184791 43.948974442055814 54.29367289384511 51.70544402747983 55.86857724939078 60.722673133194675 57.375274116766846 55.310635517987244 53.74869202606384 46.20157230516898 51.817302577914155 55.17346496035168 54.09202617784965 51.71148205921317 61.23831497046879 55.463620928948934 49.51137922506601 44.37261960996611 46.38439308773678 55.463620928948934 44.781434317286184 52.910747404060494 46.38439308773678 50.96481439055025 52.488637792900484 52.24949132333693 51.36207851053484 49.746089060473736 43.948974442055814 53.82629872442725 55.463620928948934 44.37261960996611 47.654128196949536 52.447509388163766 47.18128738588892 48.6968052274279 54.29367289384511 49.68976673792004 51.80152545540915 55.30734588190087 49.746089060473736 41.69964159184791 52.447509388163766 47.314958714167545 49.746089060473736 61.14750634449788 53.05408010147222 51.66359918014796 51.98499261326377 54.09202617784965 44.80309931232415 49.746089060473736 41.527708740484655 51.40738946830865 49.09519707917392 51.387860648385015 51.55959139370988 51.10113847239919 48.57251643623182 55.86857724939078 48.6968052274279 49.68976673792004 53.74869202606384 47.79552855886464 51.80152545540915 55.86857724939078 49.84522217972566 51.22404876078785 52.399244052024386 47.79552855886464 55.310635517987244 47.91009515765912 47.654128196949536 47.6568002127859
52.910747404060494 55.381060285674074 51.32200272670099 51.70544402747983 51.36207851053484 51.71148205921317 51.387860648385015 49.84522217972566 54.29367289384511 50.96481439055025 48.23397836568421 51.18618725185328 63.00797281432201 49.10768814201961 53.05408010147222 54.53620795009444 50.18595989526482 50.8753561145901 52.399244052024386 0.0 51.66359918014796 51.446709366573614 52.860266365964314 52.488637792900484 54.29367289384511 52.488637792900484 51.32200272670099 51.817302577914155 50.18595989526482 53.05408010147222 53.82629872442725 53.74869202606384 47.314958714167545 51.18618725185328 52.399244052024386 51.98499261326377 49.09519707917392 51.80152545540915 50.18595989526482 51.36207851053484 50.54735574310213 54.53620795009444 51.71148205921317 50.8753561145901 44.80309931232415 50.18595989526482 51.05077855634685 47.18128738588892 49.10768814201961 52.24949132333693 52.910747404060494 55.310635517987244 50.54735574310213 51.817302577914155 45.1209363004651 53.463983634171534 51.387860648385015 46.25675063883067 49.10768814201961 48.14386443662199 41.527708740484655 50.96481439055025 61.14750634449788 44.80309931232415 55.86857724939078 47.03395520966434 55.310635517987244 44.99258498344652 55.71087118768693 50.18595989526482 51.841774243544755 55.86857724939078 46.09900523476462 55.310635517987244 50.57285657901861 44.781434317286184 48.53546117564828 54.29367289384511 46.09900523476462 44.27542804279034 49.746089060473736 47.6097610793149 50.18595989526482 52.399244052024386 55.17346496035168 51.817302577914155 47.6568002127859 46.38439308773678 61.14750634449788 52.50702565740829 51.18618725185328 47.79552855886464 43.948974442055814 51.841774243544755 43.90404254135999 51.22404876078785 48.14386443662199 55.17346496035168 54.29367289384511 49.84522217972566
52.910747404060494 51.22404876078785 46.23108037794983 55.30734588190087 52.488637792900484 47.6097610793149 51.446709366573614 44.781434317286184 55.86857724939078 44.503474242727776 41.527708740484655 49.09519707917392 44.781434317286184 42.63253218139578 42.63253218139578 48.6968052274279 47.314958714167545 52.24949132333693 49.10768814201961 51.66359918014796 0.0 53.463983634171534 53.31180110433392 46.38439308773678 49.746089060473736 51.98499261326377 52.910747404060494 55.463620928948934 47.6568002127859 45.1209363004651 47.18128738588892 51.32200272670099 53.74869202606384 49.51137922506601 47.6568002127859 45.1209363004651 51.18618725185328 53.74869202606384 51.80152545540915 57.744522950976275 49.12662000080168 55.71087118768693 49.12662000080168 51.55959139370988 50.18595989526482 49.10768814201961 47.6097610793149 57.375274116766846 47.00455973012536 53.74869202606384 52.50702565740829 44.781434317286184 51.446709366573614 52.910747404060494 49.09519707917392 51.71148205921317 53.05408010147222 49.12662000080168 47.26427532996474 53.463983634171534 47.314958714167545 60.722673133194675 47.6097610793149 47.79552855886464 44.503474242727776 53.31180110433392 41.69964159184791 51.446709366573614 53.31180110433392 54.53620795009444 41.69964159184791 49.68976673792004 44.37261960996611 54.09202617784965 55.86857724939078 48.53546117564828 53.74869202606384 51.66359918014796 50.8753561145901 56.937663546727244 50.54735574310213 46.819232179525585 50.8753561145901 51.763709359137884 49.84522217972566 51.10113847239919 55.463620928948934 45.1209363004651 51.841774243544755 47.6097610793149 63.00797281432201 51.18618725185328 53.82629872442725 52.447509388163766 51.71148205921317 47.654128196949536 42.63253218139578 45.1209363004651 49.746089060473736 51.70544402747983
47.6097610793149 51.66359918014796 48.57251643623182 54.09202617784965 44.781434317286184 54.29367289384511 51.446709366573614 49.09519707917392 55.463620928948934 55.8199252013399 47.314958714167545 56.937663546727244 53.463983634171534 51.446709366573614 50.80421502809344 49.10768814201961 51.446709366573614 49.746089060473736 51.18618725185328 51.446709366573614 53.463983634171534 0.0 45.1209363004651 47.314958714167545 50.079775648269 51.841774243544755 51.55959139370988 52.447509388163766 55.8199252013399 53.463983634171534 51.841774243544755 54.09202617784965 50.54735574310213 51.22404876078785 49.44803569615574 42.63253218139578 46.38439308773678 50.96481439055025 54.29367289384511 54.29367289384511 51.387860648385015 46.25675063883067 55.463620928948934 51.40738946830865 53.463983634171534 44.80309931232415 48.53546117564828 54.09202617784965 51.71148205921317 51.446709366573614 51.98499261326377 46.20157230516898 52.50702565740829 45.1209363004651 51.763709359137884 51.763709359137884 53.82629872442725 51.40738946830865 51.817302577914155 53.05408010147222 46.23108037794983 54.29367289384511 47.79552855886464 46.23108037794983 51.10113847239919 51.22404876078785 49.10768814201961 48.57251643623182 51.763709359137884 47.91009515765912 52.399244052024386 48.53546117564828 51.05077855634685 53.31180110433392 46.25675063883067 43.948974442055814 44.27542804279034 44.99258498344652 46.09900523476462 61.14750634449788 47.314958714167545 46.09900523476462 54.53620795009444 51.40738946830865 46.25675063883067 55.17346496035168 46.09900523476462 52.488637792900484 44.99258498344652 44.781434317286184 44.37261960996611 51.55959139370988 43.948974442055814 46.20157230516898 48.53546117564828 53.82629872442725 46.38439308773678 55.86857724939078 52.944344984820674 53.31180110433392
