100
0.0 86.48457244419151 70.77223268130967 81.7768396143247 111.21058866414486 146.32198568115479 138.37740925301762 79.5944511516409 77.95227164089205 60.38510270556999 136.67245767707684 114.65498617736174 75.14818224548239 35.74246083871469 115.78762671873525 107.26364350971164 88.06921782324743 78.94069301537178 124.50620008884187 89.0178753107805 92.74235133410373 61.56993250025405 108.87281375176038 136.71661171910907 101.96784642679144 94.35491772814726 96.89337480341108 83.05254169091087 106.04364572567515 133.0694125961735 101.76880029617041 118.09833727453645 104.88088480815762 72.70330736367069 70.56327055213947 100.78199954468182 68.9535511587039 85.95372689948188 89.6486459933446 72.91498391465609 90.32747322731848 51.823400370835316 97.47329046640806 131.33339545586807 122.19668019401674 92.5770574261705 110.83140751093002 130.61078381499516 104.46797290887798 118.74623839133014 111.28018081018735 103.69353021670949 113.37946726374877 99.81007756400098 105.25677664254025 55.19240439414296 115.37157843016423 95.11999197284267 87.34339186328822 76.25070396317847 113.88515087833521 85.32450866291543 107.22968311914127 87.36126441881495 123.04192362555945 121.59096041635993 101.76880029617041 101.7206475478895 109.37776254225001 110.72572248570145 118.67051781814124 110.11675025416926 105.96859278894459 47.65728191569776 94.4315118824718 136.71661171910907 136.23526317418634 122.29677722844721 75.37304354819979 124.57960819662637 91.66982734667019 146.43428792262887 125.85156360825165 99.10929768234172 67.35317773024758 106.0922560926136 109.3977199900306 86.48329321063936 122.19668019401674 87.16906574098653 84.03555620308207 69.66457049408511 49.87406525248655 122.2376171085878 93.23221239849497 61.56993250025405 135.14742766606557 106.8983972490226 94.35491772814726 121.38225904040779
86.48457244419151 0.0 83.54992228175647 90.98617862817522 85.79625808522022 95.13384076721049 89.04549831979855 112.63774859066129 98.22765159489438 99.3836944906086 80.18503150257195 123.1429945547934 88.75027682406632 91.90078020014914 75.343685435818 101.09409075326793 104.53796267549791 113.58652502629627 75.37304354819979 132.68861722604254 144.78873513096147 74.178456292567 80.53513258066447 105.09667185414926 69.68014268207794 92.23606862281935 120.80559093929456 121.03498741136917 62.16733701593824 84.73854911116928 69.11654617953927 59.94058017572448 136.67245767707684 67.50144303109974 164.95268338320443 88.61746647228719 90.76690207229416 109.67698931192749 135.39848354662882 144.78873513096147 101.63115693555821 83.04121339904361 36.253286028965746 94.53311335283935 97.40050149179251 108.40092843648549 110.13999179583473 103.08864953475926 68.71899912694117 104.36892840294409 92.74235133410373 79.5944511516409 108.4833219400915 125.85156360825165 85.32450866291543 114.33305133284897 67.35317773024758 88.06921782324743 78.71794139370748 109.07332870735914 110.98446304930222 80.10673535543745 103.08864953475926 118.97473830178112 58.02473840333964 96.97258206538933 77.33052820244008 115.25357555311088 123.1429945547934 89.0178753107805 104.02754279023641 72.64353457329676 85.51102931900604 99.63586323184879 117.43743600848417 71.83640959462511 71.83640959462511 111.92823480170927 117.05280414407183 134.48716044950493 76.25070396317847 107.62984344424893 112.0706741592364 100.79810669080442 117.47723947717068 135.2238212294386 124.57960819662637 109.01842642298013 117.69569621841391 100.14669049945192 74.178456292567 50.135050052969355 89.4561488647102 130.61078381499516 61.56993250025405 111.39387953359235 135.14742766606557 92.74235133410373 124.57960819662637 95.19917965021443
70.77223268130967 83.54992228175647 0.0 98.43094406203919 73.67791731340941 91.36808008953328 108.04095897040104 100.23844588550124 101.7206475478895 81.06732337847257 76.73223663904018 93.37611735062673 105.96859278894459 168.28781188178323 102.57947258203228 68.30374184893635 119.39749193633796 98.46376141049535 120.71912686718359 78.71794139370748 101.13692267851759 124.69712831682484 118.18923997719523 106.13906974179295 67.50144303109974 119.39749193633796 128.9451904954608 69.1361157005183 125.31743466057618 126.60555290338436 93.37611735062673 89.1560849291649 113.20411696166313 111.01962535801101 107.33647742094588 83.7545059262136 86.81827131117521 93.77812595065981 65.22004807243918 111.94751982409025 114.54375439615437 67.106452866821 126.2105272570562 94.53311335283935 58.02473840333964 118.97473830178112 73.67791731340941 119.3296916885455 67.35317773024758 89.04549831979855 76.6153163851852 95.48019294379186 129.78493485147774 90.04196234280008 114.55442964721665 103.49119014853495 62.18011153391659 78.7686565879803 79.69856063997386 48.309130899540406 127.46390021665015 79.99250105192743 132.03029744995183 115.69457562591946 63.68249607148645 104.66445945635567 85.79625808522022 72.11815652174262 109.37776254225001 85.1088123508436 98.9481892581195 124.34886612681493 50.42580002242641 118.74623839133014 110.83140751093002 87.26618569735939 100.14669049945192 122.9931306297988 129.26153044473708 107.128469306066 132.45876447952787 67.35317773024758 71.12536697095533 92.57599580556939 55.19240439414296 93.44370935865277 105.87565322434214 168.28781188178323 78.58203659688164 110.11675025416926 126.05178934929991 97.40050149179251 86.05665488700194 92.28244402988143 122.4720530743682 69.61244737719068 83.04121339904361 141.85556676663322 72.56898182020436 124.25697441494904
81.7768396143247 90.98617862817522 98.43094406203919 0.0 110.08399103757274 105.79137520602791 59.47134644092469 149.01959727668077 82.57312044992617 80.07004652598495 122.29677722844721 106.69877481996689 129.30746138689034 51.73106515168644 135.2238212294386 65.22004807243918 123.83673709763366 73.07409634071863 65.27110329258068 72.87691318575148 133.0694125961735 95.79550861826624 100.80316200723479 50.96865105384023 101.13692267851759 102.61288311721017 92.57599580556939 82.17961659529618 116.22498584837176 50.42580002242641 106.00443494640119 63.68249607148645 107.05972946428055 65.70120210621764 113.28894272250163 82.84426240314485 64.84945647148606 74.14208564956812 46.54598463109245 102.23408858029127 87.81917472731723 97.8966284516529 114.33305133284897 98.72550470298161 87.44051748232145 120.71912686718359 81.06732337847257 127.5330111801261 92.2247027482758 116.22498584837176 72.11815652174262 67.35317773024758 92.23606862281935 46.54598463109245 124.34886612681493 118.7816872976391 111.47244737106824 129.78493485147774 120.71912686718359 109.08792262821967 101.96784642679144 102.84945200564076 120.80559093929456 146.32198568115479 50.5392379819662 114.10010135868578 97.97418189180098 70.78932052904536 101.7206475478895 92.37544992366684 109.13867667153586 93.77812595065981 109.67698931192749 98.22765159489438 134.23073784818422 99.03836361623483 107.62984344424893 95.19917965021443 124.50620008884187 95.79550861826624 101.28149656908745 74.178456292567 120.85527896971949 136.67245767707684 83.04121339904361 111.96305184136102 88.90589123408887 114.55442964721665 67.01827787322652 96.10931151311347 92.37544992366684 86.78640577224456 96.67249359309703 65.22004807243918 100.23844588550124 104.66445945635567 102.84945200564076 115.25357555311088 89.04619628268594 130.95131746947484
111.21058866414486 85.79625808522022 73.67791731340941 110.08399103757274 0.0 137.968468261039 86.31430050126012 69.11654617953927 57.4471974701828 91.36808008953328 101.20612341448884 126.60555290338436 95.7722399717968 132.6696072730347 62.933933783913936 72.11815652174262 140.39931695703166 101.7206475478895 89.04549831979855 93.44370935865277 109.3977199900306 103.46510948539265 105.20375278848107 102.57947258203228 120.62187713503714 101.93982077483034 136.23526317418634 86.94232090320585 80.50050435464397 136.62243137393318 70.80434494193138 141.33728070178458 107.33647742094588 128.2470831682114 82.70481530925278 95.78666555287886 120.62187713503714 72.63172436375939 141.14123060415102 120.34465666976376 92.8917981225713 85.1088123508436 124.11393723005146 59.41941829829739 54.021928900946044 90.92017466110141 127.82387020020577 88.06921782324743 119.39749193633796 137.24205969326812 87.7234753594039 59.404057355619656 95.9579267081335 47.96889966540737 126.14059906907892 87.36126441881495 95.11999197284267 73.67791731340941 119.81025726103147 54.021928900946044 50.5392379819662 96.50220767334245 106.92217624774796 129.26153044473708 101.1917782985645 81.51321222900525 67.01827787322652 60.38510270556999 88.43385124050896 67.01827787322652 93.76270549192924 103.30569111518801 84.58625221124383 72.5258195023065 131.05168532016853 100.79810669080442 111.47244737106824 72.10804033456688 92.88485602183881 103.13117998657434 111.96305184136102 101.28149656908745 95.35446377881883 78.71794139370748 153.11993962653438 83.44182114570732 84.13212342558593 81.34730705284626 109.5980619754128 119.75113100116242 70.44889438555137 120.62187713503714 82.70481530925278 100.78199954468182 117.30958117424726 80.03294783855432 132.03029744995183 139.53635666448676 101.09409075326793 111.77401949065563
146.32198568115479 95.13384076721049 91.36808008953328 105.79137520602791 137.968468261039 0.0 135.55130269859103 136.52148112015584 122.79542476802719 67.54373308082785 98.98420918626637 106.17946387778252 136.71661171910907 24.70779007853251 147.9400911504066 113.8863425439694 143.40493565460125 93.9212154432985 113.20411696166313 114.79166269469732 120.27595581684345 131.05168532016853 59.440559759699674 67.50144303109974 100.69745000349187 132.68861722604254 120.71912686718359 69.68014268207794 122.03136493444106 91.30150084483193 110.53185029345778 124.11393723005146 103.97606525203925 105.20375278848107 84.72747800819636 126.2105272570562 81.29031777965403 103.13117998657434 102.79629981630438 144.78873513096147 83.67612923256942 83.05387987779648 64.94388445794324 115.69457562591946 133.7576703783756 117.69569621841391 98.94300763882201 135.70471221622034 103.97606525203925 107.26595201194387 60.38510270556999 75.59485823654683 69.7773874331443 73.81733407261261 104.66445945635567 111.91695155458693 117.43743600848417 123.83673709763366 95.35446377881883 79.75370414270994 95.9579267081335 92.23606862281935 69.03890085894756 80.53513258066447 114.79166269469732 116.19945556103032 98.13516949621544 61.38812711122982 110.01385420091032 84.7448804097298 94.4315118824718 90.32747322731848 131.05168532016853 92.37544992366684 109.92260025470269 106.48003192946182 72.64353457329676 124.42723191504733 103.49119014853495 97.97418189180098 67.50144303109974 111.7719308741798 86.91687926659161 130.36072502157666 100.78199954468182 149.01959727668077 168.62175114378007 110.53185029345778 104.36892840294409 94.22690207355869 67.23278365897853 110.72572248570145 97.24471760606757 81.02056894258149 102.90462677789293 89.88988168252656 80.99098052574425 93.77812595065981 134.21624297824778 105.39461063912312
138.37740925301762 89.04549831979855 108.04095897040104 59.47134644092469 86.31430050126012 135.55130269859103 0.0 62.933933783913936 92.2247027482758 124.11393723005146 67.01827787322652 76.99471737633647 116.19945556103032 88.49692402652512 103.08864953475926 108.40092843648549 135.55130269859103 51.12431169086697 117.74049537271893 112.68044170294436 67.74564118164616 121.03498741136917 95.19917965021443 94.22690207355869 42.46375541057722 113.58652502629627 96.90199522064592 70.78932052904536 153.11993962653438 101.96784642679144 102.57947258203228 81.02056894258149 131.05168532016853 106.31381073522985 183.56753479433894 71.48028957894425 85.32450866291543 114.79166269469732 124.11393723005146 124.11393723005146 133.43461775101628 118.6248378932896 87.99337380449951 97.24471760606757 135.2238212294386 114.54375439615437 79.4256903902464 36.253286028965746 91.42690117648468 104.37647758084934 131.00966535683602 103.38593472222989 114.6425311533887 119.43710389846756 96.97258206538933 130.73439105200328 88.49692402652512 82.44804562858444 91.42690117648468 88.43385124050896 100.43622791483648 172.71299258152715 98.62851072671124 104.75747354510293 111.28018081018735 98.13516949621544 108.87281375176038 138.2333611370119 117.92008246188308 153.29010453696353 119.39749193633796 104.79220085578287 100.23844588550124 55.226934485556555 78.58203659688164 97.47329046640806 112.63774859066129 97.97418189180098 117.92008246188308 104.36892840294409 103.30569111518801 134.60563081599378 142.32358747913344 114.65498617736174 65.70120210621764 103.29419034261994 84.3505364799879 127.32786989833721 80.20048782038072 84.01892435312561 136.67245767707684 99.81007756400098 133.0694125961735 62.933933783913936 105.79137520602791 149.01959727668077 100.78199954468182 97.0239705321631 103.13117998657434 86.48457244419151
79.5944511516409 112.63774859066129 100.23844588550124 149.01959727668077 69.11654617953927 136.52148112015584 62.933933783913936 0.0 85.95372689948188 127.46390021665015 73.45042600869385 122.37158840757056 55.19240439414296 75.42498714090937 100.94095786810134 112.01108190889443 47.65728191569776 93.12830164903524 137.968468261039 75.14818224548239 93.92417765281284 67.84348673026733 83.44182114570732 66.30566969826492 130.95131746947484 132.6696072730347 89.1560849291649 100.79810669080442 60.38510270556999 129.12932226992086 105.1836153695863 88.66158917757588 123.1429945547934 85.1088123508436 83.14312042659643 109.83610175169046 133.77928741775264 91.75902637842475 87.65767349466782 129.78493485147774 81.75746447610791 96.14955905367249 109.07332870735914 87.81917472731723 124.57960819662637 144.78873513096147 82.57312044992617 115.63062572924781 134.31277674548386 127.61135580644357 90.04196234280008 85.51102931900604 110.89806899373333 118.867753595771 113.56870070459766 134.60563081599378 140.02223259161636 101.1917782985645 96.50220767334245 104.36892840294409 108.40092843648549 69.61244737719068 118.18923997719523 99.78135100130955 100.14669049945192 102.11792151815607 75.59485823654683 89.0178753107805 94.56813432264168 122.46935949050905 164.95268338320443 120.34465666976376 108.13988973949841 129.30746138689034 76.99471737633647 71.48028957894425 46.49921962950947 131.49784235151003 119.54915991706645 37.93293014113447 88.75027682406632 129.26153044473708 68.45193408865634 115.37157843016423 111.77401949065563 124.11393723005146 183.56753479433894 135.2238212294386 92.31602780900653 88.43385124050896 87.44051748232145 110.93254838647715 85.32450866291543 117.92008246188308 104.66445945635567 87.7234753594039 86.91687926659161 117.30958117424726 83.44182114570732 87.30934186935556
77.95227164089205 98.22765159489438 101.7206475478895 82.57312044992617 57.4471974701828 122.79542476802719 92.2247027482758 85.95372689948188 0.0 114.33305133284897 92.37544992366684 108.13988973949841 76.65499677449989 123.1429945547934 89.4561488647102 99.03836361623483 128.77254780167576 96.67249359309703 86.78640577224456 141.5499971747875 136.23526317418634 118.74623839133014 106.69877481996689 72.87691318575148 46.41656197801506 140.39931695703166 71.68745012389697 62.18011153391659 111.39387953359235 131.65740265255886 111.01962535801101 67.23278365897853 107.4255245066421 115.61223566329895 46.49921962950947 105.1836153695863 80.20048782038072 86.05665488700194 112.86947002065695 121.55555816785184 91.55145292357197 67.54373308082785 91.55145292357197 86.05665488700194 137.72796868116825 73.24506331206345 85.01650927573533 87.19900457079288 112.34069237072714 84.58625221124383 81.95952070633453 122.37951292866794 67.84348673026733 143.63286990934085 126.07062511544328 107.22968311914127 116.36990264697309 103.38593472222989 84.58625221124383 96.04377189317492 100.79810669080442 106.8983972490226 141.83329860764928 122.9931306297988 72.87691318575148 110.08399103757274 86.51388254105873 108.04095897040104 106.8497016040733 116.54857586384928 93.81583789428933 115.69457562591946 88.49692402652512 124.11393723005146 94.48232143058182 56.05720392372181 87.16906574098653 70.80434494193138 97.76482011576103 98.98420918626637 100.94095786810134 107.128469306066 121.03498741136917 80.48738347686997 142.78382605126984 77.6703772751766 99.05999168610347 55.226934485556555 70.56327055213947 93.27539581477728 82.17961659529618 84.7448804097298 118.09833727453645 59.94058017572448 115.45629813126799 124.25697441494904 144.82032608045526 103.13117998657434 100.62516746702156 50.96865105384023
60.38510270556999 99.3836944906086 81.06732337847257 80.07004652598495 91.36808008953328 67.54373308082785 124.11393723005146 127.46390021665015 114.33305133284897 0.0 66.81507706514621 111.28018081018735 74.89652903473097 89.8114466480543 98.98420918626637 47.48913168028454 80.48738347686997 139.62365884764802 75.66407874067284 135.39807664439581 131.33339545586807 72.10804033456688 89.88988168252656 102.11792151815607 98.46376141049535 111.28018081018735 79.5944511516409 87.65767349466782 155.81680902835316 78.94069301537178 101.7206475478895 35.74246083871469 87.30934186935556 81.7768396143247 102.23408858029127 143.40493565460125 97.55393692245403 127.82387020020577 113.56870070459766 101.96784642679144 96.89337480341108 99.3836944906086 121.14489496773743 87.26618569735939 85.82474022008608 124.15447284569396 59.11881576724916 108.30519120845385 129.26153044473708 93.8794150286833 119.90067009928728 121.14489496773743 117.14177593960775 72.05325666607885 99.29697749616386 70.56327055213947 134.48716044950493 87.99337380449951 92.28244402988143 124.50620008884187 144.59069912799865 66.33259726290929 86.48329321063936 85.01650927573533 149.01959727668077 116.30682900326198 116.22498584837176 113.98997448763453 94.4315118824718 89.6486459933446 80.07004652598495 63.40493818499729 104.66445945635567 142.30666622986797 80.07004652598495 119.54915991706645 89.06438498354262 132.03029744995183 65.22004807243918 99.02893528610959 91.42690117648468 122.19668019401674 84.73854911116928 72.56898182020436 140.39931695703166 93.92417765281284 129.26153044473708 111.39387953359235 91.66982734667019 72.63172436375939 104.75887915837535 56.05720392372181 108.88191633835508 117.47723947717068 119.75113100116242 121.55555816785184 133.7576703783756 117.92008246188308 99.3836944906086 114.94455218288883
136.67245767707684 80.18503150257195 76.73223663904018 122.29677722844721 101.20612341448884 98.98420918626637 67.01827787322652 73.45042600869385 92.37544992366684 66.81507706514621 0.0 94.56813432264168 122.37158840757056 103.575429388268 81.81287807913566 126.76255969452144 89.06438498354262 118.52378767866568 92.45868003860006 97.0239705321631 65.70120210621764 95.78666555287886 114.62903190364266 72.5258195023065 120.3611726391399 89.04549831979855 123.67453842204019 67.50144303109974 68.2635783302075 74.05238151172382 72.70330736367069 69.11654617953927 105.20375278848107 120.84498065155368 55.226934485556555 72.91498391465609 103.29419034261994 80.05310945180892 91.42690117648468 90.32747322731848 134.48716044950493 67.54373308082785 69.39148219251908 94.56813432264168 98.22765159489438 137.72796868116825 124.15447284569396 93.92417765281284 85.32450866291543 86.78640577224456 95.30647122952817 118.97473830178112 50.42580002242641 94.26424832000346 105.96859278894459 59.11881576724916 92.74235133410373 113.37946726374877 112.01108190889443 81.74626873194602 74.178456292567 72.91498391465609 95.13384076721049 143.2056678118685 87.16906574098653 89.04619628268594 81.95952070633453 102.66401384824675 128.4813282840128 98.72550470298161 101.7206475478895 69.03890085894756 115.3216008102217 128.23686297962894 84.92037618699902 113.37946726374877 152.70803555956468 69.39148219251908 94.56813432264168 102.85654082429667 75.4507432051505 115.364439338023 86.30170236416735 92.8917981225713 137.87776021564196 111.47244737106824 81.75746447610791 59.11881576724916 100.43622791483648 72.87691318575148 122.79542476802719 69.7773874331443 62.18011153391659 69.7773874331443 127.48552642190432 106.69877481996689 86.81827131117521 79.17221739305712 92.66802683223521 140.02223259161636
114.65498617736174 123.1429945547934 93.37611735062673 106.69877481996689 126.60555290338436 106.17946387778252 76.99471737633647 122.37158840757056 108.13988973949841 111.28018081018735 94.56813432264168 0.0 106.48003192946182 104.25224538289066 112.01108190889443 81.02056894258149 131.05168532016853 91.36808008953328 68.45193408865634 95.79550861826624 110.31904454831516 91.23606531465573 70.44889438555137 108.23385809606435 117.69569621841391 81.74626873194602 127.46390021665015 97.47329046640806 99.29697749616386 100.40742594213545 110.08399103757274 74.91288585759055 115.45629813126799 41.52730661883983 127.5330111801261 50.5392379819662 54.021928900946044 126.14059906907892 153.29010453696353 118.09833727453645 146.43428792262887 141.14123060415102 114.57685909769879 108.87281375176038 84.73854911116928 128.2470831682114 109.08792262821967 88.66158917757588 107.05972946428055 68.9535511587039 111.42225915786392 105.73294787261119 96.93821816910089 93.12830164903524 82.71608784604085 128.2470831682114 75.343685435818 82.45638060721633 37.93293014113447 80.87072327054938 111.42225915786392 118.6248378932896 106.01445972374194 79.99250105192743 114.79166269469732 130.36072502157666 92.28244402988143 71.61992555977254 72.05325666607885 144.59069912799865 70.44889438555137 76.49236408148514 128.85833632433196 51.73106515168644 96.95606259566746 122.03136493444106 69.61244737719068 102.90462677789293 56.05720392372181 127.48552642190432 87.7234753594039 115.49958425569584 86.31430050126012 115.61223566329895 143.63286990934085 62.18011153391659 153.11993962653438 140.02223259161636 118.7816872976391 77.33052820244008 93.44370935865277 67.54373308082785 92.57599580556939 112.68044170294436 61.38812711122982 76.65499677449989 122.46935949050905 114.79166269469732 87.44051748232145 114.04664745131758
75.14818224548239 88.75027682406632 105.96859278894459 129.30746138689034 95.7722399717968 136.71661171910907 116.19945556103032 55.19240439414296 76.65499677449989 74.89652903473097 122.37158840757056 106.48003192946182 0.0 89.4561488647102 100.69745000349187 74.89652903473097 132.6696072730347 91.23606531465573 91.36808008953328 136.71661171910907 75.14818224548239 84.01892435312561 93.23221239849497 61.56993250025405 94.48232143058182 115.37157843016423 42.46375541057722 93.8794150286833 113.88515087833521 136.67245767707684 132.92181952964685 124.25697441494904 134.60563081599378 68.71899912694117 67.54373308082785 72.56898182020436 106.92217624774796 102.23408858029127 97.55393692245403 81.95952070633453 90.98617862817522 110.77213203218817 84.73854911116928 123.44627688968717 97.0239705321631 89.4561488647102 110.7026112979016 86.81827131117521 84.03555620308207 87.19900457079288 130.76281355190747 127.49121960623485 128.9451904954608 101.09409075326793 94.26424832000346 67.01827787322652 50.42580002242641 119.43710389846756 111.94751982409025 126.14059906907892 91.36808008953328 116.22498584837176 70.80434494193138 74.88034134268433 120.3611726391399 106.92217624774796 116.36990264697309 114.65498617736174 99.47175444263222 104.53796267549791 132.68861722604254 120.80559093929456 168.28781188178323 102.85654082429667 133.0694125961735 62.933933783913936 83.7545059262136 81.74626873194602 122.2376171085878 127.49121960623485 113.98997448763453 69.1361157005183 97.97418189180098 118.09833727453645 77.16978706448182 87.81917472731723 93.69327778568123 135.39807664439581 135.2238212294386 108.88191633835508 81.95952070633453 98.46376141049535 92.28244402988143 81.7768396143247 132.68861722604254 90.43415677754918 119.90067009928728 111.77401949065563 107.22968311914127 59.94058017572448
35.74246083871469 91.90078020014914 168.28781188178323 51.73106515168644 132.6696072730347 24.70779007853251 88.49692402652512 75.42498714090937 123.1429945547934 89.8114466480543 103.575429388268 104.25224538289066 89.4561488647102 0.0 115.84780340842075 116.22498584837176 71.61992555977254 98.46376141049535 73.67791731340941 81.74626873194602 123.67453842204019 81.63267513368562 104.75747354510293 123.37706277889961 109.13867667153586 92.10141449604752 104.07325881267089 84.72747800819636 99.03836361623483 107.26595201194387 115.61223566329895 136.62243137393318 77.6703772751766 88.39919753101869 61.32553323562472 105.67790638094324 109.96176250700559 111.31604618147333 117.74049537271893 134.48716044950493 113.28894272250163 121.55555816785184 77.07132364227753 105.87565322434214 84.92037618699902 58.02473840333964 81.34730705284626 122.46935949050905 104.88088480815762 90.77926405585421 79.72940655078156 132.6696072730347 93.8794150286833 95.11999197284267 110.59947117801829 120.85527896971949 85.01650927573533 101.70558489772915 117.26754073859567 91.75902637842475 111.94751982409025 114.79166269469732 78.94069301537178 93.7880066660634 99.10929768234172 109.5980619754128 115.69457562591946 142.30666622986797 90.98617862817522 74.91288585759055 81.26050434897246 93.7880066660634 115.61223566329895 61.32553323562472 86.48329321063936 93.95092325829751 97.58790093066084 98.43094406203919 96.97258206538933 90.32747322731848 115.25357555311088 108.25724870392743 145.18650736476425 112.34869643968591 113.58652502629627 71.59987527033005 97.76482011576103 131.33339545586807 59.440559759699674 101.09409075326793 100.40742594213545 129.12932226992086 117.74049537271893 87.65767349466782 84.72747800819636 68.2635783302075 112.54181917654631 73.45042600869385 129.26153044473708 76.65499677449989
115.78762671873525 75.343685435818 102.57947258203228 135.2238212294386 62.933933783913936 147.9400911504066 103.08864953475926 100.94095786810134 89.4561488647102 98.98420918626637 81.81287807913566 112.01108190889443 100.69745000349187 115.84780340842075 0.0 81.29031777965403 78.7686565879803 89.06438498354262 133.7576703783756 51.683990605970756 123.04192362555945 136.23526317418634 123.44627688968717 72.13650627442547 109.37776254225001 94.22690207355869 74.88034134268433 81.34730705284626 59.94058017572448 77.12878503634099 51.12431169086697 75.42498714090937 128.2470831682114 80.20048782038072 108.45433018102837 130.76281355190747 126.76255969452144 75.57551298629043 87.7234753594039 35.74246083871469 83.44182114570732 99.3836944906086 83.6540609824745 94.53311335283935 79.91467425940297 139.62365884764802 105.79137520602791 108.4833219400915 77.12878503634099 67.84348673026733 133.7576703783756 73.07409634071863 97.8966284516529 141.85556676663322 98.13516949621544 111.47244737106824 95.11999197284267 107.05972946428055 50.135050052969355 102.85654082429667 113.37946726374877 105.67790638094324 109.53896834111586 97.40050149179251 89.0178753107805 117.57497166579904 91.21007312617567 65.70120210621764 111.28018081018735 118.3642533128714 87.30934186935556 89.88988168252656 109.13867667153586 105.25677664254025 79.54119180703884 96.10931151311347 110.89806899373333 117.26754073859567 68.71899912694117 136.67245767707684 72.13650627442547 118.97473830178112 149.53567085906712 79.4256903902464 95.9579267081335 72.63172436375939 89.04619628268594 117.57497166579904 114.04664745131758 90.92017466110141 98.16597621880548 112.34069237072714 114.6425311533887 71.61992555977254 122.37158840757056 91.66982734667019 119.89347989600591 95.79550861826624 107.128469306066 92.83544742013183
107.26364350971164 101.09409075326793 68.30374184893635 65.22004807243918 72.11815652174262 113.8863425439694 108.40092843648549 112.01108190889443 99.03836361623483 47.48913168028454 126.76255969452144 81.02056894258149 74.89652903473097 116.22498584837176 81.29031777965403 0.0 83.05254169091087 122.37951292866794 95.35446377881883 60.38510270556999 124.15447284569396 114.33305133284897 76.49236408148514 123.67453842204019 105.1836153695863 110.01385420091032 58.02473840333964 92.5770574261705 114.33305133284897 108.23385809606435 120.80559093929456 135.14742766606557 138.91828634095543 99.3836944906086 69.61244737719068 135.55130269859103 100.94095786810134 84.97195943522186 87.16789246700097 111.47244737106824 104.75747354510293 95.96008066610281 101.13692267851759 138.2333611370119 138.37740925301762 117.43743600848417 59.11881576724916 117.26754073859567 77.07132364227753 143.2056678118685 146.43428792262887 92.88485602183881 106.04364572567515 65.27110329258068 81.06732337847257 103.49119014853495 109.96176250700559 78.7686565879803 80.18503150257195 74.11981757171887 121.59096041635993 102.90462677789293 95.11999197284267 139.62365884764802 117.43743600848417 96.77529353151152 164.95268338320443 109.3977199900306 60.89142325128883 81.74626873194602 35.74246083871469 71.12536697095533 104.66445945635567 100.14669049945192 125.85156360825165 121.55555816785184 72.56898182020436 111.39387953359235 111.39387953359235 149.53567085906712 106.04364572567515 93.77812595065981 85.13210070711025 88.33512987644131 70.44889438555137 129.12932226992086 77.16978706448182 62.18011153391659 65.70120210621764 101.1917782985645 62.16733701593824 89.06438498354262 109.83610175169046 111.96305184136102 105.67790638094324 95.78666555287886 145.4236239680363 112.86947002065695 96.90199522064592 69.11654617953927
88.06921782324743 104.53796267549791 119.39749193633796 123.83673709763366 140.39931695703166 143.40493565460125 135.55130269859103 47.65728191569776 128.77254780167576 80.48738347686997 89.06438498354262 131.05168532016853 132.6696072730347 71.61992555977254 78.7686565879803 83.05254169091087 0.0 108.4833219400915 118.3642533128714 82.17961659529618 61.38812711122982 65.22004807243918 51.823400370835316 132.45876447952787 104.88088480815762 84.13212342558593 80.80297434013912 82.84426240314485 93.23221239849497 89.04549831979855 115.69457562591946 74.89652903473097 111.7719308741798 66.81507706514621 99.63586323184879 81.02056894258149 67.84348673026733 67.54373308082785 80.99098052574425 83.05254169091087 149.53567085906712 128.85833632433196 128.2416346233163 48.309130899540406 103.92343045876515 81.51321222900525 86.05665488700194 92.31602780900653 118.6248378932896 107.26595201194387 112.68044170294436 141.83329860764928 102.90462677789293 114.16623092982341 103.30569111518801 108.30519120845385 94.56813432264168 120.84498065155368 93.44370935865277 72.11815652174262 151.6874320036768 96.89337480341108 55.226934485556555 111.01962535801101 106.48003192946182 114.62903190364266 86.78640577224456 80.50050435464397 76.65499677449989 124.34886612681493 77.16978706448182 103.24525832444657 64.30023041550444 97.58790093066084 119.90067009928728 120.80559093929456 73.67791731340941 93.69327778568123 124.25697441494904 120.3611726391399 120.71912686718359 85.57517678947816 70.95043357966502 110.83140751093002 69.03890085894756 86.94232090320585 107.128469306066 75.42498714090937 80.10673535543745 114.16623092982341 98.94300763882201 87.15682476261021 102.85654082429667 115.84676158272127 76.6153163851852 62.382915770536115 85.62230396492593 144.82032608045526 110.72572248570145 79.17221739305712
78.94069301537178 113.58652502629627 98.46376141049535 73.07409634071863 101.7206475478895 93.9212154432985 51.12431169086697 93.12830164903524 96.67249359309703 139.62365884764802 118.52378767866568 91.36808008953328 91.23606531465573 98.46376141049535 89.06438498354262 122.37951292866794 108.4833219400915 0.0 129.78493485147774 85.43742788562352 115.364439338023 70.56327055213947 108.45433018102837 73.34067504200692 78.7686565879803 101.7206475478895 62.933933783913936 83.05254169091087 82.44804562858444 85.32450866291543 117.60049986286276 117.60049986286276 106.69877481996689 82.44804562858444 141.97680817548834 90.98617862817522 46.54598463109245 106.5521956020511 79.5944511516409 72.10804033456688 98.13516949621544 94.4315118824718 109.61018592463819 118.18923997719523 77.33052820244008 111.21058866414486 80.20048782038072 72.10804033456688 93.76270549192924 99.47175444263222 104.25224538289066 78.58203659688164 70.44889438555137 136.62243137393318 123.25383893433305 96.90199522064592 124.34886612681493 117.92008246188308 149.01959727668077 110.53185029345778 71.83640959462511 85.13210070711025 74.178456292567 84.03555620308207 98.98420918626637 110.83140751093002 50.5392379819662 88.43385124050896 88.75027682406632 61.56993250025405 72.11815652174262 79.17221739305712 69.7773874331443 95.79550861826624 79.5944511516409 72.5258195023065 97.8966284516529 183.56753479433894 91.55145292357197 61.38812711122982 73.67791731340941 91.21007312617567 72.11815652174262 109.67698931192749 95.13384076721049 64.94388445794324 106.01445972374194 155.81680902835316 80.1265229561757 107.26364350971164 122.64454145352853 80.10673535543745 115.84676158272127 120.80559093929456 118.52378767866568 80.20048782038072 140.02223259161636 101.13692267851759 122.03136493444106 81.02056894258149
124.50620008884187 75.37304354819979 120.71912686718359 65.27110329258068 89.04549831979855 113.20411696166313 117.74049537271893 137.968468261039 86.78640577224456 75.66407874067284 92.45868003860006 68.45193408865634 91.36808008953328 73.67791731340941 133.7576703783756 95.35446377881883 118.3642533128714 129.78493485147774 0.0 96.77529353151152 104.88088480815762 98.9481892581195 114.55442964721665 108.87281375176038 126.76255969452144 109.2933366158992 72.5258195023065 117.14177593960775 124.11393723005146 129.78493485147774 67.25642871228392 131.49784235151003 96.97258206538933 126.60555290338436 117.92008246188308 94.56813432264168 110.7026112979016 140.39931695703166 81.51093473181888 91.40243254200251 106.13906974179295 64.94388445794324 89.50746763676918 84.73854911116928 143.40493565460125 93.44370935865277 109.5980619754128 93.9212154432985 84.7448804097298 111.92823480170927 120.34465666976376 89.88988168252656 98.94300763882201 105.20375278848107 88.06921782324743 92.5770574261705 111.21058866414486 85.13210070711025 121.03498741136917 153.29010453696353 88.90589123408887 130.36072502157666 112.34069237072714 73.54685642014208 118.3642533128714 140.02223259161636 67.84348673026733 74.05238151172382 120.80559093929456 80.87072327054938 72.87691318575148 89.04549831979855 89.8114466480543 75.536342810327 72.87691318575148 111.39387953359235 85.43742788562352 121.38225904040779 122.9931306297988 91.23606531465573 72.63172436375939 92.88485602183881 141.33728070178458 147.9400911504066 84.3505364799879 84.97195943522186 87.30934186935556 112.86947002065695 82.71608784604085 72.10804033456688 108.40092843648549 100.80316200723479 88.61746647228719 81.75746447610791 101.70558489772915 93.77812595065981 104.25224538289066 110.83140751093002 134.01564262487136 102.79629981630438
89.0178753107805 132.68861722604254 78.71794139370748 72.87691318575148 93.44370935865277 114.79166269469732 112.68044170294436 75.14818224548239 141.5499971747875 135.39807664439581 97.0239705321631 95.79550861826624 136.71661171910907 81.74626873194602 51.683990605970756 60.38510270556999 82.17961659529618 85.43742788562352 96.77529353151152 0.0 79.99250105192743 129.48036065310885 81.81287807913566 104.36892840294409 86.78640577224456 146.43428792262887 87.26618569735939 72.64353457329676 108.23385809606435 81.26050434897246 123.92862107407609 129.48036065310885 69.39148219251908 144.82032608045526 113.56870070459766 88.06921782324743 72.56898182020436 142.78382605126984 119.3296916885455 124.25697441494904 102.66401384824675 107.26364350971164 112.86947002065695 165.5978214526743 103.97606525203925 86.94232090320585 119.43710389846756 97.55393692245403 104.46797290887798 103.29419034261994 105.39461063912312 104.37647758084934 75.42498714090937 135.39848354662882 73.24506331206345 63.40493818499729 102.79629981630438 109.96344396999255 120.27595581684345 96.14955905367249 113.37946726374877 84.97195943522186 136.67245767707684 122.4720530743682 67.50144303109974 76.6153163851852 113.09254891551237 79.4256903902464 123.67453842204019 131.65740265255886 87.41130932062659 88.67552139693626 105.1836153695863 123.92862107407609 46.41656197801506 96.97258206538933 91.55145292357197 107.05972946428055 103.29419034261994 87.34339186328822 69.03890085894756 121.14489496773743 120.3611726391399 153.11993962653438 111.77401949065563 90.77926405585421 159.46647527063155 74.91288585759055 159.46647527063155 96.72448752319384 93.97219981702032 86.31430050126012 79.69856063997386 96.14955905367249 124.25697441494904 101.76880029617041 82.90429142302787 126.05178934929991 90.32747322731848 124.34886612681493
92.74235133410373 144.78873513096147 101.13692267851759 133.0694125961735 109.3977199900306 120.27595581684345 67.74564118164616 93.92417765281284 136.23526317418634 131.33339545586807 65.70120210621764 110.31904454831516 75.14818224548239 123.67453842204019 123.04192362555945 124.15447284569396 61.38812711122982 115.364439338023 104.88088480815762 79.99250105192743 0.0 110.08399103757274 119.90067009928728 85.48016189012726 107.33647742094588 74.16953777932322 119.90067009928728 112.54181917654631 82.44804562858444 119.91364023253995 75.59485823654683 94.72816679656546 105.20375278848107 111.92823480170927 132.6696072730347 86.78640577224456 80.53513258066447 96.04377189317492 131.49784235151003 81.02056894258149 95.30509714550384 126.60555290338436 52.00459849581704 114.16623092982341 69.7773874331443 91.7492918208984 97.66850226962558 72.70330736367069 80.53513258066447 100.23844588550124 92.74235133410373 110.93254838647715 92.66802683223521 126.78628046601054 114.79166269469732 97.66850226962558 114.79166269469732 80.50050435464397 100.62516746702156 132.6696072730347 62.16733701593824 129.48036065310885 96.04377189317492 94.48232143058182 132.10707789641603 32.326042800314596 84.92037618699902 117.30958117424726 107.01948058627366 134.23073784818422 85.95372689948188 153.11993962653438 73.24506331206345 79.17221739305712 115.37157843016423 81.95952070633453 140.02223259161636 60.38510270556999 65.22004807243918 110.77213203218817 112.34869643968591 90.92017466110141 92.23606862281935 86.05665488700194 86.05665488700194 111.14380514978531 96.97258206538933 68.71899912694117 87.65767349466782 97.47329046640806 84.13212342558593 137.968468261039 134.31277674548386 86.81827131117521 115.69457562591946 112.34869643968591 122.46935949050905 91.40243254200251 94.26424832000346 82.84426240314485
