100
0.0 110.72107740072413 58.71719114263983 127.46460311486572 110.52642295370305 88.01724473717468 124.69334160330152 90.76565515193495 72.89184556687425 162.04769641509188 116.65916856388148 37.73807143347244 160.64320170677786 79.86720628295394 66.57058513582018 155.54696602316912 162.6335056269637 140.28498854731572 168.17731108804549 118.26891759495399 168.70227336094348 85.32834314592732 167.15038999884405 55.108510512668275 96.32803772019717 146.35802273868615 113.90475357379222 85.32834314592732 21.157576304749 83.39409054947842 70.2232689498207 95.30290230500137 78.05992404324004 64.57631785819228 82.18449186007989 169.53836188983666 158.22082046115776 135.058562458804 103.84784771768427 140.0352485478145 119.76752136829205 123.3328492612169 117.15927690129112 96.91169388390716 31.074810999116565 132.9945916119994 85.24338455244936 41.74163972370119 118.19512829129205 1.9511477287047825 22.34553167925573 164.0639201957223 94.04719283780746 107.57060537687396 13.385961426820273 46.30844241670507 116.63784230871555 104.13173749454876 135.80827423408985 113.14943785783193 90.7388663206874 49.280674871285015 120.00992068783441 109.10904495531426 78.47112773600935 179.11850547912826 159.07518062674416 65.4636471904215 94.09827047243614 137.55254448718233 166.40583071961112 207.16370745479233 54.32268209758692 137.20041269093684 185.03815689711888 85.32834314592732 113.90475357379222 31.02080445111659 99.97676519634503 62.5950735371452 74.86158213806894 58.35934323745109 112.9311778792889 133.63794213884495 124.25556803429166 60.81730723151239 87.41874108912111 125.17520332969147 62.5950735371452 4.727201217197816 192.59661650019478 91.79103935379355 122.75579950900567 67.3776563976582 114.25344521304207 16.72711057850644 86.79832792689612 87.30945792313008 125.43506336239562 99.66336265421393
110.72107740072413 0.0 94.7076587599097 114.66196598440277 111.43909646612653 151.5741844393096 116.16186005242922 72.27328190483921 80.59358519869357 98.897933940994 185.9050308125096 104.30161360512916 118.19512829129205 104.30161360512916 226.8607074834813 131.42865265391674 94.02117451015889 125.1982278395628 104.13173749454876 102.31633602592237 97.04076270581045 181.1076300135215 109.42590372143984 50.877876678460545 159.07518062674416 78.47112773600935 94.21611642984416 75.16297206603151 90.51339973827564 54.32268209758692 21.601008225436004 70.47804037289822 124.25556803429166 81.39406366431326 146.40126928516412 79.2644988300544 79.01988554068801 60.81730723151239 71.08724196710756 116.65413371215229 128.0097797184078 127.46460311486572 68.99758682918102 93.4987070457912 104.30161360512916 49.13334663503786 88.01724473717468 145.08860387378434 70.76540245146928 160.56160078406305 100.95086938247807 155.22856538224295 125.09920766017079 21.962987618773084 95.2048000423475 15.857235484714494 79.44570897690718 142.91630364456933 56.373239515408805 96.91169388390716 123.12602927774282 143.93889498798688 69.1792490920789 172.65101691644887 56.24915497881082 79.69316323870952 120.55313631749222 3.9332790025884634 14.745297047982604 140.97981455554628 119.02923879122109 139.8209927311055 60.02567665082626 156.8387434834222 85.43379242781901 155.22856538224295 110.92743263581598 48.019262117465864 114.00030970809385 214.70614618706696 171.29279954013072 116.63784230871555 88.46764565778906 142.69839610870739 91.71849772659634 106.93939720133514 103.40373716888567 81.7379528601011 93.21604474270674 168.9163274004031 23.5620383572372 54.83215811417719 111.43909646612653 178.94789572003327 85.43379242781901 104.30161360512916 60.81730723151239 22.098975883987166 64.95696258088901 110.76290544204156
58.71719114263983 94.7076587599097 0.0 65.63644509658471 112.13798021046279 142.24582416314922 22.098975883987166 137.55254448718233 108.49124948518306 58.71719114263983 29.693180079163156 46.92570085256581 104.70369767857203 84.08275534130576 52.06512053171881 136.22289232197244 71.12620311301168 95.30514022610716 129.51751782285749 172.65101691644887 99.66336265421393 27.525924284896305 99.97676519634503 96.57585318929587 198.343481066734 96.54770181467347 60.31990427394641 55.752988940679906 125.39453926375302 70.38284666798805 82.82042352362654 88.01742299437478 114.00030970809385 37.73807143347244 104.13173749454876 97.70515129689981 122.50619852183374 112.67329332048904 46.30844241670507 120.72006550253344 123.66651579813657 76.22747756968177 118.19512829129205 127.7382515131438 170.66221189763024 78.84954608849303 181.1076300135215 42.71487509563231 192.59661650019478 95.61881735148845 91.51572330606615 79.2644988300544 96.54770181467347 89.38594480943111 32.99778747911127 52.407768736355294 73.96993369054282 113.7769145870038 126.4295824686149 179.60846353074282 98.701561819363 129.51751782285749 104.4020665892872 52.51146727866279 125.17520332969147 48.55143363554172 89.21874209968726 101.15582501051749 64.65812987205418 114.66196598440277 135.23697789530408 40.210802537383685 98.897933940994 92.47000585936426 87.00191507444174 112.9311778792889 54.83215811417719 69.68748569036214 102.01876964241484 195.33491635289988 58.35934323745109 63.76577235239529 145.8464484880326 79.86720628295394 253.89836804786387 135.6640401546571 26.57042128450297 64.95696258088901 113.0472091813604 29.16003016303506 120.88341928821606 156.25468554309958 29.693180079163156 105.95707251343467 112.91911411545719 114.00030970809385 22.47116322907236 78.47112773600935 122.65189629131699 175.1593681344488
127.46460311486572 114.66196598440277 65.63644509658471 0.0 47.08554203123674 85.34802020688431 90.51339973827564 101.15582501051749 83.66897362894375 116.65413371215229 92.47000585936426 195.33491635289988 96.46604434483645 46.19812818755665 123.12602927774282 101.913242195578 88.68601261905704 11.748242728003618 87.1771471831582 145.13519758141587 209.91098602863605 146.32293185567207 105.48462823084009 207.16370745479233 72.27328190483921 98.897933940994 96.57585318929587 66.27922766175325 151.7972386226066 82.88841072453846 106.5129412378925 68.78118306199265 95.30514022610716 140.37439147870032 196.27478255027253 111.31784339427634 71.7958501312556 161.03165607130092 9.185931072307525 102.86898991141584 98.44814988984943 103.84784771768427 59.69836022006292 65.18548302192298 95.61881735148845 144.48682598998795 23.5620383572372 82.18449186007989 174.4822970883033 24.045361320271212 21.601008225436004 69.68748569036214 114.8288513710575 178.77371476393108 29.16003016303506 49.58326160186021 101.60597534902026 119.31046206475052 152.03883674122207 103.84784771768427 49.41588855663759 169.53836188983666 143.231100777755 114.66196598440277 22.364795367851173 131.709488544711 22.364795367851173 196.6039040835031 82.26920923044062 48.55143363554172 177.2161355892034 66.57058513582018 141.07492624606863 93.08616848863872 30.418730942980872 143.89128384472707 54.83215811417719 40.87578805705503 198.343481066734 55.752988940679906 1.3820841687972347 83.92516373555722 106.81826149975768 23.5620383572372 95.30514022610716 43.1493484599294 22.34553167925573 105.48462823084009 144.53012061191697 75.14797051271569 142.9904227002375 19.06915286514706 44.69587782279412 192.59661650019478 75.05474721784084 33.60983504424233 132.9747439089358 123.53506701751753 120.00992068783441 171.29279954013072
110.52642295370305 111.43909646612653 112.13798021046279 47.08554203123674 0.0 22.34553167925573 123.35791665082316 137.55254448718233 37.60401686673672 67.20640842598559 146.32293185567207 143.48305838724605 29.630770446721144 114.57516417772347 113.0472091813604 70.23207643420369 66.57058513582018 84.36693143228422 196.27478255027253 186.63856027843204 96.28298766270744 162.04769641509188 83.0856075350656 78.41597153769504 58.744153061736206 29.16003016303506 64.0285084854718 24.045361320271212 125.43713748391679 37.60401686673672 37.60401686673672 1.9511477287047825 178.77371476393108 136.2945642346842 122.50619852183374 156.25468554309958 87.03833320356168 67.32014234772281 101.64992874817051 126.4295824686149 72.27181086288635 99.88164152509363 104.70369767857203 93.4987070457912 113.0472091813604 112.52094371275638 160.71688421632507 137.76088147127612 110.19344846390327 69.76784355746891 101.15582501051749 92.47000585936426 122.50619852183374 66.27922766175325 168.81781742524987 12.792209342654175 14.745297047982604 90.51339973827564 113.14943785783193 93.49044338992097 158.22082046115776 96.78588253311554 137.23430735896284 72.86726343713951 98.44814988984943 168.11434859172346 164.4011915971716 35.501871796299426 104.30161360512916 87.89074765887783 42.71487509563231 99.3078759972117 82.18449186007989 26.7211569921635 29.630770446721144 105.57477539212756 49.41588855663759 39.72398638150355 180.94758928519695 106.93939720133514 96.28298766270744 160.56160078406305 91.51572330606615 108.46538964985746 112.91911411545719 85.85224086684475 47.51980723111963 56.41246769033876 82.53071076653697 53.17724940946552 96.04159597281891 57.35216693639857 78.84954608849303 123.12602927774282 110.38752611793883 95.30290230500137 136.0307477308101 70.7484616101295 50.82053161173742 147.3139536247162
88.01724473717468 151.5741844393096 142.24582416314922 85.34802020688431 22.34553167925573 0.0 95.2048000423475 84.97892379820635 155.6706154114583 97.50982461095303 90.68485546426989 142.67621520247903 3.9332790025884634 155.6706154114583 107.70580276025275 176.5264364174198 128.2967590909423 82.52427763475666 96.46604434483645 2.1096652739376083 97.70515129689981 151.5263270882303 77.29945686299898 125.39453926375302 114.50871785704625 124.90742009226574 96.9437161846362 81.58572636413871 77.0104657199098 79.14603973407894 22.364795367851173 88.46764565778906 129.21558216058722 98.54312586465278 47.51980723111963 126.35434851806528 140.47083028769174 14.745297047982604 146.32293185567207 135.80827423408985 125.06899054619973 91.51572330606615 128.23431367086658 74.86158213806894 68.86537703910719 22.47116322907236 115.60795721076671 108.03926941160118 58.71719114263983 63.13817741655424 51.8562288232382 143.231100777755 43.41919500181968 64.64656886651684 168.81781742524987 156.25468554309958 33.085981359562595 85.17983424747254 32.181725736142155 97.52158650388694 159.22348251220944 129.21558216058722 99.91063926715937 157.98057435385877 124.89710581387115 67.45753283999983 131.78329780546034 47.088869909873225 72.0337555395001 180.5296830431082 130.8747575458328 155.05557123116705 60.3026808389121 113.0472091813604 109.97795011408827 49.41588855663759 72.27181086288635 114.80342946374986 30.418730942980872 159.48700067494212 179.74040018475077 80.55544472012136 115.6431934444754 1.3820841687972347 3.9332790025884634 92.0376907061259 85.34802020688431 101.69000780073596 195.33491635289988 155.54696602316912 243.14161354241386 179.11850547912826 11.748242728003618 115.80705584964274 48.55143363554172 169.53836188983666 74.01665745701816 42.71487509563231 144.48682598998795 181.1076300135215
124.69334160330152 116.16186005242922 22.098975883987166 90.51339973827564 123.35791665082316 95.2048000423475 0.0 168.70227336094348 72.97833151776156 146.40126928516412 114.90256020389923 147.04081949332652 187.58678688235108 119.31655615288574 119.76752136829205 65.18548302192298 121.3852923847864 168.11434859172346 60.3026808389121 93.21604474270674 70.38284666798805 49.58326160186021 98.44814988984943 156.11210993659384 90.51339973827564 136.2945642346842 97.49864206619065 46.36137841231216 116.16186005242922 46.103090599184135 122.50619852183374 124.90742009226574 51.942297231946775 103.07907743836104 101.23062057965159 159.40272579200914 11.92803656565566 101.06913192807961 123.53506701751753 81.7379528601011 89.18354474592417 23.657945883656666 111.36661870297733 84.11779513772285 181.69702725203484 99.2150554800418 155.05557123116705 91.51572330606615 124.69334160330152 114.18240217745634 73.96993369054282 79.01988554068801 164.01816667074212 87.30945792313008 138.85985140767716 52.053122324779 57.35216693639857 127.46460311486572 95.7887850430997 110.92743263581598 43.73738300875164 102.86898991141584 90.0119785230232 121.3852923847864 156.11210993659384 132.02791435321728 128.23431367086658 64.95696258088901 123.13798146038297 131.709488544711 178.94789572003327 137.76088147127612 60.74396757590746 102.01876964241484 74.86158213806894 123.66651579813657 114.90256020389923 50.82053161173742 110.64767874508132 147.3139536247162 167.26295115652152 144.92063042064115 66.75423313067105 179.67571845679822 168.17731108804549 159.22348251220944 3.9332790025884634 124.44257624083991 156.25468554309958 110.7889577951401 114.75242564375284 50.82053161173742 142.78669359247272 51.94822007545348 89.69136283699326 96.91169388390716 85.85224086684475 69.93254724490463 47.088869909873225 111.36529714496344
90.76565515193495 72.27328190483921 137.55254448718233 101.15582501051749 137.55254448718233 84.97892379820635 168.70227336094348 0.0 143.19508755346016 49.41588855663759 66.27922766175325 78.6023006851556 22.34553167925573 138.16897215650616 2.1096652739376083 89.18354474592417 136.2945642346842 101.84396759805398 63.09603148817358 179.74040018475077 131.12768992264677 80.59358519869357 100.86767251097342 131.12768992264677 142.40613841516765 98.701561819363 87.89074765887783 91.83711998061548 113.17608122758287 115.36027617698107 66.91131123322083 142.9904227002375 112.52094371275638 66.85247926551575 104.4020665892872 101.60597534902026 14.745297047982604 94.04719283780746 93.72587495309821 88.68601261905704 125.09920766017079 143.445757424847 136.2945642346842 128.23431367086658 168.81781742524987 107.70580276025275 58.03513793430029 42.71487509563231 91.71849772659634 147.17486554363083 87.61337831933079 156.74740495825304 99.3078759972117 164.01816667074212 65.63644509658471 145.50489639804474 161.25705611673231 123.73181205172183 131.709488544711 136.0307477308101 47.839717681368874 214.70614618706696 99.88164152509363 127.7382515131438 65.4636471904215 88.24093483858465 103.40373716888567 118.35876985244668 137.76088147127612 49.840544469152555 102.02848776897208 124.25556803429166 48.55143363554172 128.23431367086658 96.32803772019717 100.62608500139454 79.01988554068801 115.34502147724935 49.840544469152555 79.2644988300544 179.60846353074282 242.27692127378268 66.57058513582018 108.49124948518306 2.712721616137671 97.52158650388694 111.36529714496344 98.54312586465278 96.69325753409983 72.97833151776156 114.00030970809385 109.42590372143984 32.72362542735185 134.12936797576032 102.40575709392199 86.04836051625395 142.40613841516765 68.99758682918102 127.30016010195038 152.66050388956478
72.89184556687425 80.59358519869357 108.49124948518306 83.66897362894375 37.60401686673672 155.6706154114583 72.97833151776156 143.19508755346016 0.0 99.8395105143587 91.71849772659634 98.04017730370236 168.17731108804549 52.06512053171881 67.32014234772281 151.92832039054898 109.34581756681155 129.51751782285749 46.92570085256581 47.67380591160715 46.19812818755665 88.01742299437478 33.734730402552245 119.31655615288574 117.56542526096179 25.867466939219725 11.748242728003618 143.93889498798688 19.06915286514706 11.748242728003618 49.840544469152555 203.06760494785817 103.78018472922007 130.08777190724226 43.73738300875164 84.07934610322991 84.07934610322991 33.60983504424233 120.72006550253344 109.34581756681155 10.780929015936238 97.64872339265021 110.92743263581598 107.68966487378354 178.3817472037544 151.92832039054898 103.84784771768427 144.48682598998795 87.1771471831582 72.97833151776156 29.693180079163156 129.90491686584676 120.45789887449124 43.73738300875164 109.10904495531426 40.87578805705503 86.78540621886623 86.78540621886623 125.06899054619973 157.98057435385877 77.11672800231011 160.56160078406305 114.87757339433041 63.555231700023775 209.91098602863605 145.08643126170116 101.60597534902026 129.78226114407872 120.58485668174505 91.71849772659634 127.2500884821571 113.17608122758287 174.4822970883033 52.06512053171881 99.66336265421393 67.35880317767479 85.00351356238573 99.91063926715937 124.68384857207523 138.16897215650616 111.43909646612653 123.59684020921013 54.466772603673625 54.35287625690662 109.34581756681155 54.64221505165198 124.22982588026241 17.642162368511535 83.92516373555722 243.14161354241386 122.50619852183374 73.42568699761343 99.88164152509363 182.50026469090392 121.3852923847864 80.3088145540112 77.11672800231011 50.09203296640548 155.54696602316912 181.17267107984296
162.04769641509188 98.897933940994 58.71719114263983 116.65413371215229 67.20640842598559 97.50982461095303 146.40126928516412 49.41588855663759 99.8395105143587 0.0 168.70227336094348 84.30135851785086 64.21807296588392 90.7388663206874 82.88841072453846 86.78540621886623 109.42590372143984 155.9812764294242 159.09001508320102 143.89128384472707 85.89176925661025 102.40575709392199 117.51943785926798 52.053122324779 111.36661870297733 180.94758928519695 59.97105141713123 129.21558216058722 170.66221189763024 127.30016010195038 151.07313937866047 132.9945916119994 57.35216693639857 118.35876985244668 108.46538964985746 132.01940742920488 80.59230594981545 113.74924304542063 89.78672650819988 123.35791665082316 60.81730723151239 91.51572330606615 182.50026469090392 25.867466939219725 142.69839610870739 129.21558216058722 108.03926941160118 83.87055105569027 31.074810999116565 55.108510512668275 125.43506336239562 114.8288513710575 2.286518616815954 83.26918713745144 87.43700546293186 4.727201217197816 59.574190872725936 16.72711057850644 101.06913192807961 49.280674871285015 145.08860387378434 126.46280367260299 66.85247926551575 174.37911175992045 155.9812764294242 85.13003310209251 157.2905384989952 94.02117451015889 72.27328190483921 123.3328492612169 197.963029311953 168.70227336094348 130.8906055535054 164.4011915971716 183.75512827490095 92.47000585936426 87.43700546293186 90.76565515193495 63.76577235239529 139.88154829207798 46.103090599184135 49.58326160186021 94.64615274765212 95.2048000423475 114.75242564375284 35.501871796299426 172.92202213617745 113.17608122758287 125.17520332969147 69.76784355746891 93.4987070457912 135.20453284276556 85.00351356238573 127.30016010195038 131.709488544711 159.40272579200914 64.13244116851962 125.43713748391679 170.36243202364645 145.08643126170116
116.65916856388148 185.9050308125096 29.693180079163156 92.47000585936426 146.32293185567207 90.68485546426989 114.90256020389923 66.27922766175325 91.71849772659634 168.70227336094348 0.0 151.5741844393096 138.16897215650616 168.11434859172346 151.7972386226066 140.28498854731572 174.4822970883033 75.16297206603151 91.83711998061548 94.51472892886582 119.17691186204765 79.01988554068801 90.68485546426989 106.9814824996856 72.0337555395001 101.15582501051749 181.69702725203484 84.1742756782809 89.78672650819988 87.16535369987061 159.48700067494212 186.37437075928378 156.03360257099823 54.905808156603264 106.89165179300306 23.657945883656666 183.75512827490095 119.55763772463088 168.81781742524987 73.57314123942231 163.45977857620363 87.25503829645056 97.64872339265021 90.76565515193495 178.94789572003327 137.23430735896284 127.7382515131438 78.6023006851556 157.5967199812506 88.24093483858465 88.23734615733854 100.86767251097342 122.3931906692527 84.18388998781602 101.84396759805398 157.98057435385877 23.888431445256842 125.1982278395628 77.29945686299898 40.87578805705503 125.17520332969147 66.05639652961831 128.0097797184078 49.41588855663759 90.7388663206874 64.13244116851962 156.59571467298235 97.52158650388694 123.73181205172183 93.49044338992097 181.17267107984296 143.48305838724605 125.43713748391679 124.22982588026241 4.727201217197816 76.22747756968177 96.78588253311554 48.64622009681275 54.35287625690662 96.9437161846362 57.35216693639857 155.17735924421052 113.74924304542063 32.72362542735185 198.343481066734 49.840544469152555 23.657945883656666 22.34553167925573 85.24338455244936 147.20525281283204 144.48682598998795 156.11210993659384 83.0856075350656 226.8607074834813 168.11434859172346 90.76565515193495 127.2500884821571 66.05639652961831 95.61881735148845 139.8209927311055
37.73807143347244 104.30161360512916 46.92570085256581 195.33491635289988 143.48305838724605 142.67621520247903 147.04081949332652 78.6023006851556 98.04017730370236 84.30135851785086 151.5741844393096 0.0 114.25344521304207 63.555231700023775 77.0104657199098 96.38414556806042 177.2161355892034 123.13798146038297 67.3776563976582 152.93365055521528 12.792209342654175 123.12602927774282 157.63394576460024 137.55254448718233 71.6426785826298 68.99758682918102 70.76540245146928 118.35876985244668 101.84764946168723 49.58326160186021 55.752988940679906 89.18354474592417 113.17608122758287 125.43713748391679 72.27328190483921 144.48682598998795 177.2161355892034 148.32795717541646 15.857235484714494 64.21807296588392 157.98057435385877 84.11779513772285 114.75242564375284 54.83215811417719 93.72587495309821 131.42865265391674 101.06913192807961 21.601008225436004 109.10904495531426 2.286518616815954 127.2500884821571 104.4020665892872 86.78540621886623 118.19512829129205 33.734730402552245 126.93132005055695 88.23734615733854 185.03815689711888 185.9050308125096 58.744153061736206 150.59892262895 107.70580276025275 132.02791435321728 148.80646128893926 67.32014234772281 137.20041269093684 96.29907127792494 65.63644509658471 78.39309102130483 253.89836804786387 156.74740495825304 93.4987070457912 142.6159590673115 3.9332790025884634 69.68748569036214 107.1837315536751 30.418730942980872 98.701561819363 86.8399498756095 26.7211569921635 123.73181205172183 140.97981455554628 171.29279954013072 40.87578805705503 140.0352485478145 73.42568699761343 30.953198312962442 175.1593681344488 130.08777190724226 64.51777020113829 112.9311778792889 89.69136283699326 157.63394576460024 96.38414556806042 115.80705584964274 96.54770181467347 97.52158650388694 140.97981455554628 51.8562288232382 47.839717681368874
160.64320170677786 118.19512829129205 104.70369767857203 96.46604434483645 29.630770446721144 3.9332790025884634 187.58678688235108 22.34553167925573 168.17731108804549 64.21807296588392 138.16897215650616 114.25344521304207 0.0 31.02080445111659 42.48826639394045 153.7484988292825 147.04081949332652 110.76290544204156 96.04159597281891 60.3026808389121 177.5941715331013 132.02791435321728 142.67621520247903 150.71537803923908 125.43506336239562 85.32834314592732 132.46923038285308 115.60795721076671 111.36529714496344 170.66221189763024 91.83711998061548 106.5129412378925 157.5967199812506 122.75579950900567 56.90795728170321 103.5657871592649 10.780929015936238 168.11434859172346 143.93889498798688 97.31909686292568 95.7887850430997 129.78226114407872 2.1096652739376083 135.23697789530408 49.6541297938922 4.118009248706329 114.90256020389923 57.698469881853846 114.80342946374986 114.18240217745634 19.06915286514706 75.14797051271569 3.9332790025884634 137.55254448718233 59.574190872725936 105.48462823084009 51.8562288232382 131.78329780546034 147.04081949332652 170.43356803408255 91.57140943064375 170.36243202364645 32.72362542735185 90.51339973827564 118.26891759495399 97.70515129689981 103.6618480181022 86.79832792689612 52.67945355525843 114.66196598440277 148.32795717541646 102.86898991141584 90.76565515193495 109.97795011408827 85.34802020688431 135.20453284276556 49.35287693896528 134.60149576336147 156.74740495825304 125.1982278395628 69.59375565363486 97.69762583295156 143.89128384472707 71.6426785826298 79.44570897690718 141.07492624606863 82.52427763475666 86.78540621886623 114.50871785704625 168.44032269538312 181.17267107984296 93.21604474270674 70.76540245146928 196.27478255027253 87.16535369987061 101.06913192807961 111.76314019200873 103.5657871592649 20.53626623734303 32.72362542735185
79.86720628295394 104.30161360512916 84.08275534130576 46.19812818755665 114.57516417772347 155.6706154114583 119.31655615288574 138.16897215650616 52.06512053171881 90.7388663206874 168.11434859172346 63.555231700023775 31.02080445111659 0.0 242.27692127378268 19.06915286514706 93.49044338992097 90.76565515193495 29.630770446721144 129.21558216058722 82.53071076653697 155.05557123116705 170.01789298681015 119.31046206475052 124.22982588026241 83.26918713745144 112.67329332048904 1.9511477287047825 91.51572330606615 82.26920923044062 157.5967199812506 84.11779513772285 78.05577231255056 117.56542526096179 116.16186005242922 156.59571467298235 49.41588855663759 54.905808156603264 83.26918713745144 43.73738300875164 185.03815689711888 89.24605788699864 54.83215811417719 95.30290230500137 196.55702462030922 103.6618480181022 2.286518616815954 60.31990427394641 179.11850547912826 107.57060537687396 87.16535369987061 86.8399498756095 112.52094371275638 140.87792749316827 65.63644509658471 134.60149576336147 109.42590372143984 131.78329780546034 64.28650313026702 100.86767251097342 81.58572636413871 45.374954815329836 131.709488544711 114.18240217745634 47.839717681368874 45.374954815329836 99.91063926715937 67.35880317767479 120.88341928821606 151.92832039054898 111.36661870297733 120.72006550253344 59.574190872725936 80.87621197640141 24.045361320271212 163.45977857620363 96.28298766270744 119.55763772463088 129.90491686584676 85.85224086684475 100.62608500139454 70.23207643420369 64.64656886651684 135.80827423408985 69.54455836788858 58.03513793430029 140.28498854731572 119.54206738726032 50.877876678460545 168.44032269538312 88.46764565778906 99.88164152509363 125.43506336239562 2.758408007429864 97.64872339265021 103.5657871592649 56.25513701528288 124.22982588026241 179.74040018475077 151.92832039054898
66.57058513582018 226.8607074834813 52.06512053171881 123.12602927774282 113.0472091813604 107.70580276025275 119.76752136829205 2.1096652739376083 67.32014234772281 82.88841072453846 151.7972386226066 77.0104657199098 42.48826639394045 242.27692127378268 0.0 37.60401686673672 185.9050308125096 103.40373716888567 142.9904227002375 124.25556803429166 72.65428039410943 78.39309102130483 143.19508755346016 114.57516417772347 105.48462823084009 88.46764565778906 24.045361320271212 68.99758682918102 142.24582416314922 172.92202213617745 49.35287693896528 128.23431367086658 22.364795367851173 93.72587495309821 73.42568699761343 89.24605788699864 28.45181427848769 65.49197239241957 143.445757424847 48.64622009681275 164.4011915971716 98.897933940994 68.86537703910719 124.83510211851264 83.66897362894375 16.72711057850644 156.11210993659384 147.3139536247162 105.48462823084009 148.76793638518708 75.16297206603151 133.9553651425308 95.7887850430997 90.68485546426989 110.19344846390327 174.66179360576217 103.40373716888567 155.6706154114583 74.01665745701816 9.185931072307525 56.373239515408805 106.02508781689471 120.72006550253344 67.37928053004163 103.6618480181022 127.46460311486572 151.5741844393096 98.897933940994 157.5967199812506 40.210802537383685 72.27328190483921 54.466772603673625 147.00623663535353 142.24582416314922 80.59230594981545 147.17486554363083 83.26918713745144 137.55254448718233 111.06035671419322 144.48682598998795 84.72814132605812 132.9945916119994 101.84764946168723 85.43379242781901 79.01988554068801 119.17691186204765 113.90475357379222 56.24915497881082 84.1742756782809 160.71688421632507 46.92570085256581 160.56160078406305 115.36027617698107 52.51146727866279 140.47083028769174 99.3078759972117 75.05474721784084 94.02117451015889 52.67945355525843 114.53303416438267
155.54696602316912 131.42865265391674 136.22289232197244 101.913242195578 70.23207643420369 176.5264364174198 65.18548302192298 89.18354474592417 151.92832039054898 86.78540621886623 140.28498854731572 96.38414556806042 153.7484988292825 19.06915286514706 37.60401686673672 0.0 35.83141014658999 110.64767874508132 3.9332790025884634 72.15176186891293 29.16003016303506 96.54770181467347 119.55763772463088 98.897933940994 170.01789298681015 88.69571629170503 97.49864206619065 150.59892262895 52.06512053171881 49.280674871285015 115.08802419533333 96.54770181467347 106.89165179300306 129.21558216058722 97.18363679502205 119.92973826147602 126.4295824686149 102.40575709392199 75.13836493730224 146.50345375936092 160.56160078406305 148.76793638518708 60.81730723151239 11.92803656565566 60.31990427394641 49.280674871285015 72.27328190483921 81.31532030718623 72.86726343713951 52.407768736355294 112.52094371275638 97.18363679502205 110.72107740072413 49.13334663503786 180.08752296683554 70.38284666798805 93.72587495309821 73.42568699761343 79.86720628295394 3.9332790025884634 162.6335056269637 146.40126928516412 54.905808156603264 148.32795717541646 190.68930176653953 106.81826149975768 140.87792749316827 156.11210993659384 95.50374512934961 105.93909294468578 17.711121466650667 110.72107740072413 97.31909686292568 43.73738300875164 129.78226114407872 41.74163972370119 74.01665745701816 76.22747756968177 60.81730723151239 94.84504311153972 128.23431367086658 117.56542526096179 16.72711057850644 76.22747756968177 132.9747439089358 35.501871796299426 99.8395105143587 87.03833320356168 73.57314123942231 170.66221189763024 99.88164152509363 100.95086938247807 117.51943785926798 64.95696258088901 67.45753283999983 135.5421355506458 157.5967199812506 140.37439147870032 65.49197239241957 89.38594480943111
162.6335056269637 94.02117451015889 71.12620311301168 88.68601261905704 66.57058513582018 128.2967590909423 121.3852923847864 136.2945642346842 109.34581756681155 109.42590372143984 174.4822970883033 177.2161355892034 147.04081949332652 93.49044338992097 185.9050308125096 35.83141014658999 0.0 50.877876678460545 23.888431445256842 151.5263270882303 179.11850547912826 66.85247926551575 198.343481066734 135.16294486590135 29.630770446721144 130.97864875505468 90.7388663206874 155.22856538224295 85.00351356238573 33.085981359562595 156.03360257099823 109.34581756681155 170.43356803408255 3.9332790025884634 94.02117451015889 145.2652573056053 57.35216693639857 148.76793638518708 58.744153061736206 101.84396759805398 96.57585318929587 152.03883674122207 170.43356803408255 168.70227336094348 31.02080445111659 46.30844241670507 96.91169388390716 118.10251819010517 94.64615274765212 87.1771471831582 90.59275479746117 102.66856216158382 154.5639766201948 52.407768736355294 96.9437161846362 135.6640401546571 132.5108018766886 160.56160078406305 134.12936797576032 75.05474721784084 59.97105141713123 110.52642295370305 4.118009248706329 78.6023006851556 29.02949233339909 54.35287625690662 87.25503829645056 171.29279954013072 159.22348251220944 131.709488544711 78.05992404324004 12.792209342654175 115.08802419533333 148.18042399736416 56.24915497881082 131.709488544711 72.15176186891293 113.0472091813604 119.92973826147602 118.35876985244668 54.905808156603264 142.6287294059471 123.59684020921013 92.47000585936426 97.18363679502205 125.17520332969147 175.60258814056465 133.9553651425308 70.38284666798805 107.68966487378354 110.76290544204156 111.31784339427634 66.27922766175325 29.02949233339909 137.76088147127612 168.44032269538312 196.6039040835031 102.31633602592237 160.71688421632507 157.63394576460024
140.28498854731572 125.1982278395628 95.30514022610716 11.748242728003618 84.36693143228422 82.52427763475666 168.11434859172346 101.84396759805398 129.51751782285749 155.9812764294242 75.16297206603151 123.13798146038297 110.76290544204156 90.76565515193495 103.40373716888567 110.64767874508132 50.877876678460545 0.0 114.66196598440277 147.00623663535353 97.69762583295156 79.14603973407894 74.86158213806894 64.64656886651684 96.24737641496785 116.65916856388148 40.87578805705503 29.02949233339909 203.06760494785817 90.76565515193495 186.63856027843204 135.6640401546571 179.11850547912826 92.80931126795234 75.13836493730224 160.71688421632507 209.91098602863605 162.6335056269637 89.78672650819988 106.93939720133514 85.34802020688431 69.68748569036214 109.42590372143984 54.905808156603264 195.33491635289988 135.16294486590135 114.00030970809385 66.91131123322083 98.701561819363 79.2644988300544 66.05639652961831 159.40272579200914 56.41246769033876 96.46604434483645 108.03926941160118 90.34559521773322 99.28530158412796 71.6426785826298 155.05557123116705 142.6159590673115 133.63794213884495 96.28298766270744 2.758408007429864 21.601008225436004 159.22348251220944 104.70369767857203 72.89184556687425 119.55763772463088 77.29945686299898 99.88164152509363 68.78118306199265 181.1076300135215 120.88341928821606 83.26918713745144 33.734730402552245 85.34802020688431 66.91131123322083 50.877876678460545 110.3010975426871 116.16186005242922 163.45977857620363 35.501871796299426 143.19508755346016 119.55763772463088 72.89184556687425 102.40575709392199 72.27328190483921 95.30514022610716 87.41874108912111 79.44570897690718 192.59661650019478 168.17731108804549 65.63644509658471 183.6560993788125 30.15630230868284 35.473897676778165 92.29198930583433 29.693180079163156 181.1076300135215 138.25086211620763
168.17731108804549 104.13173749454876 129.51751782285749 87.1771471831582 196.27478255027253 96.46604434483645 60.3026808389121 63.09603148817358 46.92570085256581 159.09001508320102 91.83711998061548 67.3776563976582 96.04159597281891 29.630770446721144 142.9904227002375 3.9332790025884634 23.888431445256842 114.66196598440277 0.0 135.16294486590135 130.8747575458328 103.78018472922007 65.49197239241957 70.38284666798805 77.7061039295982 97.50982461095303 69.1792490920789 52.06512053171881 87.30450648157334 135.16294486590135 59.97105141713123 121.3852923847864 33.085981359562595 21.962987618773084 82.26920923044062 111.31784339427634 132.02791435321728 164.01816667074212 56.15567623532737 82.52427763475666 129.78226114407872 123.79920247355798 99.3078759972117 203.06760494785817 151.92832039054898 84.1742756782809 161.77693176301733 102.87003567260483 154.5639766201948 67.3776563976582 60.74396757590746 175.60258814056465 91.51572330606615 33.60983504424233 101.77966254926939 43.1493484599294 40.97492023473077 93.08616848863872 56.25513701528288 107.70580276025275 147.3139536247162 160.64320170677786 67.37928053004163 146.40126928516412 253.89836804786387 147.20525281283204 96.69325753409983 70.08837207688376 156.44232464028897 113.90475357379222 168.81781742524987 207.16370745479233 21.157576304749 186.63856027843204 63.555231700023775 81.39406366431326 145.8464484880326 46.92570085256581 20.53626623734303 88.01742299437478 33.734730402552245 140.0352485478145 158.22082046115776 146.50345375936092 140.28498854731572 164.01816667074212 185.03815689711888 124.44257624083991 195.60083728836054 64.28650313026702 108.46538964985746 99.2150554800418 136.0307477308101 4.727201217197816 101.84764946168723 41.2567183575617 112.67329332048904 169.53836188983666 98.67874761374247 90.59275479746117
118.26891759495399 102.31633602592237 172.65101691644887 145.13519758141587 186.63856027843204 2.1096652739376083 93.21604474270674 179.74040018475077 47.67380591160715 143.89128384472707 94.51472892886582 152.93365055521528 60.3026808389121 129.21558216058722 124.25556803429166 72.15176186891293 151.5263270882303 147.00623663535353 135.16294486590135 0.0 83.87055105569027 129.17143823356295 22.098975883987166 121.3852923847864 51.94822007545348 137.23430735896284 49.13334663503786 56.25513701528288 46.92570085256581 8.306114363636752 49.6541297938922 90.0119785230232 101.77966254926939 84.18388998781602 87.03833320356168 84.07934610322991 168.70227336094348 58.35934323745109 46.36137841231216 67.20640842598559 101.84764946168723 116.63784230871555 110.38752611793883 146.32293185567207 67.32014234772281 182.50026469090392 170.66221189763024 56.373239515408805 97.49864206619065 177.2161355892034 49.58326160186021 126.93132005055695 145.2652573056053 129.78226114407872 73.42568699761343 114.18240217745634 79.2644988300544 10.40570417775534 21.07768973526683 72.27328190483921 159.48700067494212 68.78118306199265 117.56542526096179 78.82780045479177 69.68748569036214 54.905808156603264 104.47866585128615 79.44570897690718 142.91630364456933 106.81826149975768 156.03360257099823 214.70614618706696 53.89322842650876 78.82780045479177 198.343481066734 126.35434851806528 52.430875763232606 66.75423313067105 87.89074765887783 104.70369767857203 48.054438415958494 112.52094371275638 75.14797051271569 26.7211569921635 166.40583071961112 75.16297206603151 145.50489639804474 150.59892262895 1.3820841687972347 106.9814824996856 86.78540621886623 90.34559521773322 95.30290230500137 98.701561819363 37.73807143347244 81.26745721993501 147.20525281283204 124.31155068985913 107.68966487378354 101.69000780073596
168.70227336094348 97.04076270581045 99.66336265421393 209.91098602863605 96.28298766270744 97.70515129689981 70.38284666798805 131.12768992264677 46.19812818755665 85.89176925661025 119.17691186204765 12.792209342654175 177.5941715331013 82.53071076653697 72.65428039410943 29.16003016303506 179.11850547912826 97.69762583295156 130.8747575458328 83.87055105569027 0.0 99.88164152509363 114.90256020389923 42.48826639394045 84.72814132605812 77.0104657199098 186.8419680518781 140.87792749316827 123.66651579813657 151.07313937866047 120.88341928821606 186.37437075928378 143.48305838724605 85.85224086684475 80.87621197640141 180.08752296683554 133.85080093360142 124.83510211851264 71.7958501312556 22.47116322907236 110.38752611793883 58.59944508972423 167.65121180491957 95.39905432884373 174.66179360576217 145.13519758141587 132.46923038285308 21.157576304749 146.50345375936092 60.31990427394641 140.31973348373594 64.65812987205418 164.4011915971716 80.87621197640141 115.80705584964274 94.21611642984416 9.185931072307525 142.69839610870739 127.7382515131438 59.87045455757445 89.78672650819988 28.45181427848769 153.7484988292825 113.90475357379222 160.56160078406305 90.0119785230232 87.84849058797656 124.68384857207523 10.40570417775534 93.4987070457912 67.45753283999983 125.09920766017079 60.3026808389121 178.3817472037544 87.00191507444174 106.93939720133514 123.3328492612169 124.89710581387115 161.25705611673231 156.44232464028897 128.22875240177567 84.36693143228422 68.78118306199265 111.31784339427634 67.3776563976582 101.69000780073596 48.054438415958494 49.41588855663759 143.48305838724605 156.11210993659384 174.66179360576217 123.53506701751753 129.21558216058722 172.042430958363 178.3817472037544 82.88841072453846 97.69762583295156 92.29198930583433 87.03833320356168 102.40575709392199
