100
0.0 76.01074945043523 30.44485395738847 20.050845686395096 28.20865001491324 104.99655350956829 74.19203275652882 46.41987554016316 28.019363041650198 10.08781551073151 54.63573849889647 49.197443406991646 47.630782932883776 25.12014182903758 69.34833989840543 28.502306442924695 69.34833989840543 66.91821348257574 26.389612691785533 66.5260512808049 11.001602820588268 114.72251604749874 84.53195440945018 114.6279137888351 20.050845686395096 91.1259044445923 48.34539003122415 54.58776803663518 73.47150101425743 75.50330376160584 73.1843998083977 34.81417852621055 111.47301529203119 77.45973884363012 116.30110572521825 13.815547337159686 50.1210171647514 73.1843998083977 32.06357828950992 44.01389243069756 2.583525164045156 54.63573849889647 105.71508479700682 86.77661313852474 7.654552073502337 13.708385510258054 74.92263576951711 2.6138965919090396 82.04765369678451 23.399938973250833 62.12662716031433 30.185673627602377 53.88994602768279 117.77162400389405 6.938261104826637 7.654552073502337 52.20900510164 105.71508479700682 34.25427448141779 105.71508479700682 42.828084599461 81.32764310144049 20.01122051183377 10.08781551073151 39.24301495024274 1.4570240185070773 54.04425529539815 32.06357828950992 62.760528750647524 62.59194984618916 73.05081914720755 10.366873019156571 23.72213337682879 74.62071159067617 50.93257299403491 48.78067405396502 63.09206609695303 28.70509795946173 12.226262107774204 163.2701758314423 100.63092451355628 95.48719527625522 27.191035837041444 62.2846139326154 91.98303647398845 34.29447721563222 70.25198126123433 135.8457398715986 61.30327350948944 8.312136026434644 90.72111189753892 43.411478190330385 19.786026774247244 64.28269901268926 75.50330376160584 7.654552073502337 68.6489515917757 34.25427448141779 101.35158998692606 70.78005237458935
76.01074945043523 0.0 10.009860116137332 26.205222687867074 10.009860116137332 71.53390525759477 21.749971099474642 25.39599786241005 51.76343615074127 23.126274397386254 59.7044801114944 62.3189812583489 94.89138175251398 111.80818672826888 78.61686555833725 40.10630228875982 24.793344993359042 33.379941933513926 40.80613322240469 25.194445393027415 90.20594030294319 5.515479580475031 13.253616250116139 32.12767618257479 87.53769260987681 220.79744459267044 121.39563946826243 79.44112295977234 90.80159080675384 73.05081914720755 58.38320014399332 73.56591979947372 32.12767618257479 28.22278871711177 30.185673627602377 75.96348287381079 20.06923433541656 7.980872653050433 94.89138175251398 82.04765369678451 13.751633329320939 7.5371150163875384 41.33379410565179 13.253616250116139 99.40852721016245 44.59434610601623 96.1472130671037 14.300000938579146 24.793344993359042 70.25198126123433 50.58070430816737 21.749971099474642 28.019363041650198 25.12014182903758 93.47679545721932 72.72860445320359 40.80613322240469 65.16249710267327 23.918406299496347 41.68253763192862 85.11588618816765 50.75777589743389 87.85447685222667 0.3973528508279429 16.97912123164788 48.14809570501482 23.972073990671714 81.35454581884375 54.7968361972168 70.80633200897985 23.63714744494367 10.009860116137332 74.62071159067617 26.205222687867074 14.165811860985933 20.050845686395096 14.968256962356534 60.63700699847688 5.383550399513268 135.8457398715986 65.98481874138872 95.85804994053481 36.486199232449536 8.374014995047737 39.24301495024274 20.050845686395096 0.15339760512770084 172.48238234690837 15.080921454322365 40.10630228875982 30.919954582522603 39.24301495024274 41.68253763192862 12.284767289217562 23.972073990671714 69.98766364861306 38.683095692874566 14.603376252394497 96.1472130671037 21.19105086155066
30.44485395738847 10.009860116137332 0.0 68.09557957635326 46.82461539827631 62.12662716031433 98.98851274095347 99.83291233675402 2.6138965919090396 23.662064798586062 72.81061998145145 41.26071128451667 14.158310163237417 94.37923560370982 84.1210576156368 3.8128472072408073 27.5704820370199 40.80613322240469 73.86411975243425 115.08936978913131 51.36586131813113 23.918406299496347 25.194445393027415 87.53769260987681 67.16159752644982 80.42647690503189 10.01595920602842 47.630782932883776 36.41451826564043 24.079582214259784 39.21971072588781 53.51947863884446 78.34042886351389 116.30110572521825 87.52248291317238 30.919954582522603 10.006884371990573 117.77162400389405 84.39010090558592 23.399938973250833 50.93257299403491 62.12662716031433 73.47150101425743 95.49740886826544 68.08038715656737 19.320794055986667 107.51081547270479 117.77162400389405 5.383550399513268 114.6279137888351 10.366873019156571 73.47150101425743 46.89029538554238 13.815547337159686 25.194445393027415 121.20043176485576 118.08249832787028 47.26726736836993 19.786026774247244 28.436283078552563 12.288614040783422 111.47301529203119 87.48243586756158 70.80633200897985 39.21971072588781 102.9592329356924 25.12014182903758 39.24301495024274 122.44856004928309 66.5260512808049 163.4498632832263 36.749755108352204 49.3941726027899 5.515479580475031 43.16975582595052 74.82187709114922 121.20043176485576 19.788960306716252 65.85869078907731 91.95153973169988 74.92263576951711 78.61686555833725 53.929678544309304 84.39010090558592 51.74104984791788 25.12014182903758 71.46747160340576 71.81771904489207 101.35158998692606 10.006884371990573 31.076211291766047 53.947874240752526 91.79511454351172 64.28269901268926 114.72251604749874 65.16249710267327 60.97671367897759 68.09557957635326 65.1808434202808 18.057910911224113
20.050845686395096 26.205222687867074 68.09557957635326 0.0 41.68253763192862 107.93423105948354 58.78833415007061 40.5900526607389 55.5935805104901 192.17223636615591 74.5518364106079 32.54856255685839 62.2846139326154 27.5704820370199 80.54153789062362 28.502306442924695 18.057910911224113 25.410465779290263 23.662064798586062 78.61686555833725 42.71973085022447 48.78067405396502 30.09124386446008 52.28596249845962 10.366873019156571 3.346978454433014 88.80663351265896 55.118201231516956 124.06641820524864 32.12767618257479 8.48272790384133 84.53195440945018 55.640571211595024 1.8046887487293333 77.29275913316049 62.59194984618916 3.2358706290281276 46.773676893928645 69.95657733405852 25.173446312564415 104.19075338417204 93.41553473987317 24.41328955575064 15.77136037759643 57.396425273527136 10.366873019156571 101.92675281766518 3.07534221466954 136.48990568180858 30.60057985675066 69.3399199255008 40.92417217613918 2.216557067639826 56.616981305310276 12.834969001597337 23.972073990671714 30.182895165015065 20.050845686395096 14.158310163237417 10.006884371990573 132.19317797704667 110.81227355784605 70.78005237458935 95.16110748540072 21.19105086155066 75.96348287381079 11.898143848293174 53.88994602768279 77.31507514191652 87.94285515917993 87.48243586756158 74.19203275652882 87.85447685222667 93.47679545721932 43.484870251966626 196.25788973055953 65.0078077041154 105.22783180567856 47.630782932883776 30.60057985675066 68.54274894058362 69.24784235815139 52.217725396250586 47.066610570332955 102.9592329356924 10.006884371990573 2.283235972529603 60.60505499879064 20.06923433541656 31.076211291766047 13.751633329320939 121.20043176485576 65.58330099499135 87.94285515917993 65.77910450301377 28.70509795946173 55.640571211595024 1.8046887487293333 30.927931803443077 87.48243586756158
28.20865001491324 10.009860116137332 46.82461539827631 41.68253763192862 0.0 62.760528750647524 28.502306442924695 53.51947863884446 51.76343615074127 27.5704820370199 12.834969001597337 29.011649718775182 19.840965927352517 46.89029538554238 34.29447721563222 87.07808222134962 33.081419511372445 87.79336054519293 135.8457398715986 102.05384627860374 5.033799676294322 43.484870251966626 10.006884371990573 47.26726736836993 105.72039509114893 64.7303161612505 88.28913714667297 55.631174815860696 87.11492850477657 28.22278871711177 15.080921454322365 59.963332859800765 43.00026359464728 31.076211291766047 12.284767289217562 90.72111189753892 46.82461539827631 14.300000938579146 23.662064798586062 26.09259090611928 50.38070806883631 158.35056933110718 6.102207175082491 45.3802509722059 99.68504122634704 30.927931803443077 40.10630228875982 90.72111189753892 79.06679085281642 5.703276754725408 32.00586235660653 82.33595651700688 27.191035837041444 11.166098748796955 54.74973902658161 19.788960306716252 5.383550399513268 59.7044801114944 29.564655082543347 47.71113528455103 87.11492850477657 79.07823676995882 95.16110748540072 40.80613322240469 64.28269901268926 75.96348287381079 100.06510242277398 136.48990568180858 111.47301529203119 68.6489515917757 83.38888489558151 57.396425273527136 53.2847315442978 70.78005237458935 42.621634750903496 30.60057985675066 79.07823676995882 59.7044801114944 5.033799676294322 15.77136037759643 12.858821499273539 36.749755108352204 107.51081547270479 6.102207175082491 69.95657733405852 8.374014995047737 114.72251604749874 3.07534221466954 71.46747160340576 25.39599786241005 85.11588618816765 42.28280043725034 69.3399199255008 110.81227355784605 79.36401019851759 15.77136037759643 163.2701758314423 3.8128472072408073 29.564655082543347 71.98631724408061
104.99655350956829 71.53390525759477 62.12662716031433 107.93423105948354 62.760528750647524 0.0 105.40260495498526 44.01389243069756 94.37923560370982 110.81227355784605 29.631009349609325 30.44485395738847 43.70213195870812 62.2846139326154 72.72860445320359 90.80159080675384 46.82461539827631 79.55042074364326 51.210726072833346 14.733452656346941 21.69493459048236 93.90525583811521 115.08936978913131 58.72364195771979 103.8764800641663 43.00026359464728 104.12847524620503 2.612669927128387 58.724769136039434 6.938261104826637 101.68109900441922 3.346978454433014 58.78833415007061 49.197443406991646 58.66384648711981 111.47301529203119 124.06641820524864 8.374014995047737 32.54856255685839 41.33379410565179 74.5518364106079 24.079582214259784 0.15339760512770084 11.001602820588268 28.20865001491324 90.20594030294319 5.383550399513268 65.26455709696259 88.64556821235107 1.798026674013343 37.97992250771564 75.65664822186733 97.8243037990586 81.32764310144049 65.0078077041154 69.95657733405852 74.19203275652882 38.775772015729615 64.51037613125483 104.99655350956829 50.58070430816737 25.173446312564415 2.583525164045156 87.48243586756158 30.377205369101084 72.72860445320359 35.0953271341498 25.410465779290263 23.972073990671714 47.04499768385247 43.411478190330385 105.57544296683093 50.6097076973392 1.4570240185070773 53.929678544309304 11.90570208234859 79.36401019851759 45.3802509722059 90.93853638155247 104.12847524620503 100.83330404618337 105.72039509114893 32.00586235660653 33.466975197523915 100.63092451355628 42.828084599461 51.87245051205106 43.484870251966626 25.286423377594545 6.169008416649973 41.26071128451667 58.78833415007061 37.531913978373154 28.502306442924695 21.69493459048236 101.68109900441922 2.216557067639826 90.20594030294319 16.964411244276604 43.76733320036558
74.19203275652882 21.749971099474642 98.98851274095347 58.78833415007061 28.502306442924695 105.40260495498526 0.0 65.85869078907731 36.54527596756916 79.54557488963638 44.59434610601623 61.30327350948944 28.20865001491324 8.312136026434644 99.40852721016245 94.89138175251398 8.482183300132228 51.36586131813113 58.543080738554266 65.57355949118299 69.34833989840543 80.42647690503189 36.486199232449536 94.96336538369275 29.011649718775182 132.19317797704667 15.080921454322365 53.91151245821369 68.54274894058362 72.47904040364668 69.98766364861306 51.36586131813113 48.34539003122415 90.20594030294319 73.56591979947372 58.724769136039434 135.63484136627505 28.019363041650198 61.30327350948944 28.436283078552563 26.205222687867074 10.009860116137332 53.51947863884446 38.59649624879454 50.63403674617756 37.97992250771564 18.758538931816243 16.964411244276604 90.93853638155247 114.6279137888351 53.51947863884446 70.80633200897985 40.20724380695218 43.16975582595052 67.16159752644982 71.53390525759477 69.98766364861306 29.631009349609325 13.253616250116139 128.7740134935257 62.2846139326154 60.60505499879064 93.90525583811521 30.234306156845758 24.609508237475424 20.01122051183377 6.169008416649973 73.86411975243425 71.81771904489207 172.48238234690837 89.89536514014833 59.62706713763547 21.591275524086843 23.662064798586062 137.558233665041 0.15019400599650368 92.4539559543895 42.7869123845164 5.953062375367871 60.63700699847688 114.72251604749874 0.15339760512770084 70.33155797260582 13.815547337159686 94.89138175251398 30.44485395738847 14.158310163237417 0.15019400599650368 7.654552073502337 16.97912123164788 33.0516605576999 0.15339760512770084 53.91151245821369 163.2701758314423 97.8243037990586 54.63573849889647 77.49016601975559 19.08898288464593 25.39599786241005 68.54274894058362
46.41987554016316 25.39599786241005 99.83291233675402 40.5900526607389 53.51947863884446 44.01389243069756 65.85869078907731 0.0 75.50330376160584 107.51081547270479 53.2847315442978 46.82461539827631 24.079582214259784 53.88994602768279 65.98481874138872 30.377205369101084 47.1517607181253 34.81417852621055 50.1210171647514 121.20043176485576 60.97671367897759 87.11492850477657 30.377205369101084 40.80613322240469 80.78092170737362 47.26726736836993 53.2847315442978 69.95657733405852 6.102207175082491 87.85447685222667 81.35454581884375 2.283235972529603 53.929678544309304 40.41227347614725 19.786026774247244 117.77162400389405 53.929678544309304 96.16959359388969 79.55042074364326 79.54557488963638 83.38888489558151 58.724769136039434 81.32764310144049 48.78067405396502 15.592745475118605 1.798026674013343 72.47904040364668 220.79744459267044 40.92417217613918 34.20039785033415 50.1210171647514 11.90570208234859 41.41036292309205 52.217725396250586 41.26071128451667 28.70509795946173 3.1853699091220378 77.93260013658809 70.78005237458935 60.60505499879064 95.16110748540072 11.90570208234859 46.89029538554238 10.366873019156571 40.92417217613918 0.15019400599650368 64.28269901268926 0.15339760512770084 111.80818672826888 72.47904040364668 32.06357828950992 27.055556848937663 18.15178458265143 127.89527410574975 66.5260512808049 6.73791322949608 73.47150101425743 20.514118370613808 5.033799676294322 10.366873019156571 14.165811860985933 11.166098748796955 23.918406299496347 92.4539559543895 91.87799603869784 47.04499768385247 35.688703075789604 107.93423105948354 33.379941933513926 43.00026359464728 32.00586235660653 43.411478190330385 8.482183300132228 75.96348287381079 58.66384648711981 87.11492850477657 31.316395690238288 30.234306156845758 6.73791322949608 23.560901691051658
28.019363041650198 51.76343615074127 2.6138965919090396 55.5935805104901 51.76343615074127 94.37923560370982 36.54527596756916 75.50330376160584 0.0 53.929678544309304 55.640571211595024 91.1259044445923 24.609508237475424 33.081419511372445 78.61686555833725 95.49740886826544 24.793344993359042 84.30381570961842 62.59194984618916 0.3973528508279429 46.89029538554238 65.58330099499135 28.20865001491324 87.53769260987681 7.5371150163875384 13.748632057398872 88.80663351265896 91.79511454351172 30.377205369101084 24.793344993359042 52.20900510164 96.1472130671037 79.74548610539323 102.05384627860374 91.79511454351172 55.925711874235255 33.081419511372445 41.22020028083995 58.66384648711981 56.10131436890534 82.33595651700688 105.71508479700682 41.54467349632823 58.78833415007061 20.01122051183377 77.45973884363012 35.0953271341498 49.197443406991646 163.2701758314423 25.173446312564415 2.283235972529603 8.48272790384133 8.238875990032298 129.14072801078456 12.834969001597337 100.83330404618337 63.09830902086999 47.102517000372664 65.16249710267327 93.47679545721932 70.25198126123433 50.75777589743389 32.64618587957247 53.2847315442978 28.502306442924695 8.482183300132228 69.34833989840543 91.79511454351172 93.90525583811521 91.79511454351172 38.58073722417374 3.1853699091220378 79.07823676995882 23.72213337682879 78.61686555833725 8.312136026434644 90.93853638155247 41.28617107320669 49.70688435061386 90.72111189753892 33.081419511372445 5.953062375367871 100.10631103605552 28.502306442924695 58.66384648711981 93.41553473987317 107.51081547270479 10.366873019156571 41.68253763192862 5.953062375367871 6.523929200724048 62.46005446324618 51.210726072833346 128.7740134935257 65.26455709696259 7.980872653050433 49.70688435061386 64.28269901268926 55.118201231516956 51.87245051205106
10.08781551073151 23.126274397386254 23.662064798586062 192.17223636615591 27.5704820370199 110.81227355784605 79.54557488963638 107.51081547270479 53.929678544309304 0.0 70.80633200897985 104.99655350956829 73.56591979947372 40.5900526607389 64.7303161612505 95.19511495853143 54.63573849889647 21.749971099474642 68.54274894058362 46.89029538554238 36.41451826564043 73.56591979947372 75.80259163220667 104.19075338417204 11.322576381614923 43.411478190330385 35.0953271341498 51.74104984791788 5.515479580475031 10.01595920602842 31.076211291766047 43.76733320036558 30.09124386446008 67.34681413749765 95.16110748540072 42.7869123845164 80.42647690503189 99.68504122634704 19.145656001593068 62.2846139326154 19.145656001593068 53.91151245821369 36.41451826564043 58.10593803428425 6.102207175082491 34.68758373329068 3.1853699091220378 62.12662716031433 10.006884371990573 98.98851274095347 33.019532644647306 84.30381570961842 32.12767618257479 53.51947863884446 114.72251604749874 28.019363041650198 23.72213337682879 129.14072801078456 52.28596249845962 8.482183300132228 60.60505499879064 7.69426843449957 69.3399199255008 71.81771904489207 40.80613322240469 6.523929200724048 30.44485395738847 87.48243586756158 19.320794055986667 29.021357038345275 46.773676893928645 72.47904040364668 90.20594030294319 105.72039509114893 129.04099142338794 16.97912123164788 192.17223636615591 24.609508237475424 104.99655350956829 19.145656001593068 55.640571211595024 81.35454581884375 63.09830902086999 8.92149377581162 75.65664822186733 70.78005237458935 77.45973884363012 7.5371150163875384 45.3802509722059 32.06357828950992 31.076211291766047 32.12767618257479 75.96348287381079 19.320794055986667 137.558233665041 26.389612691785533 32.00586235660653 87.53769260987681 73.1843998083977 54.04425529539815
54.63573849889647 59.7044801114944 72.81061998145145 74.5518364106079 12.834969001597337 29.631009349609325 44.59434610601623 53.2847315442978 55.640571211595024 70.80633200897985 0.0 3.2358706290281276 25.286423377594545 47.630782932883776 21.69493459048236 49.796012833353885 105.57544296683093 28.436283078552563 100.06510242277398 33.019532644647306 48.78616589372277 30.60057985675066 87.52248291317238 105.40260495498526 16.360161300224625 1.8046887487293333 3.8128472072408073 34.25427448141779 114.72251604749874 63.09206609695303 74.19203275652882 25.286423377594545 137.558233665041 38.775772015729615 33.466975197523915 55.640571211595024 69.98766364861306 133.92960826370506 71.53390525759477 6.523929200724048 8.238875990032298 55.118201231516956 46.82461539827631 2.283235972529603 8.238875990032298 28.20865001491324 8.238875990032298 48.78067405396502 79.54557488963638 91.98303647398845 34.81417852621055 20.06923433541656 77.93260013658809 23.560901691051658 62.12662716031433 46.82461539827631 3.8128472072408073 71.46747160340576 37.97992250771564 99.40852721016245 83.38888489558151 11.455715841130448 46.27485653729609 10.08781551073151 14.733452656346941 6.169008416649973 96.16959359388969 44.59434610601623 101.35158998692606 50.63403674617756 46.77561351432419 23.399938973250833 30.09124386446008 77.49016601975559 55.81733205825242 47.630782932883776 41.54467349632823 50.92727978058103 86.77661313852474 38.775772015729615 40.80613322240469 87.11492850477657 133.92960826370506 33.466975197523915 46.41987554016316 95.49740886826544 0.15339760512770084 80.42647690503189 38.17853550269501 83.38888489558151 95.85804994053481 42.28280043725034 42.7869123845164 70.61105166734862 49.796012833353885 30.927931803443077 57.396425273527136 118.08249832787028 79.55042074364326 71.53390525759477
49.197443406991646 62.3189812583489 41.26071128451667 32.54856255685839 29.011649718775182 30.44485395738847 61.30327350948944 46.82461539827631 91.1259044445923 104.99655350956829 3.2358706290281276 0.0 98.98851274095347 45.3802509722059 62.59194984618916 76.01074945043523 56.10131436890534 98.98851274095347 42.71973085022447 65.16249710267327 61.30327350948944 43.76733320036558 32.54856255685839 8.238875990032298 32.54856255685839 47.102517000372664 1.798026674013343 105.40260495498526 49.3941726027899 95.16110748540072 28.20865001491324 54.63573849889647 39.24301495024274 10.698462022596225 87.94285515917993 72.72860445320359 5.383550399513268 24.41328955575064 53.947874240752526 43.76733320036558 34.20039785033415 11.90570208234859 75.50330376160584 51.87245051205106 36.486199232449536 45.3802509722059 62.59194984618916 100.83330404618337 51.87245051205106 40.92417217613918 52.20900510164 51.36586131813113 26.389612691785533 132.19317797704667 20.01122051183377 19.08898288464593 78.61686555833725 19.840965927352517 135.63484136627505 96.76208942911884 96.1472130671037 3.346978454433014 59.62706713763547 3.2358706290281276 65.26455709696259 95.16110748540072 58.543080738554266 21.591275524086843 6.73791322949608 65.1808434202808 47.102517000372664 89.2692236352174 70.25198126123433 26.205222687867074 85.11588618816765 93.90525583811521 101.92675281766518 40.20724380695218 5.703276754725408 111.47301529203119 18.057910911224113 2.3766764003924052 25.863533587939614 53.2847315442978 12.226262107774204 46.27485653729609 30.09124386446008 50.58070430816737 88.25412502315874 65.98481874138872 36.818986379419314 52.217725396250586 87.85447685222667 69.3399199255008 105.9116164378706 28.502306442924695 47.066610570332955 14.715750577639398 29.021357038345275 98.98851274095347
47.630782932883776 94.89138175251398 14.158310163237417 62.2846139326154 19.840965927352517 43.70213195870812 28.20865001491324 24.079582214259784 24.609508237475424 73.56591979947372 25.286423377594545 98.98851274095347 0.0 70.33155797260582 64.7303161612505 55.118201231516956 38.59649624879454 0.3973528508279429 21.19105086155066 56.22631123387289 137.558233665041 23.918406299496347 54.62451182804553 25.194445393027415 73.67692154319263 81.35454581884375 105.22783180567856 84.30381570961842 56.616981305310276 50.93257299403491 86.77661313852474 23.560901691051658 23.918406299496347 87.07808222134962 124.06641820524864 105.9116164378706 20.050845686395096 38.84128614192736 10.366873019156571 59.62706713763547 47.102517000372664 29.021357038345275 71.81771904489207 90.68679052128385 69.34833989840543 13.708385510258054 80.42647690503189 14.603376252394497 59.963332859800765 51.74180133533373 81.32764310144049 49.197443406991646 38.17853550269501 20.514118370613808 73.1843998083977 74.19203275652882 127.89527410574975 1.8046887487293333 9.724308330045858 99.83291233675402 107.93423105948354 36.749755108352204 220.79744459267044 102.05384627860374 50.93257299403491 38.17853550269501 52.20900510164 25.410465779290263 75.80259163220667 80.42647690503189 105.22783180567856 132.19317797704667 30.927931803443077 120.56525675221464 3.07534221466954 90.80159080675384 18.758538931816243 16.360161300224625 90.80159080675384 103.8764800641663 28.20865001491324 50.63403674617756 114.72251604749874 13.815547337159686 14.733452656346941 88.84380309834074 127.89527410574975 75.50510351185277 64.28269901268926 220.79744459267044 15.331054777298249 163.2701758314423 14.968256962356534 93.90525583811521 88.80663351265896 11.898143848293174 60.60505499879064 10.009860116137332 105.72039509114893 55.631174815860696
25.12014182903758 111.80818672826888 94.37923560370982 27.5704820370199 46.89029538554238 62.2846139326154 8.312136026434644 53.88994602768279 33.081419511372445 40.5900526607389 47.630782932883776 45.3802509722059 70.33155797260582 0.0 27.66148710438832 59.62706713763547 50.93257299403491 15.080921454322365 88.52453264863124 25.12014182903758 0.3973528508279429 14.300000938579146 135.63484136627505 84.39010090558592 14.603376252394497 103.8764800641663 23.126274397386254 19.788960306716252 2.216557067639826 105.57544296683093 132.45048892283634 196.25788973055953 27.698123783482735 25.39599786241005 11.322576381614923 86.77661313852474 36.54527596756916 11.898143848293174 19.786026774247244 10.006884371990573 11.455715841130448 84.53195440945018 80.42647690503189 114.72251604749874 73.56591979947372 19.320794055986667 14.968256962356534 5.953062375367871 65.98481874138872 26.389612691785533 9.402252734682207 76.06710265186402 37.97992250771564 111.47301529203119 41.28617107320669 3.07534221466954 41.33379410565179 88.80663351265896 1.8046887487293333 10.009860116137332 111.80818672826888 67.34681413749765 65.16249710267327 52.20900510164 44.59434610601623 73.05081914720755 15.331054777298249 58.543080738554266 101.68109900441922 94.96336538369275 36.749755108352204 82.04765369678451 71.81771904489207 10.006884371990573 101.35158998692606 30.44485395738847 97.8243037990586 52.20900510164 104.12847524620503 98.98851274095347 73.25523593598456 93.90525583811521 61.41031715898856 49.197443406991646 107.51081547270479 192.17223636615591 73.47150101425743 42.828084599461 10.01595920602842 77.93260013658809 129.14072801078456 50.38070806883631 75.96348287381079 47.1517607181253 53.51947863884446 100.06510242277398 79.36401019851759 29.953352546476573 36.818986379419314 65.98481874138872
69.34833989840543 78.61686555833725 84.1210576156368 80.54153789062362 34.29447721563222 72.72860445320359 99.40852721016245 65.98481874138872 78.61686555833725 64.7303161612505 21.69493459048236 62.59194984618916 64.7303161612505 27.66148710438832 0.0 90.93853638155247 68.6489515917757 19.840965927352517 68.09557957635326 69.24784235815139 40.41227347614725 14.968256962356534 63.09830902086999 101.35158998692606 29.631009349609325 19.788960306716252 80.42647690503189 58.78833415007061 32.06357828950992 30.919954582522603 46.77561351432419 94.96336538369275 84.30381570961842 15.77136037759643 114.6279137888351 2.3766764003924052 66.91821348257574 9.402252734682207 105.40260495498526 53.51947863884446 99.68504122634704 73.05081914720755 93.7105061950781 27.698123783482735 111.47301529203119 48.711102438587844 105.40260495498526 21.19105086155066 18.057910911224113 73.67692154319263 192.17223636615591 73.67692154319263 48.34539003122415 57.396425273527136 37.531913978373154 46.773676893928645 43.76733320036558 72.81061998145145 92.60701303081925 51.87245051205106 44.01389243069756 70.61105166734862 129.04099142338794 23.662064798586062 137.558233665041 79.55042074364326 41.26071128451667 48.78616589372277 74.82187709114922 33.0516605576999 90.72111189753892 34.20039785033415 105.9116164378706 84.53195440945018 21.69493459048236 42.28280043725034 58.38320014399332 62.760528750647524 196.25788973055953 14.968256962356534 74.19203275652882 116.23496917532498 43.10318702235351 99.68504122634704 105.9116164378706 12.284767289217562 88.28913714667297 6.73791322949608 39.21971072588781 25.12014182903758 23.72213337682879 28.22278871711177 28.70509795946173 15.592745475118605 102.9592329356924 83.38888489558151 94.89138175251398 111.47301529203119 79.74548610539323 52.217725396250586
28.502306442924695 40.10630228875982 3.8128472072408073 28.502306442924695 87.07808222134962 90.80159080675384 94.89138175251398 30.377205369101084 95.49740886826544 95.19511495853143 49.796012833353885 76.01074945043523 55.118201231516956 59.62706713763547 90.93853638155247 0.0 28.019363041650198 8.482183300132228 220.79744459267044 44.59434610601623 80.78092170737362 0.15019400599650368 172.48238234690837 8.48272790384133 95.48719527625522 5.515479580475031 88.28913714667297 25.286423377594545 40.20724380695218 83.38888489558151 8.238875990032298 99.40852721016245 104.12847524620503 43.00026359464728 23.63714744494367 8.238875990032298 87.94285515917993 26.09259090611928 79.36401019851759 0.15339760512770084 116.23496917532498 81.35454581884375 67.34681413749765 28.502306442924695 0.15019400599650368 2.3766764003924052 14.968256962356534 43.76733320036558 56.10131436890534 127.89527410574975 68.6489515917757 73.29713907949295 7.69426843449957 38.17853550269501 73.86411975243425 49.887510409191776 70.33155797260582 114.6279137888351 62.760528750647524 24.793344993359042 12.284767289217562 73.05081914720755 79.06679085281642 101.92675281766518 21.591275524086843 67.34681413749765 95.19511495853143 71.53390525759477 105.72039509114893 69.34833989840543 29.953352546476573 46.77561351432419 79.07823676995882 56.22631123387289 110.81227355784605 76.01074945043523 20.050845686395096 23.560901691051658 62.12662716031433 14.968256962356534 37.97992250771564 90.80159080675384 40.80613322240469 52.28596249845962 23.972073990671714 38.58073722417374 104.19075338417204 77.29275913316049 0.3973528508279429 41.28617107320669 124.06641820524864 38.58073722417374 20.514118370613808 88.52453264863124 82.33595651700688 65.85869078907731 28.019363041650198 101.92675281766518 14.603376252394497 44.59434610601623
69.34833989840543 24.793344993359042 27.5704820370199 18.057910911224113 33.081419511372445 46.82461539827631 8.482183300132228 47.1517607181253 24.793344993359042 54.63573849889647 105.57544296683093 56.10131436890534 38.59649624879454 50.93257299403491 68.6489515917757 28.019363041650198 0.0 79.54557488963638 73.47150101425743 51.74180133533373 43.00026359464728 40.20724380695218 60.97671367897759 3.1853699091220378 48.34539003122415 25.410465779290263 19.786026774247244 35.688703075789604 88.52453264863124 105.71508479700682 10.01595920602842 93.47679545721932 0.15019400599650368 50.38070806883631 29.021357038345275 81.35454581884375 105.22783180567856 30.919954582522603 78.34042886351389 1.798026674013343 47.630782932883776 75.50330376160584 94.96336538369275 46.773676893928645 62.2846139326154 59.963332859800765 69.95657733405852 74.82187709114922 10.01595920602842 105.72039509114893 69.24784235815139 54.63573849889647 41.26071128451667 6.102207175082491 29.564655082543347 47.04499768385247 15.592745475118605 38.683095692874566 19.08898288464593 31.316395690238288 77.45973884363012 47.26726736836993 32.06357828950992 83.38888489558151 42.28280043725034 23.63714744494367 47.04499768385247 115.08936978913131 2.612669927128387 19.786026774247244 62.59194984618916 13.748632057398872 75.96348287381079 23.918406299496347 7.69426843449957 69.3399199255008 87.07808222134962 91.79511454351172 75.50510351185277 87.94285515917993 122.44856004928309 78.61686555833725 8.312136026434644 80.42647690503189 42.7869123845164 60.97671367897759 107.96546468673154 76.06710265186402 34.20039785033415 42.828084599461 75.65664822186733 43.76733320036558 20.01122051183377 13.708385510258054 34.20039785033415 41.33379410565179 104.19075338417204 41.68253763192862 78.61686555833725 91.95153973169988
66.91821348257574 33.379941933513926 40.80613322240469 25.410465779290263 87.79336054519293 79.55042074364326 51.36586131813113 34.81417852621055 84.30381570961842 21.749971099474642 28.436283078552563 98.98851274095347 0.3973528508279429 15.080921454322365 19.840965927352517 8.482183300132228 79.54557488963638 0.0 68.6489515917757 78.61686555833725 27.5704820370199 88.25412502315874 32.12767618257479 43.16975582595052 14.165811860985933 74.62071159067617 95.49740886826544 16.97912123164788 50.93257299403491 104.19075338417204 37.531913978373154 196.25788973055953 14.165811860985933 104.99655350956829 50.38070806883631 51.74104984791788 94.37923560370982 65.77910450301377 14.158310163237417 40.10630228875982 87.79336054519293 47.102517000372664 108.05737503282683 68.08038715656737 56.10131436890534 107.93423105948354 105.9116164378706 36.749755108352204 43.411478190330385 27.055556848937663 26.09259090611928 47.102517000372664 46.773676893928645 18.758538931816243 11.322576381614923 55.5935805104901 43.16975582595052 40.5900526607389 25.863533587939614 42.28280043725034 8.482183300132228 38.683095692874566 2.216557067639826 73.67692154319263 6.73791322949608 54.74973902658161 12.226262107774204 93.47679545721932 124.06641820524864 172.48238234690837 116.23496917532498 84.30381570961842 59.62706713763547 75.65664822186733 71.53390525759477 37.531913978373154 75.80259163220667 56.616981305310276 11.898143848293174 5.033799676294322 29.564655082543347 32.64618587957247 92.4539559543895 56.22631123387289 16.360161300224625 5.953062375367871 23.399938973250833 111.80818672826888 14.733452656346941 172.48238234690837 76.88016076215771 111.80818672826888 21.591275524086843 79.55042074364326 28.70509795946173 2.583525164045156 55.631174815860696 37.97992250771564 16.360161300224625 30.234306156845758
26.389612691785533 40.80613322240469 73.86411975243425 23.662064798586062 135.8457398715986 51.210726072833346 58.543080738554266 50.1210171647514 62.59194984618916 68.54274894058362 100.06510242277398 42.71973085022447 21.19105086155066 88.52453264863124 68.09557957635326 220.79744459267044 73.47150101425743 68.6489515917757 0.0 25.811890362686924 41.26071128451667 67.25870443425735 20.514118370613808 40.80613322240469 53.51947863884446 55.925711874235255 0.15339760512770084 70.61105166734862 18.057910911224113 8.312136026434644 76.88016076215771 99.68504122634704 34.20039785033415 13.751633329320939 44.59434610601623 11.90570208234859 91.87799603869784 16.360161300224625 11.001602820588268 3.1853699091220378 73.56591979947372 18.758538931816243 43.10318702235351 87.79336054519293 18.758538931816243 75.50330376160584 132.45048892283634 48.78067405396502 6.73791322949608 5.515479580475031 84.53195440945018 116.30110572521825 23.399938973250833 13.748632057398872 84.39010090558592 90.93853638155247 87.85447685222667 51.36586131813113 23.126274397386254 76.06710265186402 90.20594030294319 64.27848503692273 29.564655082543347 2.216557067639826 65.26455709696259 21.749971099474642 82.04765369678451 88.84380309834074 30.09124386446008 65.85869078907731 87.94285515917993 79.54557488963638 25.39599786241005 40.10630228875982 80.54153789062362 41.41036292309205 32.06357828950992 88.28913714667297 32.06357828950992 54.7968361972168 94.37923560370982 107.93423105948354 137.558233665041 61.41031715898856 25.39599786241005 93.90525583811521 59.62706713763547 79.44112295977234 7.69426843449957 10.006884371990573 30.927931803443077 69.24784235815139 105.72039509114893 88.84380309834074 50.38070806883631 33.019532644647306 7.654552073502337 59.86632112894618 108.05737503282683 135.63484136627505
66.5260512808049 25.194445393027415 115.08936978913131 78.61686555833725 102.05384627860374 14.733452656346941 65.57355949118299 121.20043176485576 0.3973528508279429 46.89029538554238 33.019532644647306 65.16249710267327 56.22631123387289 25.12014182903758 69.24784235815139 44.59434610601623 51.74180133533373 78.61686555833725 25.811890362686924 0.0 128.7740134935257 30.234306156845758 29.631009349609325 25.410465779290263 60.97671367897759 101.68109900441922 71.98631724408061 93.47679545721932 33.379941933513926 58.78833415007061 90.80159080675384 94.89138175251398 70.33155797260582 67.6997443190468 88.80663351265896 11.90570208234859 135.8457398715986 110.81227355784605 38.59649624879454 105.72039509114893 2.6138965919090396 81.32764310144049 89.89536514014833 25.811890362686924 30.185673627602377 72.47904040364668 71.81771904489207 2.583525164045156 7.69426843449957 48.34539003122415 7.69426843449957 129.04099142338794 71.46747160340576 95.96714317235767 41.26071128451667 69.95657733405852 41.41036292309205 41.41036292309205 25.39599786241005 23.662064798586062 33.0516605576999 70.61105166734862 16.97912123164788 46.89029538554238 29.011649718775182 92.60701303081925 14.968256962356534 69.3399199255008 90.20594030294319 45.3802509722059 71.53390525759477 26.09259090611928 69.34833989840543 10.08781551073151 86.77661313852474 23.560901691051658 9.402252734682207 117.77162400389405 59.7044801114944 38.683095692874566 104.19075338417204 30.919954582522603 104.19075338417204 25.194445393027415 117.77162400389405 133.92960826370506 88.64556821235107 59.86632112894618 79.07823676995882 91.98303647398845 103.8764800641663 13.253616250116139 111.80818672826888 49.796012833353885 55.5935805104901 65.26455709696259 50.58070430816737 2.3766764003924052 48.34539003122415 25.410465779290263
11.001602820588268 90.20594030294319 51.36586131813113 42.71973085022447 5.033799676294322 21.69493459048236 69.34833989840543 60.97671367897759 46.89029538554238 36.41451826564043 48.78616589372277 61.30327350948944 137.558233665041 0.3973528508279429 40.41227347614725 80.78092170737362 43.00026359464728 27.5704820370199 41.26071128451667 128.7740134935257 0.0 91.87799603869784 95.85804994053481 68.09557957635326 118.08249832787028 51.74104984791788 38.775772015729615 26.389612691785533 127.89527410574975 68.54274894058362 2.3766764003924052 47.1517607181253 3.1853699091220378 2.612669927128387 90.93853638155247 42.08757925280536 53.2847315442978 25.12014182903758 121.39563946826243 79.36401019851759 54.58776803663518 86.77661313852474 48.14809570501482 55.640571211595024 37.97992250771564 104.19075338417204 23.126274397386254 50.38070806883631 41.33379410565179 61.30327350948944 18.57894709136128 88.28913714667297 77.93260013658809 65.0078077041154 93.90525583811521 58.543080738554266 87.52248291317238 53.2847315442978 29.631009349609325 90.72111189753892 65.0078077041154 77.31507514191652 51.74104984791788 59.7044801114944 78.34042886351389 52.28596249845962 21.749971099474642 24.793344993359042 107.96546468673154 40.20724380695218 78.61686555833725 2.583525164045156 1.798026674013343 54.04425529539815 65.1808434202808 14.165811860985933 67.16159752644982 48.14809570501482 100.63092451355628 35.0953271341498 62.3189812583489 55.118201231516956 76.06710265186402 118.08249832787028 30.44485395738847 36.41451826564043 107.96546468673154 98.98851274095347 6.938261104826637 74.92263576951711 100.10631103605552 65.77910450301377 58.66384648711981 99.83291233675402 51.74180133533373 38.775772015729615 8.312136026434644 40.92417217613918 121.20043176485576 48.14809570501482
114.72251604749874 5.515479580475031 23.918406299496347 48.78067405396502 43.484870251966626 93.90525583811521 80.42647690503189 87.11492850477657 65.58330099499135 73.56591979947372 30.60057985675066 43.76733320036558 23.918406299496347 14.300000938579146 14.968256962356534 0.15019400599650368 40.20724380695218 88.25412502315874 67.25870443425735 30.234306156845758 91.87799603869784 0.0 87.48243586756158 71.46747160340576 28.22278871711177 31.076211291766047 23.399938973250833 196.25788973055953 40.41227347614725 67.6997443190468 8.92149377581162 62.3189812583489 63.09830902086999 18.57894709136128 36.41451826564043 62.59194984618916 11.898143848293174 105.57544296683093 74.92263576951711 71.53390525759477 73.56591979947372 65.77910450301377 47.26726736836993 70.80633200897985 90.20594030294319 32.12767618257479 30.919954582522603 58.724769136039434 55.5935805104901 5.033799676294322 55.81733205825242 3.346978454433014 35.688703075789604 12.834969001597337 60.60505499879064 40.5900526607389 31.076211291766047 2.283235972529603 33.081419511372445 3.2358706290281276 50.38070806883631 14.158310163237417 88.25412502315874 47.71113528455103 64.7303161612505 93.90525583811521 14.603376252394497 23.662064798586062 59.7044801114944 8.48272790384133 43.70213195870812 52.20900510164 13.751633329320939 44.59434610601623 90.72111189753892 82.33595651700688 74.5518364106079 95.16110748540072 28.20865001491324 66.5260512808049 45.3802509722059 30.927931803443077 88.52453264863124 114.72251604749874 80.54153789062362 55.925711874235255 89.89536514014833 62.12662716031433 41.41036292309205 62.258265064330516 38.58073722417374 80.54153789062362 48.78616589372277 50.6097076973392 52.20900510164 54.63573849889647 93.47679545721932 87.85447685222667 11.90570208234859 87.48243586756158
