100
0.0 40.41792274788625 49.396045737993866 66.74760389109966 72.2612760277927 49.98679930932146 69.60449137994408 33.18997738198673 67.08241747054466 81.89133604851395 39.922641036034896 74.63743810423179 58.89083345154204 49.887626298737956 60.22885736035431 49.80196374756762 25.900534831573268 69.28034859325875 72.70314820152326 87.10644510834994 61.73515207475441 97.25852340639783 87.10644510834994 16.872616347972453 54.71196329271552 44.30400180912932 53.70886156946851 67.04885477085783 42.77628727203175 32.59521392409964 68.39249312837968 67.04885477085783 25.900534831573268 54.184729846119566 70.8257458223209 66.29141383923726 44.28175725491884 57.82298377662759 48.08915467665234 72.76612572390286 44.30400180912932 48.50414216006905 31.896908572695754 25.012810624140744 67.08241747054466 45.15117943222113 72.70314820152326 49.86064489685133 49.86064489685133 50.96271918987185 28.036544945816225 71.03565997422196 33.2377128665605 49.059697638435814 45.15117943222113 47.57390692575857 31.896908572695754 48.02086827878112 56.891533129084635 40.30850510507035 28.04063259227407 47.0446283248256 58.89083345154204 77.54867348663089 72.90434230304018 51.854941933404234 70.8257458223209 69.60449137994408 46.142992746506394 76.18013524604302 23.832254439060225 31.400177733968516 39.014567473510496 74.8855353145322 25.900534831573268 34.25455456997949 57.213173952668704 71.4314727779902 45.51919806283181 58.20973296921245 45.025039040271594 52.944882192995074 37.686078066132595 23.832254439060225 27.638460009048163 32.22713998680202 29.064002207958332 45.51919806283181 39.98789949685832 53.45999799190329 44.99953134187181 72.06895125109679 47.75036455528982 28.04063259227407 39.922641036034896 31.896908572695754 43.06232390843527 45.390500905816864 38.687474675670565 49.887626298737956
40.41792274788625 0.0 54.184729846119566 54.67669272144159 34.8672113280297 31.896908572695754 50.34181213643959 53.090612827394565 51.41535518469398 52.07775578696771 57.07127272119579 61.96987854856192 68.01785216437445 49.051140901632145 46.142992746506394 47.0811470770702 46.20502848774205 72.70314820152326 88.62552224773597 53.29117631727701 88.62552224773597 39.922641036034896 47.75785157628349 39.61359814110927 56.44617263568534 46.616403495088186 51.321412273542336 50.96592517060163 43.78092883067368 53.29117631727701 33.18997738198673 39.98789949685832 45.390500905816864 40.860443731465296 87.10644510834994 49.887626298737956 50.43946102932997 65.91063944706342 47.0446283248256 62.49013546510805 47.183798167553086 46.4475205307868 52.944882192995074 32.38389958415629 37.562900540395916 57.18850711149738 34.79830738119934 54.67669272144159 60.6646175641847 40.06586860413281 53.45999799190329 52.07775578696771 54.13051828155761 41.55524421718141 45.971347698781074 48.04918547123616 32.22713998680202 55.66338614696945 52.07775578696771 40.58474007401013 50.96592517060163 23.115128158001486 33.261284689038604 64.12766845356397 62.2783147918293 79.65583807083392 43.06319052437226 27.08206330583248 51.586654694781096 49.613575650078836 53.70886156946851 34.789947215493655 72.05660125572952 45.390500905816864 57.57851443876696 40.58474007401013 46.20502848774205 18.892850568458954 45.47880317117384 32.7301103912106 39.797138410909085 45.4082795333257 22.13360879394237 44.044751269063475 27.638460009048163 43.06319052437226 47.75785157628349 60.231718242636546 44.32830771871185 23.832254439060225 60.22885736035431 56.532929663703065 74.8855353145322 76.2163848753105 31.896908572695754 73.11880843843393 59.339808235378705 68.39249312837968 57.65681590749217 76.2163848753105
49.396045737993866 54.184729846119566 0.0 52.096297203473604 38.98142846163206 53.93734417968057 54.07645160629626 58.89083345154204 68.91335618555662 26.86783665112293 54.9128219621111 74.63743810423179 40.41792274788625 53.45999799190329 48.50414216006905 31.494120634635973 60.597279521717326 45.47880317117384 18.892850568458954 44.044751269063475 66.29141383923726 49.210303358999866 25.900534831573268 79.65583807083392 25.900534831573268 72.2612760277927 56.61774053667282 72.06895125109679 56.18876202805902 60.34097685360298 63.77981127900366 62.2783147918293 64.12766845356397 32.02542696661167 88.62552224773597 25.012810624140744 43.06232390843527 56.50992290456584 18.05430234185719 53.26644804652796 77.54867348663089 48.4911112291507 51.74893914905511 37.50710949068057 47.75785157628349 33.18921931346728 48.739974751666075 32.387894267502034 68.70374669935742 46.57186622809759 47.70786135003472 46.44773708007094 46.142992746506394 44.044751269063475 87.10644510834994 88.62552224773597 43.06232390843527 57.65681590749217 62.49013546510805 53.32261417788152 60.75018182767783 33.89557758898562 65.36373224968467 34.88922201284443 45.85590769523907 33.261284689038604 37.50710949068057 50.04177973640154 56.76196870359857 36.87880117154984 60.75724893699327 50.96271918987185 49.91103902762434 57.82298377662759 57.07127272119579 34.25455456997949 57.07127272119579 10.209712533255974 46.616403495088186 69.28034859325875 60.34097685360298 49.478847714049415 47.70786135003472 74.8855353145322 58.89083345154204 62.398427118355514 70.81391978696544 45.390500905816864 53.93734417968057 43.06319052437226 43.78092883067368 50.96271918987185 53.26644804652796 16.872616347972453 34.25455456997949 59.339808235378705 26.908717450915404 68.01785216437445 60.22885736035431 35.96514849146652
66.74760389109966 54.67669272144159 52.096297203473604 0.0 53.45999799190329 18.892850568458954 44.044751269063475 66.74760389109966 48.04918547123616 37.78318655794919 40.860443731465296 62.398427118355514 57.77719514563711 81.4616158368064 47.61041082994465 81.4616158368064 50.96592517060163 72.53170486033946 36.55591951578195 56.44617263568534 29.064002207958332 56.50992290456584 50.21853277750793 50.737563225207936 51.854941933404234 54.71196329271552 55.66338614696945 47.88174041448848 49.613575650078836 66.29141383923726 47.75785157628349 54.67669272144159 72.70314820152326 47.57390692575857 49.051140901632145 52.59113387845752 36.87880117154984 60.597279521717326 53.32261417788152 53.80498520769768 49.91103902762434 18.05430234185719 54.01839711430184 31.896908572695754 72.70314820152326 83.77739375449565 52.59113387845752 65.36373224968467 32.59521392409964 37.937457962398284 54.71196329271552 49.98679930932146 83.77739375449565 31.494120634635973 68.70374669935742 47.183798167553086 51.41535518469398 58.89083345154204 48.09413735635239 49.051140901632145 31.896908572695754 49.91103902762434 32.22713998680202 88.62552224773597 44.99953134187181 43.78092883067368 97.25852340639783 35.97420865138797 43.378954571022355 51.39648203918802 49.91103902762434 57.57851443876696 40.860443731465296 18.05430234185719 29.18673933158098 54.07645160629626 60.97402357249069 13.616337970191893 47.0811470770702 43.142394393782965 59.15003213186227 59.081610263903485 44.6683392708801 47.25261540360624 92.46626476101179 51.75776927191939 43.32342506059696 25.900534831573268 88.62552224773597 31.896908572695754 23.832254439060225 68.91335618555662 56.44617263568534 59.339808235378705 49.613575650078836 54.67669272144159 49.86064489685133 51.321412273542336 46.57186622809759 39.98789949685832
72.2612760277927 34.8672113280297 38.98142846163206 53.45999799190329 0.0 63.45668478291327 56.986939483313435 34.25455456997949 37.27428758223661 49.86064489685133 49.478847714049415 43.06232390843527 63.04592771365629 36.87880117154984 53.97113816576203 59.081610263903485 56.601449968860535 72.06895125109679 56.44617263568534 37.562900540395916 47.564867181693366 51.3268573288153 42.77628727203175 47.0811470770702 31.400177733968516 50.34181213643959 68.15674810041713 44.32830771871185 38.98142846163206 51.971320638257836 52.096297203473604 73.11880843843393 63.050926959809686 45.025039040271594 45.51919806283181 68.01785216437445 37.27428758223661 23.832254439060225 54.184729846119566 39.61359814110927 39.90511945013222 72.06895125109679 49.887626298737956 36.55591951578195 13.616337970191893 80.64791227428682 49.210303358999866 46.57186622809759 57.213173952668704 77.54867348663089 68.70374669935742 45.41154536156322 51.75776927191939 49.75018199621366 40.30850510507035 60.97402357249069 71.03565997422196 59.15003213186227 62.73560666790861 63.45668478291327 65.62457898091296 43.06232390843527 58.534845151848046 33.18997738198673 48.08915467665234 45.025039040271594 49.91554035906483 36.55591951578195 46.20502848774205 54.9128219621111 56.532929663703065 39.98789949685832 49.47891337271555 22.13360879394237 60.231718242636546 32.59521392409964 49.059697638435814 58.09611926896918 34.88922201284443 56.532929663703065 40.01846682203476 44.99953134187181 45.41154536156322 28.822820292799502 23.832254439060225 61.38367378427922 49.98679930932146 47.88174041448848 79.65583807083392 60.22885736035431 48.08915467665234 43.142394393782965 38.98142846163206 47.88174041448848 44.18540190756939 40.01846682203476 70.81391978696544 42.41503442549294 39.90511945013222 56.532929663703065
49.98679930932146 31.896908572695754 53.93734417968057 18.892850568458954 63.45668478291327 0.0 31.400177733968516 40.06586860413281 52.44426602949471 49.95987048078803 59.081610263903485 42.41503442549294 52.383634234641406 37.937457962398284 49.613575650078836 38.07640672364403 60.75724893699327 26.86783665112293 32.22713998680202 68.39249312837968 49.86064489685133 35.96514849146652 52.383634234641406 35.97420865138797 36.55591951578195 49.86064489685133 53.80498520769768 10.209712533255974 39.797138410909085 58.20973296921245 60.97402357249069 43.06319052437226 48.08915467665234 59.71476307815831 45.4082795333257 44.6683392708801 63.050926959809686 56.669648681434396 46.616403495088186 54.07645160629626 37.937457962398284 65.36373224968467 47.57390692575857 81.4616158368064 59.31258078926824 43.78092883067368 42.77628727203175 31.896908572695754 37.686078066132595 49.91103902762434 10.209712533255974 47.0811470770702 59.339808235378705 52.096297203473604 43.85894674914165 65.91063944706342 19.94554967924476 97.25852340639783 57.65681590749217 48.48884139744705 54.01839711430184 49.559135681937306 13.616337970191893 45.47880317117384 33.18921931346728 48.978371972874925 92.46626476101179 44.044751269063475 63.45668478291327 67.08241747054466 44.6683392708801 32.85762598733411 69.60449137994408 27.08206330583248 47.75036455528982 65.91063944706342 21.18094280007952 43.06232390843527 40.41792274788625 50.96592517060163 58.534845151848046 57.82298377662759 35.96514849146652 37.937457962398284 45.4082795333257 40.41792274788625 47.0811470770702 73.11880843843393 72.90434230304018 56.532929663703065 45.51919806283181 87.10644510834994 54.08454677703945 32.02542696661167 19.94554967924476 33.2377128665605 53.090612827394565 48.50414216006905 75.19871451024383 76.14302689672809
69.60449137994408 50.34181213643959 54.07645160629626 44.044751269063475 56.986939483313435 31.400177733968516 0.0 53.97113816576203 72.53170486033946 37.4457063651038 42.41503442549294 36.396719247601965 41.55524421718141 59.339808235378705 66.74760389109966 57.82298377662759 71.4314727779902 46.57186622809759 77.54867348663089 49.478847714049415 38.07640672364403 52.096297203473604 51.41535518469398 36.55591951578195 51.3268573288153 71.03565997422196 46.57186622809759 68.91335618555662 44.32830771871185 54.67669272144159 68.91335618555662 72.06895125109679 46.616403495088186 49.613575650078836 29.18673933158098 53.29117631727701 40.30850510507035 63.45668478291327 42.77628727203175 40.41792274788625 29.064002207958332 44.28175725491884 79.65583807083392 41.61747967528807 51.39648203918802 45.51919806283181 58.09611926896918 56.023002253891924 36.55591951578195 29.558540323256935 76.18013524604302 33.261284689038604 59.31258078926824 68.49314680584783 41.55524421718141 74.63743810423179 77.63642410318596 74.63743810423179 72.05660125572952 40.860443731465296 49.80196374756762 65.36373224968467 60.6646175641847 39.98789949685832 49.86064489685133 39.014567473510496 37.50710949068057 69.60449137994408 37.4457063651038 32.59521392409964 68.39249312837968 72.06895125109679 36.55591951578195 43.03055801305418 51.971320638257836 72.53170486033946 47.25261540360624 42.41503442549294 62.2783147918293 57.57851443876696 63.77981127900366 34.88922201284443 33.18997738198673 43.85894674914165 81.4616158368064 21.18094280007952 53.29117631727701 13.616337970191893 77.63642410318596 29.064002207958332 51.321412273542336 56.61774053667282 49.80196374756762 49.47891337271555 52.07775578696771 48.04918547123616 40.01846682203476 48.04918547123616 37.4457063651038 59.71476307815831
33.18997738198673 53.090612827394565 58.89083345154204 66.74760389109966 34.25455456997949 40.06586860413281 53.97113816576203 0.0 46.44773708007094 40.41792274788625 32.59521392409964 26.908717450915404 67.08241747054466 50.34181213643959 46.44773708007094 36.55591951578195 34.88922201284443 49.210303358999866 54.08454677703945 52.44426602949471 53.80498520769768 58.534845151848046 45.47880317117384 88.62552224773597 53.090612827394565 48.09413735635239 83.77739375449565 10.209712533255974 63.04592771365629 35.97420865138797 51.39648203918802 58.20973296921245 50.737563225207936 51.74893914905511 60.22885736035431 74.63743810423179 64.12766845356397 69.28034859325875 56.4192149706728 31.896908572695754 25.012810624140744 60.20672639928111 41.61747967528807 46.4475205307868 37.686078066132595 35.96514849146652 56.669648681434396 60.22885736035431 49.91103902762434 43.23467408631096 58.20973296921245 54.08454677703945 52.096297203473604 46.44773708007094 26.908717450915404 47.183798167553086 49.396045737993866 53.80498520769768 68.91335618555662 57.57851443876696 53.29117631727701 59.865118460303776 49.95987048078803 70.81391978696544 49.47891337271555 54.3739123292634 10.209712533255974 44.6683392708801 27.08206330583248 28.036544945816225 48.50414216006905 18.892850568458954 63.45668478291327 64.12766845356397 49.98679930932146 55.337151307070336 45.4082795333257 48.02086827878112 41.55524421718141 56.986939483313435 57.57851443876696 67.08241747054466 45.92049964747515 23.832254439060225 52.096297203473604 46.20502848774205 25.900534831573268 44.18540190756939 50.34181213643959 33.2377128665605 37.78318655794919 54.3739123292634 53.856152349858114 32.38389958415629 68.39249312837968 68.15674810041713 54.9128219621111 38.07640672364403 68.01785216437445 38.98142846163206
67.08241747054466 51.41535518469398 68.91335618555662 48.04918547123616 37.27428758223661 52.44426602949471 72.53170486033946 46.44773708007094 0.0 47.183798167553086 59.25905520688832 43.32342506059696 47.0811470770702 58.20973296921245 51.971320638257836 32.22713998680202 57.213173952668704 23.115128158001486 80.64791227428682 65.36373224968467 37.50710949068057 43.03055801305418 44.044751269063475 48.02086827878112 36.94615228160521 56.601449968860535 32.22713998680202 53.70886156946851 49.02426579105375 56.601449968860535 45.51919806283181 55.66338614696945 36.87880117154984 51.971320638257836 87.10644510834994 68.15674810041713 52.59113387845752 49.559135681937306 42.41503442549294 92.46626476101179 40.58474007401013 58.09611926896918 63.45668478291327 53.80498520769768 62.24257946597847 41.55524421718141 52.944882192995074 49.396045737993866 32.7301103912106 49.613575650078836 49.210303358999866 32.02542696661167 35.82058738618329 81.89133604851395 77.54867348663089 21.81176280715591 68.49314680584783 56.601449968860535 56.669648681434396 34.789947215493655 35.82058738618329 37.91691930797441 83.77739375449565 54.184729846119566 56.61774053667282 39.922641036034896 49.91103902762434 63.050926959809686 53.70886156946851 37.91691930797441 69.94784179599766 46.142992746506394 49.396045737993866 31.896908572695754 31.400177733968516 31.400177733968516 61.96987854856192 80.62068610302647 32.7301103912106 59.71476307815831 50.34181213643959 21.81176280715591 49.887626298737956 59.15003213186227 27.638460009048163 52.44426602949471 36.94615228160521 37.91691930797441 42.41503442549294 57.82298377662759 55.66338614696945 62.24257946597847 68.91335618555662 27.638460009048163 56.61774053667282 59.081610263903485 34.79830738119934 77.54867348663089 68.03113318202605 62.24257946597847
81.89133604851395 52.07775578696771 26.86783665112293 37.78318655794919 49.86064489685133 49.95987048078803 37.4457063651038 40.41792274788625 47.183798167553086 0.0 43.03055801305418 47.564867181693366 81.89133604851395 39.922641036034896 54.07645160629626 50.43946102932997 58.534845151848046 67.04885477085783 62.73560666790861 92.46626476101179 38.98142846163206 68.03113318202605 52.44426602949471 56.023002253891924 45.15117943222113 44.32830771871185 46.4475205307868 32.59521392409964 51.971320638257836 43.06319052437226 65.91063944706342 68.49314680584783 48.978371972874925 70.41589848771206 76.18013524604302 55.337151307070336 79.65583807083392 56.891533129084635 72.05660125572952 54.9128219621111 41.55524421718141 45.390500905816864 43.32342506059696 59.25905520688832 55.337151307070336 44.28175725491884 59.15003213186227 38.09934089810139 47.88174041448848 77.54867348663089 80.41673699792906 50.96271918987185 70.41589848771206 56.61774053667282 32.85762598733411 29.558540323256935 62.24257946597847 50.34181213643959 88.62552224773597 18.892850568458954 39.922641036034896 68.03113318202605 57.57851443876696 81.89133604851395 53.32261417788152 67.04885477085783 29.18673933158098 60.231718242636546 70.81391978696544 31.400177733968516 54.71196329271552 31.494120634635973 37.562900540395916 21.18094280007952 92.46626476101179 39.90511945013222 47.183798167553086 66.29141383923726 37.4457063651038 77.63642410318596 43.03055801305418 33.18921931346728 23.832254439060225 52.944882192995074 77.63642410318596 43.06319052437226 50.21853277750793 63.77981127900366 22.13360879394237 72.53170486033946 68.01785216437445 27.638460009048163 33.18921931346728 53.93734417968057 97.25852340639783 46.142992746506394 60.22885736035431 43.32342506059696 56.61774053667282 62.398427118355514
39.922641036034896 57.07127272119579 54.9128219621111 40.860443731465296 49.478847714049415 59.081610263903485 42.41503442549294 32.59521392409964 59.25905520688832 43.03055801305418 0.0 83.77739375449565 18.892850568458954 70.41589848771206 72.05660125572952 45.51919806283181 32.02542696661167 80.62068610302647 81.4616158368064 31.400177733968516 56.76196870359857 48.739974751666075 76.18013524604302 45.971347698781074 40.58474007401013 10.209712533255974 18.05430234185719 52.07775578696771 34.789947215493655 46.4475205307868 68.01785216437445 51.586654694781096 34.88922201284443 32.02542696661167 56.669648681434396 29.558540323256935 48.978371972874925 79.65583807083392 54.3739123292634 77.54867348663089 60.97402357249069 36.87880117154984 58.89083345154204 25.900534831573268 68.01785216437445 80.62068610302647 69.60449137994408 53.45999799190329 34.88922201284443 48.978371972874925 62.2783147918293 46.57186622809759 42.77628727203175 50.34181213643959 56.601449968860535 40.58474007401013 42.77628727203175 25.012810624140744 49.86064489685133 37.78318655794919 44.28175725491884 28.04063259227407 49.86064489685133 72.90434230304018 38.98142846163206 54.13051828155761 37.27428758223661 72.05660125572952 22.13360879394237 43.78092883067368 32.59521392409964 16.872616347972453 29.064002207958332 68.03113318202605 56.4192149706728 72.06895125109679 36.87880117154984 49.80196374756762 60.34097685360298 56.4192149706728 73.11880843843393 68.01785216437445 35.97420865138797 46.4475205307868 29.18673933158098 32.38389958415629 36.55591951578195 34.88922201284443 48.08915467665234 42.77628727203175 60.231718242636546 56.61774053667282 68.03113318202605 57.07127272119579 29.558540323256935 72.2612760277927 56.601449968860535 70.81391978696544 79.65583807083392 69.28034859325875
74.63743810423179 61.96987854856192 74.63743810423179 62.398427118355514 43.06232390843527 42.41503442549294 36.396719247601965 26.908717450915404 43.32342506059696 47.564867181693366 83.77739375449565 0.0 57.213173952668704 58.20973296921245 41.61747967528807 51.74893914905511 45.47880317117384 83.77739375449565 40.01846682203476 72.2612760277927 61.38367378427922 71.03565997422196 48.02086827878112 60.20672639928111 45.15117943222113 37.562900540395916 67.04885477085783 79.65583807083392 62.24257946597847 70.81391978696544 45.47880317117384 68.03113318202605 32.85762598733411 32.38389958415629 87.10644510834994 69.94784179599766 66.74760389109966 46.4475205307868 60.231718242636546 62.2783147918293 39.922641036034896 74.8855353145322 81.4616158368064 44.32830771871185 40.41792274788625 61.73515207475441 34.8672113280297 65.36373224968467 40.860443731465296 71.4314727779902 48.48884139744705 75.19871451024383 49.051140901632145 26.908717450915404 39.90511945013222 58.89083345154204 34.88922201284443 34.79830738119934 37.4457063651038 37.27428758223661 33.261284689038604 47.75785157628349 33.2377128665605 29.558540323256935 39.922641036034896 34.25455456997949 72.06895125109679 59.25905520688832 40.41792274788625 48.04918547123616 46.142992746506394 54.01839711430184 49.95987048078803 32.387894267502034 10.209712533255974 36.55591951578195 36.55591951578195 43.85894674914165 78.26081068379455 59.865118460303776 57.18850711149738 35.96514849146652 47.183798167553086 53.93734417968057 46.44773708007094 37.78318655794919 72.76612572390286 13.616337970191893 29.064002207958332 47.70786135003472 56.76196870359857 58.534845151848046 81.89133604851395 49.91554035906483 39.90511945013222 54.07645160629626 56.986939483313435 32.85762598733411 46.4475205307868 48.978371972874925
58.89083345154204 68.01785216437445 40.41792274788625 57.77719514563711 63.04592771365629 52.383634234641406 41.55524421718141 67.08241747054466 47.0811470770702 81.89133604851395 18.892850568458954 57.213173952668704 0.0 53.26644804652796 37.27428758223661 32.22713998680202 68.15674810041713 76.2163848753105 47.61041082994465 21.18094280007952 47.564867181693366 56.532929663703065 45.41154536156322 39.90511945013222 57.07127272119579 44.6683392708801 58.89083345154204 36.55591951578195 61.38367378427922 28.04063259227407 59.865118460303776 55.337151307070336 51.95689856666496 44.32830771871185 49.396045737993866 56.61774053667282 33.2377128665605 26.86783665112293 43.32342506059696 37.4457063651038 66.29141383923726 39.98789949685832 50.34181213643959 51.854941933404234 80.41673699792906 28.04063259227407 58.534845151848046 49.95987048078803 32.387894267502034 53.80498520769768 61.96987854856192 63.050926959809686 53.93734417968057 51.854941933404234 47.0446283248256 62.2783147918293 68.01785216437445 29.064002207958332 53.45999799190329 32.85762598733411 75.19871451024383 50.04177973640154 97.25852340639783 29.558540323256935 60.75724893699327 75.19871451024383 39.61359814110927 62.24257946597847 53.80498520769768 77.54867348663089 35.82058738618329 60.231718242636546 49.396045737993866 76.18013524604302 42.41503442549294 66.29141383923726 56.61774053667282 80.64791227428682 45.4082795333257 51.95689856666496 56.532929663703065 53.97113816576203 39.797138410909085 58.60158937921281 18.05430234185719 42.41503442549294 40.30850510507035 31.494120634635973 46.616403495088186 45.971347698781074 51.95689856666496 38.09934089810139 49.887626298737956 49.47891337271555 37.562900540395916 39.014567473510496 3.6638575862680156 50.34181213643959 49.80196374756762 68.91335618555662
49.887626298737956 49.051140901632145 53.45999799190329 81.4616158368064 36.87880117154984 37.937457962398284 59.339808235378705 50.34181213643959 58.20973296921245 39.922641036034896 70.41589848771206 58.20973296921245 53.26644804652796 0.0 68.15674810041713 39.90511945013222 62.24257946597847 47.564867181693366 32.02542696661167 38.09934089810139 67.08241747054466 56.18876202805902 62.73560666790861 72.90434230304018 39.797138410909085 72.90434230304018 36.87880117154984 42.77628727203175 43.03055801305418 60.597279521717326 18.05430234185719 31.400177733968516 49.478847714049415 72.53170486033946 49.75018199621366 49.91554035906483 63.77981127900366 72.2612760277927 32.38389958415629 28.036544945816225 59.339808235378705 57.18850711149738 49.02426579105375 50.21853277750793 53.93734417968057 26.86783665112293 45.15117943222113 31.896908572695754 49.75018199621366 32.387894267502034 54.01839711430184 28.04063259227407 49.559135681937306 32.59521392409964 41.61747967528807 27.638460009048163 55.337151307070336 56.4192149706728 72.05660125572952 63.04592771365629 58.09611926896918 54.07645160629626 48.02086827878112 51.41535518469398 50.04177973640154 51.39648203918802 54.9128219621111 32.59521392409964 52.59113387845752 56.76196870359857 57.82298377662759 53.26644804652796 69.28034859325875 36.94615228160521 45.971347698781074 49.887626298737956 50.96592517060163 42.41503442549294 60.22885736035431 46.57186622809759 41.61747967528807 62.73560666790861 44.6683392708801 54.01839711430184 54.35915183585783 27.660622014290567 43.03055801305418 58.534845151848046 54.13051828155761 42.77628727203175 49.059697638435814 37.91691930797441 42.77628727203175 68.01785216437445 59.25905520688832 49.559135681937306 38.98142846163206 47.61041082994465 68.49314680584783 57.77719514563711
60.22885736035431 46.142992746506394 48.50414216006905 47.61041082994465 53.97113816576203 49.613575650078836 66.74760389109966 46.44773708007094 51.971320638257836 54.07645160629626 72.05660125572952 41.61747967528807 37.27428758223661 68.15674810041713 0.0 44.30400180912932 69.60449137994408 59.25905520688832 18.892850568458954 65.91063944706342 57.07127272119579 69.60449137994408 62.73560666790861 51.321412273542336 53.856152349858114 38.09934089810139 48.4911112291507 65.62457898091296 55.337151307070336 28.822820292799502 31.400177733968516 56.44617263568534 46.616403495088186 47.88174041448848 28.036544945816225 72.06895125109679 45.025039040271594 53.93734417968057 68.39249312837968 54.71196329271552 43.378954571022355 47.0811470770702 40.30850510507035 51.854941933404234 51.74893914905511 27.660622014290567 44.30400180912932 34.79830738119934 56.18876202805902 67.08241747054466 16.872616347972453 69.94784179599766 48.09413735635239 59.71476307815831 81.4616158368064 42.41503442549294 45.971347698781074 32.59521392409964 56.4192149706728 48.50414216006905 54.01839711430184 59.865118460303776 50.43946102932997 33.261284689038604 56.023002253891924 56.4192149706728 49.051140901632145 47.25261540360624 60.597279521717326 43.06232390843527 74.8855353145322 59.32651740379034 47.0446283248256 37.91691930797441 55.337151307070336 50.737563225207936 59.71476307815831 37.562900540395916 38.687474675670565 57.18850711149738 69.60449137994408 65.62457898091296 53.80498520769768 75.19871451024383 51.95689856666496 27.660622014290567 68.15674810041713 81.89133604851395 34.79830738119934 87.10644510834994 51.321412273542336 18.05430234185719 34.8672113280297 48.02086827878112 68.91335618555662 44.28175725491884 72.06895125109679 36.94615228160521 37.562900540395916 49.91554035906483
49.80196374756762 47.0811470770702 31.494120634635973 81.4616158368064 59.081610263903485 38.07640672364403 57.82298377662759 36.55591951578195 32.22713998680202 50.43946102932997 45.51919806283181 51.74893914905511 32.22713998680202 39.90511945013222 44.30400180912932 0.0 83.77739375449565 51.3268573288153 68.15674810041713 48.08915467665234 27.638460009048163 74.8855353145322 28.036544945816225 46.57186622809759 62.73560666790861 68.70374669935742 34.88922201284443 47.183798167553086 40.30850510507035 32.85762598733411 43.78092883067368 27.08206330583248 97.25852340639783 53.80498520769768 43.23467408631096 68.39249312837968 45.025039040271594 53.93734417968057 39.797138410909085 37.27428758223661 68.03113318202605 48.09413735635239 21.81176280715591 39.90511945013222 67.04885477085783 51.74893914905511 59.081610263903485 29.064002207958332 49.559135681937306 60.75018182767783 54.184729846119566 66.29141383923726 21.81176280715591 49.86064489685133 48.48884139744705 60.75018182767783 60.75018182767783 58.89083345154204 57.213173952668704 37.562900540395916 81.89133604851395 46.44773708007094 51.74893914905511 32.387894267502034 36.94615228160521 60.597279521717326 76.14302689672809 56.532929663703065 42.77628727203175 63.03993322987195 23.115128158001486 47.25261540360624 49.91554035906483 51.586654694781096 26.908717450915404 53.70886156946851 57.77719514563711 48.04918547123616 56.18876202805902 63.03993322987195 43.03055801305418 57.07127272119579 44.99953134187181 72.76612572390286 43.378954571022355 21.18094280007952 21.18094280007952 62.2783147918293 45.51919806283181 48.04918547123616 45.390500905816864 48.04918547123616 35.97420865138797 56.44617263568534 53.45999799190329 57.65681590749217 62.24257946597847 45.51919806283181 48.978371972874925 51.39648203918802
25.900534831573268 46.20502848774205 60.597279521717326 50.96592517060163 56.601449968860535 60.75724893699327 71.4314727779902 34.88922201284443 57.213173952668704 58.534845151848046 32.02542696661167 45.47880317117384 68.15674810041713 62.24257946597847 69.60449137994408 83.77739375449565 0.0 31.400177733968516 53.32261417788152 53.93734417968057 87.10644510834994 65.36373224968467 74.8855353145322 58.89083345154204 68.03113318202605 69.28034859325875 72.53170486033946 68.49314680584783 32.7301103912106 56.50992290456584 72.05660125572952 40.41792274788625 40.41792274788625 37.686078066132595 28.04063259227407 50.21853277750793 48.978371972874925 34.8672113280297 49.396045737993866 47.0811470770702 57.82298377662759 49.559135681937306 76.18013524604302 26.908717450915404 49.613575650078836 59.865118460303776 39.797138410909085 49.887626298737956 60.597279521717326 54.35915183585783 36.94615228160521 43.06319052437226 54.67669272144159 56.61774053667282 48.04918547123616 57.65681590749217 74.8855353145322 43.78092883067368 43.03055801305418 53.32261417788152 59.71476307815831 58.20973296921245 53.45999799190329 57.82298377662759 46.4475205307868 31.494120634635973 34.79830738119934 36.55591951578195 44.28175725491884 40.860443731465296 19.94554967924476 3.6638575862680156 45.41154536156322 49.98679930932146 88.62552224773597 38.07640672364403 13.616337970191893 18.05430234185719 16.872616347972453 68.03113318202605 32.7301103912106 18.892850568458954 79.65583807083392 32.59521392409964 60.22885736035431 40.860443731465296 49.86064489685133 42.77628727203175 58.534845151848046 18.05430234185719 65.91063944706342 69.28034859325875 43.06319052437226 42.77628727203175 54.35915183585783 59.15003213186227 44.32830771871185 57.18850711149738 45.51919806283181 32.59521392409964
69.28034859325875 72.70314820152326 45.47880317117384 72.53170486033946 72.06895125109679 26.86783665112293 46.57186622809759 49.210303358999866 23.115128158001486 67.04885477085783 80.62068610302647 83.77739375449565 76.2163848753105 47.564867181693366 59.25905520688832 51.3268573288153 31.400177733968516 0.0 37.91691930797441 63.03993322987195 49.478847714049415 40.58474007401013 72.53170486033946 53.97113816576203 56.44617263568534 43.03055801305418 39.922641036034896 63.03993322987195 51.3268573288153 65.62457898091296 74.63743810423179 32.22713998680202 74.8855353145322 22.13360879394237 61.96987854856192 68.15674810041713 59.31258078926824 56.44617263568534 59.25905520688832 29.18673933158098 48.02086827878112 31.896908572695754 56.50992290456584 66.29141383923726 44.99953134187181 46.44773708007094 83.77739375449565 49.98679930932146 34.25455456997949 48.4911112291507 43.85894674914165 76.2163848753105 22.13360879394237 26.86783665112293 48.04918547123616 71.4314727779902 76.14302689672809 40.58474007401013 45.85590769523907 66.74760389109966 49.98679930932146 48.08915467665234 26.908717450915404 51.39648203918802 51.41535518469398 55.337151307070336 48.50414216006905 46.142992746506394 45.025039040271594 37.27428758223661 58.20973296921245 38.98142846163206 51.60644387489693 52.07775578696771 48.09413735635239 59.15003213186227 60.22885736035431 48.4911112291507 76.18013524604302 66.74760389109966 54.08454677703945 61.73515207475441 51.41535518469398 56.50992290456584 34.25455456997949 44.99953134187181 63.03993322987195 49.91554035906483 42.77628727203175 72.2612760277927 77.63642410318596 48.04918547123616 51.3268573288153 56.4192149706728 41.61747967528807 54.9128219621111 50.96592517060163 50.737563225207936 45.025039040271594 72.70314820152326
72.70314820152326 88.62552224773597 18.892850568458954 36.55591951578195 56.44617263568534 32.22713998680202 77.54867348663089 54.08454677703945 80.64791227428682 62.73560666790861 81.4616158368064 40.01846682203476 47.61041082994465 32.02542696661167 18.892850568458954 68.15674810041713 53.32261417788152 37.91691930797441 0.0 60.597279521717326 54.67669272144159 43.378954571022355 81.4616158368064 36.396719247601965 54.13051828155761 53.26644804652796 50.21853277750793 83.77739375449565 37.4457063651038 18.05430234185719 53.97113816576203 44.99953134187181 51.60644387489693 49.02426579105375 44.6683392708801 39.797138410909085 51.854941933404234 49.98679930932146 50.21853277750793 40.860443731465296 56.61774053667282 43.85894674914165 47.57390692575857 61.96987854856192 56.986939483313435 70.41589848771206 58.89083345154204 77.54867348663089 59.339808235378705 55.66338614696945 59.865118460303776 80.62068610302647 43.06232390843527 92.46626476101179 3.6638575862680156 57.18850711149738 43.378954571022355 45.51919806283181 45.92049964747515 47.57390692575857 50.43946102932997 46.142992746506394 62.398427118355514 57.57851443876696 44.18540190756939 59.31258078926824 45.4082795333257 68.39249312837968 19.94554967924476 48.04918547123616 32.22713998680202 51.39648203918802 62.49013546510805 31.494120634635973 32.387894267502034 60.6646175641847 36.396719247601965 52.07775578696771 60.6646175641847 45.51919806283181 50.04177973640154 73.11880843843393 68.70374669935742 72.70314820152326 19.94554967924476 48.02086827878112 37.686078066132595 40.30850510507035 37.78318655794919 44.6683392708801 56.669648681434396 59.31258078926824 63.45668478291327 27.660622014290567 63.45668478291327 58.60158937921281 21.18094280007952 49.75018199621366 31.400177733968516 32.59521392409964
87.10644510834994 53.29117631727701 44.044751269063475 56.44617263568534 37.562900540395916 68.39249312837968 49.478847714049415 52.44426602949471 65.36373224968467 92.46626476101179 31.400177733968516 72.2612760277927 21.18094280007952 38.09934089810139 65.91063944706342 48.08915467665234 53.93734417968057 63.03993322987195 60.597279521717326 0.0 68.01785216437445 40.41792274788625 76.18013524604302 49.80196374756762 33.18997738198673 59.865118460303776 56.44617263568534 50.43946102932997 83.77739375449565 27.638460009048163 50.96592517060163 28.04063259227407 62.2783147918293 46.4475205307868 33.18997738198673 32.22713998680202 51.60644387489693 33.89557758898562 65.36373224968467 44.28175725491884 47.25261540360624 72.2612760277927 47.183798167553086 31.896908572695754 53.090612827394565 37.686078066132595 92.46626476101179 32.02542696661167 45.15117943222113 69.60449137994408 48.50414216006905 50.21853277750793 48.48884139744705 31.494120634635973 77.63642410318596 57.77719514563711 48.739974751666075 21.81176280715591 50.21853277750793 48.08915467665234 68.39249312837968 50.34181213643959 27.638460009048163 68.49314680584783 51.39648203918802 40.06586860413281 33.18921931346728 52.383634234641406 43.78092883067368 68.01785216437445 59.15003213186227 29.18673933158098 53.26644804652796 74.8855353145322 53.45999799190329 31.896908572695754 58.534845151848046 32.7301103912106 34.789947215493655 72.06895125109679 72.06895125109679 43.06319052437226 56.023002253891924 19.94554967924476 49.95987048078803 21.18094280007952 54.71196329271552 45.47880317117384 29.18673933158098 43.142394393782965 62.398427118355514 59.25905520688832 54.184729846119566 37.50710949068057 67.08241747054466 54.01839711430184 49.210303358999866 49.210303358999866 34.789947215493655 54.01839711430184
61.73515207475441 88.62552224773597 66.29141383923726 29.064002207958332 47.564867181693366 49.86064489685133 38.07640672364403 53.80498520769768 37.50710949068057 38.98142846163206 56.76196870359857 61.38367378427922 47.564867181693366 67.08241747054466 57.07127272119579 27.638460009048163 87.10644510834994 49.478847714049415 54.67669272144159 68.01785216437445 0.0 51.95689856666496 52.59113387845752 38.687474675670565 58.89083345154204 23.115128158001486 54.71196329271552 74.8855353145322 80.64791227428682 36.55591951578195 50.96271918987185 46.57186622809759 53.26644804652796 43.142394393782965 80.62068610302647 47.183798167553086 27.08206330583248 77.54867348663089 37.78318655794919 53.80498520769768 36.55591951578195 37.91691930797441 49.396045737993866 57.18850711149738 39.797138410909085 64.12766845356397 36.396719247601965 54.07645160629626 33.18997738198673 43.32342506059696 59.865118460303776 29.558540323256935 62.24257946597847 66.29141383923726 56.76196870359857 74.8855353145322 49.051140901632145 41.55524421718141 50.34181213643959 26.86783665112293 35.82058738618329 35.97420865138797 52.383634234641406 60.97402357249069 22.13360879394237 72.90434230304018 50.96592517060163 48.739974751666075 36.87880117154984 52.383634234641406 28.04063259227407 48.50414216006905 43.378954571022355 50.04177973640154 73.11880843843393 51.854941933404234 60.231718242636546 37.50710949068057 49.887626298737956 72.70314820152326 69.94784179599766 45.41154536156322 47.57390692575857 51.39648203918802 54.71196329271552 48.04918547123616 50.96271918987185 39.797138410909085 32.85762598733411 62.2783147918293 38.07640672364403 53.26644804652796 64.12766845356397 29.064002207958332 29.558540323256935 39.98789949685832 46.4475205307868 61.73515207475441 52.944882192995074 46.4475205307868
97.25852340639783 39.922641036034896 49.210303358999866 56.50992290456584 51.3268573288153 35.96514849146652 52.096297203473604 58.534845151848046 43.03055801305418 68.03113318202605 48.739974751666075 71.03565997422196 56.532929663703065 56.18876202805902 69.60449137994408 74.8855353145322 65.36373224968467 40.58474007401013 43.378954571022355 40.41792274788625 51.95689856666496 0.0 43.03055801305418 33.18921931346728 54.01839711430184 51.586654694781096 37.937457962398284 47.0446283248256 47.75036455528982 55.337151307070336 29.064002207958332 53.97113816576203 51.60644387489693 37.937457962398284 26.86783665112293 48.09413735635239 53.70886156946851 48.978371972874925 65.91063944706342 80.64791227428682 55.337151307070336 53.97113816576203 49.02426579105375 65.91063944706342 43.85894674914165 27.660622014290567 43.142394393782965 37.937457962398284 40.41792274788625 41.61747967528807 76.14302689672809 48.739974751666075 45.025039040271594 43.142394393782965 53.32261417788152 54.3739123292634 65.62457898091296 52.383634234641406 49.051140901632145 46.142992746506394 38.98142846163206 70.81391978696544 54.9128219621111 42.41503442549294 51.321412273542336 70.41589848771206 42.77628727203175 44.32830771871185 34.789947215493655 54.184729846119566 60.597279521717326 47.75785157628349 60.6646175641847 74.8855353145322 46.20502848774205 21.81176280715591 52.59113387845752 58.09611926896918 66.74760389109966 53.97113816576203 46.44773708007094 48.02086827878112 71.03565997422196 45.025039040271594 47.75785157628349 22.13360879394237 60.75018182767783 51.41535518469398 39.014567473510496 58.534845151848046 56.4192149706728 32.387894267502034 35.82058738618329 68.15674810041713 27.08206330583248 51.854941933404234 38.07640672364403 60.6646175641847 34.8672113280297 47.88174041448848
