100
0.0 46.063224867645054 59.33119980707113 55.52967127633299 47.29886652247283 53.64257367255986 44.39901451254187 52.013193982768954 49.436434456876796 54.22734324444271 57.49491986401173 51.546798654705086 56.0588275416608 57.393544487120444 48.2406659247151 58.23731106663862 44.617394876034695 55.23955355968452 37.0793130672581 55.92134727018212 48.74217151801181 48.23137571974596 36.45539772304061 39.880718713731135 45.426090287127096 48.80265323352989 47.29886652247283 44.98531553149684 48.886974010683886 47.07901282562925 52.793234636278726 54.08780110640998 48.48487503162594 57.02519772644918 52.57996434579301 48.48487503162594 38.389543409655154 48.80265323352989 50.83632282612133 49.04355973406062 53.70671297444645 53.456445308349224 49.5306588029147 50.84471757129003 43.09707560168224 57.56073373357951 53.75697081062198 53.81994497383136 49.08845681087282 51.154364778927835 47.68534451473663 51.07662044901532 50.39307533873785 60.76996702313089 55.05893063608882 48.16890096184525 61.89135280880912 50.361185309662915 48.886974010683886 47.498800145213835 44.55207969837775 48.996669764757044 55.98656189965443 52.90566423066225 46.855141266692726 51.38843831390195 53.634962764783346 46.32404038132354 54.75660029410658 50.1440921400005 46.08448056809206 47.313308367532436 45.58714920803052 46.12083849966681 58.79917550427731 53.81206265130464 45.86640051732625 48.899856592602056 47.34632741781776 47.473697413667665 47.08813358222989 59.884733533966475 52.3944790603388 41.93615167269668 53.75697081062198 46.275283712949545 53.893983867859326 41.87934139960304 50.726953869927094 43.09707560168224 50.198135031856275 53.117421927909824 44.767867079883175 48.97543602366133 53.13782762388892 44.08378718295378 46.77393853973937 51.69769246688337 46.22310304018264 54.90988354699408
46.063224867645054 0.0 51.0758699319172 60.63025451429098 47.73745810988656 52.71429736418407 46.8385801931731 52.18431147512717 47.94327663460931 47.64123450701556 52.39314419570094 53.98901369997794 44.1504592510079 52.74896827229771 53.95177856547119 53.74300233119997 51.28391699091004 46.10910367523569 50.79301057763405 51.832599273135386 51.2323410199168 53.692168921194444 48.119750806881385 36.689752369203674 44.664709275080504 49.81676862843254 42.635320056052095 46.83739675805034 59.33119980707113 59.31737272163272 51.88823920006783 51.11848235334348 45.091982030628536 51.20700204916984 53.18378169414988 65.6406310699575 51.16339808315036 43.63094054639377 44.358328611412695 49.20745336994123 48.032704440831296 53.16097264657788 57.90211133026296 50.714035095196884 45.13039604206321 58.25083529507532 55.09828029474533 52.21773053134898 54.50471719265404 52.26659378314851 52.95723776408719 44.98531553149684 49.065995474462625 50.00079870301439 43.6507378844478 50.32502343107239 42.8840528003676 43.93518826546659 50.539945124721264 53.81994497383136 42.86825379575844 56.74496890418793 49.06012250058116 47.81734295660613 49.20745336994123 46.16800326453011 53.361007557171874 53.98017549897792 50.06363191095495 47.22438889578714 49.35762920291232 53.456445308349224 50.714035095196884 40.53690774484817 38.173134198420236 47.24216662217016 51.45436477205816 53.25705646196538 44.075835336869226 45.85897463004601 42.42462247326932 58.167987950562384 56.01568301698825 47.569868563486196 45.58714920803052 52.305713472496315 41.87934139960304 49.51418865570188 55.07736805128731 39.77722342440604 52.71429736418407 48.32553254430507 55.98656189965443 50.24702949615889 43.473240336880494 51.26293391028753 58.89501007446247 57.04498234585412 48.05599004672917 50.39307533873785
59.33119980707113 51.0758699319172 0.0 55.52967127633299 40.09328043900118 51.02686142720093 45.24624384645781 55.05893063608882 42.42462247326932 51.11848235334348 51.5665826322966 56.77852073203445 39.33160545473717 47.7467327789742 40.312300603698006 54.80826505773982 46.26229672912451 49.436434456876796 43.6507378844478 52.21773053134898 45.426090287127096 47.07520228818258 52.013193982768954 47.37178546470222 53.16097264657788 41.71297113513079 53.75697081062198 48.89069133670759 53.92778139414591 48.65604791582247 46.17196341347926 57.02519772644918 48.16890096184525 48.81788487022703 51.20700204916984 54.63767768555044 48.70630373098462 53.893983867859326 42.91548768457334 46.129978081678864 46.063224867645054 52.57210044776625 45.1889311704513 49.04355973406062 43.013886847892934 49.20095690326759 48.996669764757044 44.80027201497466 45.371727264160064 40.9508553306721 47.79228623806407 49.062375933727076 48.833303784485835 42.91548768457334 46.9550074256837 46.37399163442586 58.08034245790591 54.32290322468444 62.74236839232205 53.361007557171874 56.48445717186121 51.02686142720093 48.032704440831296 50.13365792622479 56.378842486317154 37.862876694353886 47.68244057192037 55.05893063608882 51.832599273135386 44.597732098976465 48.39685342402127 46.97816893092962 45.25301349983372 50.02814711592417 52.74896827229771 55.26046167219218 51.75479223367079 50.208097728154506 49.85582712690421 55.92134727018212 50.801859208316685 51.593235759800486 43.013886847892934 47.77653620249439 47.313308367532436 55.28063152257436 49.025987203864034 42.635320056052095 50.79301057763405 51.780411144974664 43.73785685816075 49.60757488713379 46.8385801931731 37.0793130672581 57.393544487120444 50.62432872502636 51.70618514787875 46.56431201393225 56.9845563606876 38.389543409655154
55.52967127633299 60.63025451429098 55.52967127633299 0.0 43.955130113800955 53.64257367255986 58.79917550427731 48.12716884534912 46.663065619682854 41.6804525321367 50.1440921400005 50.530835473517065 52.74896827229771 52.92387352065081 60.88664746597796 44.46946770662117 53.20035302065754 41.93615167269668 49.2586924806917 57.201703146340826 49.10862628001387 53.893983867859326 53.75697081062198 48.39275320070708 47.83133750454545 49.54882792361494 52.35878535846503 59.54275833073891 36.802317394912926 44.767867079883175 41.33640797001867 52.876869605928576 40.12367183955702 56.74496890418793 51.16339808315036 45.69699806285388 49.964230462439524 55.14038399974432 57.5509360859211 43.89148660308582 57.56073373357951 46.83739675805034 47.50970841936037 51.80697474911748 52.17895241152105 53.11030849895077 58.25083529507532 53.82210459484812 59.52206828374737 54.50471719265404 47.910088582192884 44.39901451254187 52.593276086137166 39.93977024155251 50.51773783785921 52.35878535846503 54.94231283695034 49.530107529084226 48.56587311836053 48.151030284279294 47.78520327229191 42.9119371871168 40.55498636587412 48.39275320070708 45.85897463004601 57.66811654015572 50.42762304079792 52.431421254124295 58.08034245790591 52.923354650043095 49.46041288561637 48.32775623054718 42.06629291358049 46.17216525209258 55.52967127633299 51.593235759800486 53.634962764783346 47.37178546470222 62.74236839232205 62.74236839232205 52.17895241152105 43.09707560168224 49.89653369390187 53.456445308349224 44.35924454917165 44.08378718295378 47.14462637926382 53.199466629333806 40.60559546133982 56.59178567017961 48.74217151801181 48.833303784485835 42.10758962354541 36.802317394912926 46.08448056809206 57.8560206696367 59.169440046860416 46.66481892281487 44.1504592510079 43.473240336880494
47.29886652247283 47.73745810988656 40.09328043900118 43.955130113800955 0.0 51.02686142720093 54.63767768555044 56.0588275416608 49.851102881271636 50.235682051142064 53.236562634065514 45.426090287127096 39.13361059105638 49.03820011547579 53.7909838875677 51.563220413309736 48.56587311836053 37.862876694353886 48.2406659247151 43.931684798027526 51.38843831390195 57.142278715026 48.582132576739404 54.2448781975978 42.635320056052095 46.44605880683539 50.88586894509659 48.2180674452378 46.11686936435674 52.2441881530338 53.25705646196538 53.117421927909824 42.02859806577826 61.579991263113 51.8191399749563 54.27554370475916 46.8385801931731 57.258235985408945 47.40361971771495 54.2448781975978 58.23731106663862 36.689752369203674 48.65975318162407 52.013193982768954 50.801859208316685 50.834318578986824 47.743495428607396 56.79220430562823 50.88586894509659 50.79301057763405 49.54882792361494 54.25727847765857 51.4444275357322 51.75274276980667 50.02814711592417 49.06012250058116 54.02918564713152 53.45740372402592 46.66481892281487 42.86825379575844 37.862876694353886 59.31737272163272 58.783331090439106 51.5665826322966 46.274445352600516 47.24216662217016 46.56431201393225 54.94231283695034 46.063224867645054 51.0758699319172 55.26046167219218 43.89148660308582 48.47219673238502 49.652205961384624 43.013886847892934 50.084084534620004 48.16826880912279 51.47570184340456 51.154364778927835 48.048365447382366 42.8840528003676 57.34201404226014 36.802317394912926 51.45334194506924 40.53690774484817 51.546798654705086 43.007217842422676 44.839006830333105 50.714035095196884 55.774896775876506 52.39504821006126 44.46946770662117 46.548305161850145 53.13782762388892 55.85121295267203 45.17561085051021 48.032095992539304 41.87147965819591 49.10862628001387 53.815371450395446
53.64257367255986 52.71429736418407 51.02686142720093 53.64257367255986 51.02686142720093 0.0 44.39901451254187 48.39685342402127 53.692168921194444 49.70129640732979 50.324094606214345 49.107839220416245 50.75008228992704 49.851102881271636 47.240069377630874 51.022466598178546 48.8854822270583 44.1504592510079 44.28141398107665 53.75697081062198 46.85237564237004 53.11030849895077 55.02589906587373 46.039898290798355 53.81994497383136 48.86983028826382 52.317401966546036 51.75397073723949 46.26229672912451 49.48693965474694 48.86983028826382 45.97931709782674 53.893983867859326 46.62486620040544 44.763471495924506 49.49013181716624 50.52225580865289 53.58707354918756 50.17034011502115 53.75697081062198 53.199466629333806 48.45426961209656 41.84859008722357 41.71297113513079 52.18530725576088 57.56073373357951 47.107295589418094 45.6346955791342 42.46969880146132 58.08034245790591 62.44024812325643 49.30988852546416 46.92603874144983 64.62572688892293 48.284567391895166 48.30897052496783 50.080177182944425 49.46041288561637 51.16339808315036 54.80826505773982 52.82858353653811 55.670880093606435 53.16097264657788 48.82340290314054 43.013886847892934 52.21773053134898 51.832599273135386 55.37579702681303 58.71540528509969 50.15184659402507 51.935478789926094 56.723477882237866 57.76892642179761 57.201703146340826 50.00079870301439 46.01304886640572 49.99703949959659 51.563220413309736 55.046527703964756 55.29556495932758 48.833303784485835 51.398921446788954 44.083230619543684 49.620575854434506 50.59731115584259 49.48693965474694 51.16339808315036 58.76499902085004 41.93615167269668 53.4437113400522 49.209545842431496 49.20095690326759 38.73373489276415 50.99454586046513 57.56754140792921 49.60757488713379 52.3944790603388 40.60559546133982 58.01480430353979 40.21793142463495
44.39901451254187 46.8385801931731 45.24624384645781 58.79917550427731 54.63767768555044 44.39901451254187 0.0 57.8560206696367 52.593276086137166 40.580386714201964 40.21793142463495 49.214831827939044 54.62719257445328 48.12974953263355 48.164388363121304 48.25495101530312 51.69549766611853 59.35209779166726 41.15108166655644 46.063224867645054 53.610831769036025 62.64448021097999 49.620575854434506 48.16826880912279 40.30558731111704 46.314634334775675 42.91548768457334 55.10094613803098 49.1297517432977 50.32140204107641 53.81994497383136 53.610831769036025 39.13361059105638 48.16826880912279 52.39314419570094 43.091747771085124 62.001013869011004 44.89369520330858 45.298825444364375 56.359360600180246 53.74300233119997 41.64941696668507 46.42189238682304 35.53517159186231 46.946124641987495 51.05372483948479 51.9074835258319 48.2180674452378 52.638611683824735 55.81261632898067 36.689752369203674 47.81734295660613 44.075835336869226 53.95704750513358 43.63094054639377 38.389543409655154 53.98017549897792 45.07621939679159 51.68486145145001 51.49972822837477 53.855012443769034 38.73373489276415 39.586978374679326 47.94327663460931 47.37178546470222 57.56073373357951 48.97543602366133 55.29556495932758 63.02291060618127 52.24274461541487 50.834318578986824 60.694365369501796 54.392011107327924 47.24216662217016 43.32632451996494 47.107295589418094 50.61249805821163 57.594790074867916 51.022466598178546 48.72209126276607 57.56754140792921 42.06629291358049 46.54212750330808 55.99798763300768 52.36813156124785 59.31136014853685 53.456445308349224 55.10094613803098 47.107295589418094 44.92869172846418 45.25301349983372 55.02589906587373 54.72358418597247 45.21407470783362 53.236562634065514 58.447862658838964 48.45426961209656 48.02887785655011 48.61527466181893 56.9845563606876
52.013193982768954 52.18431147512717 55.05893063608882 48.12716884534912 56.0588275416608 48.39685342402127 57.8560206696367 0.0 56.09420961612514 48.98998054288772 47.83133750454545 48.886974010683886 46.147901081315354 55.85121295267203 59.496728080824354 50.42762304079792 48.05599004672917 58.16102042198587 50.61249805821163 52.17394652155269 59.496728080824354 53.70671297444645 46.62486620040544 59.35209779166726 44.033512948448276 52.95723776408719 50.52225580865289 45.426090287127096 50.61249805821163 52.57333427273925 53.245219798983285 54.75660029410658 47.83133750454545 53.47333205567388 52.793234636278726 40.46634011461972 47.29886652247283 50.42762304079792 43.473240336880494 50.83632282612133 52.2509243903456 47.76815608745248 50.726953869927094 52.741416167484495 57.02519772644918 59.35209779166726 47.81734295660613 52.741416167484495 52.82858353653811 45.151960210287406 51.80697474911748 53.199466629333806 44.86707377707652 52.29897507016217 59.57833201838527 54.073342368313014 39.93977024155251 55.21496843328425 44.479582208259956 58.41565629128568 63.54952109441392 56.585487706198606 49.03820011547579 40.46634011461972 53.53564176757983 49.16052607127845 48.16276293065742 53.65889138014574 50.15184659402507 46.274445352600516 39.33160545473717 46.77393853973937 50.539945124721264 55.670880093606435 44.39901451254187 59.31737272163272 54.72358418597247 48.89069133670759 59.52206828374737 53.81206265130464 59.278361078999396 58.01480430353979 42.635320056052095 49.5306588029147 52.17895241152105 46.611213661394174 48.12716884534912 48.16826880912279 53.11030849895077 48.86983028826382 41.152324616794374 48.72209126276607 54.08788591801676 54.35594709546419 52.59628558437067 44.86707377707652 55.02589906587373 53.47333205567388 50.84471757129003 50.198135031856275
49.436434456876796 47.94327663460931 42.42462247326932 46.663065619682854 49.851102881271636 53.692168921194444 52.593276086137166 56.09420961612514 0.0 53.13782762388892 58.229106425567736 58.08034245790591 48.02887785655011 56.359360600180246 44.617394876034695 40.637571805878785 52.431421254124295 52.95534382999844 65.6406310699575 49.406995145108596 59.884733533966475 50.75008228992704 53.117421927909824 53.18378169414988 52.2441881530338 57.80466843515744 50.02353598975875 48.82340290314054 56.723477882237866 53.25705646196538 44.28141398107665 56.79220430562823 44.839006830333105 58.54100282318192 49.85582712690421 45.6346955791342 46.17980485404619 50.539945124721264 55.85121295267203 41.346788063141474 51.05372483948479 51.99857413832973 53.70671297444645 43.93518826546659 43.007217842422676 54.94231283695034 41.69217182303132 54.26848806130448 45.1889311704513 46.83461743346676 43.73785685816075 48.47219673238502 51.02686142720093 44.083230619543684 56.359360600180246 46.943490799962 55.28063152257436 41.87147965819591 50.83632282612133 54.2682230963625 36.93257172543683 49.30988852546416 51.502424597873805 58.229106425567736 58.447862658838964 53.20035302065754 34.81790372394899 54.72358418597247 45.17061197259014 53.18880865070966 47.473697413667665 48.86208588283093 61.89135280880912 44.35924454917165 47.107295589418094 60.50903730851957 55.02346426566199 56.46372317547194 49.436434456876796 52.21773053134898 50.235682051142064 51.07662044901532 46.32404038132354 39.586978374679326 51.57791935178103 45.17061197259014 46.42579798984514 56.09420961612514 55.36579579773126 53.653881687209086 56.73250597519137 49.08845681087282 52.24274461541487 47.78520327229191 44.46047849496874 56.381706933007884 46.946124641987495 41.33640797001867 56.05284550931176 53.18880865070966
54.22734324444271 47.64123450701556 51.11848235334348 41.6804525321367 50.235682051142064 49.70129640732979 40.580386714201964 48.98998054288772 53.13782762388892 0.0 48.10651196163553 46.56431201393225 48.55439207700911 51.75397073723949 51.832599273135386 60.983023778108816 46.22310304018264 46.42189238682304 48.96925311090899 54.28966664969195 54.08534694122745 54.75572065654752 46.853100746227554 55.98656189965443 46.97816893092962 49.436434456876796 48.66176536925058 52.71429736418407 46.063224867645054 54.32290322468444 57.80466843515744 51.45334194506924 47.910088582192884 49.58809756369711 47.29500857597243 48.0998213565474 59.505348777955234 60.68172437724402 54.27554370475916 45.14886712082274 49.89653369390187 58.89501007446247 47.22368550256923 49.16052607127845 51.05597685408445 61.579991263113 55.1414198208159 46.84787138315055 47.29886652247283 54.33093004925175 41.33640797001867 46.853100746227554 49.20095690326759 46.08978624880434 42.028361017380426 54.75660029410658 50.17844680263405 55.85121295267203 46.946124641987495 55.16653488345411 54.90988354699408 50.06363191095495 49.46041288561637 56.184399629306554 45.36516016483023 49.30159672263969 50.17844680263405 52.431421254124295 38.69904829424152 47.36892209053325 50.99454586046513 47.00804205067656 51.07574138614213 49.8484046182566 51.49972822837477 51.0758699319172 52.317401966546036 49.436434456876796 57.201703146340826 47.36892209053325 58.783331090439106 42.02859806577826 56.01568301698825 59.505348777955234 51.45334194506924 48.32553254430507 52.29897507016217 42.42462247326932 54.43024586081162 53.855012443769034 55.14038399974432 46.32404038132354 64.62572688892293 44.808619972343955 49.209545842431496 44.642418588546334 48.16826880912279 52.24274461541487 50.6952328513963 38.389543409655154
57.49491986401173 52.39314419570094 51.5665826322966 50.1440921400005 53.236562634065514 50.324094606214345 40.21793142463495 47.83133750454545 58.229106425567736 48.10651196163553 0.0 43.952086392844485 53.4437113400522 46.98645447159088 57.594790074867916 46.147901081315354 55.41800112910717 46.98645447159088 49.51418865570188 47.73195532226544 54.50471719265404 35.53517159186231 51.05372483948479 47.151611961373014 50.59731115584259 49.16052607127845 46.274445352600516 49.94390049235713 55.119589786603115 60.63025451429098 46.78741155816758 54.22734324444271 48.97543602366133 57.04718677936559 57.142278715026 47.73745810988656 51.45436477205816 41.346788063141474 51.20562096205614 48.13794874254711 45.17212147431633 47.240562461723584 40.9508553306721 50.198135031856275 50.30518694777516 55.52967127633299 41.84859008722357 40.53690774484817 49.5306588029147 40.312300603698006 48.81788487022703 43.32632451996494 49.20745336994123 50.17034011502115 45.1889311704513 47.151611961373014 50.6952328513963 39.586978374679326 47.240562461723584 47.133670269101465 52.57996434579301 52.57420961051017 56.413462441918284 55.85063713525356 54.08534694122745 50.079931862664196 64.62572688892293 48.10651196163553 53.16097264657788 57.393544487120444 53.45740372402592 52.24319862997114 58.25083529507532 48.16826880912279 46.66481892281487 45.21407470783362 39.13361059105638 46.85237564237004 63.70449324263066 49.988435244569345 48.98998054288772 47.26580365786866 47.07901282562925 53.818347058645564 41.346788063141474 50.88586894509659 43.350168734008236 47.81734295660613 45.36516016483023 53.236562634065514 50.714035095196884 52.39504821006126 46.17216525209258 41.87147965819591 63.70449324263066 45.4592261258029 46.16800326453011 58.167987950562384 48.8854822270583 48.505357671210135
51.546798654705086 53.98901369997794 56.77852073203445 50.530835473517065 45.426090287127096 49.107839220416245 49.214831827939044 48.886974010683886 58.08034245790591 46.56431201393225 43.952086392844485 0.0 50.13365792622479 55.15902708434895 49.530107529084226 49.10862628001387 53.634962764783346 46.548305161850145 52.39504821006126 45.14886712082274 43.73785685816075 49.06012250058116 57.136886657647 44.98531553149684 54.71618354552818 47.60242068990543 55.21496843328425 59.57833201838527 50.17844680263405 49.70129640732979 46.10100789102386 48.8854822270583 50.06363191095495 51.07797778408583 49.04355973406062 52.431421254124295 37.00760297370422 49.293344947820366 47.92769746106519 44.08378718295378 45.86640051732625 52.92387352065081 41.152324616794374 56.79220430562823 49.845151545038625 43.350168734008236 49.652205961384624 55.02589906587373 47.22438889578714 47.029950193682026 39.13361059105638 45.86640051732625 43.93518826546659 51.69549766611853 54.25727847765857 45.927100348942645 59.73631775035892 45.4592261258029 52.18530725576088 50.080177182944425 58.16102042198587 55.52967127633299 44.664709275080504 46.855141266692726 54.94231283695034 53.117421927909824 46.32404038132354 56.585487706198606 56.06815704721825 47.34632741781776 55.02346426566199 47.81734295660613 53.18880865070966 48.65604791582247 53.31373228062331 54.08788591801676 53.18378169414988 50.06363191095495 48.02887785655011 44.075835336869226 57.83763621346407 46.275283712949545 58.54100282318192 55.41800112910717 49.814382670347534 59.57833201838527 55.425660673657674 62.44024812325643 59.169440046860416 45.69699806285388 40.580386714201964 47.24216662217016 42.02859806577826 49.35762920291232 44.39901451254187 48.10651196163553 50.235682051142064 58.16102042198587 41.69217182303132 46.8385801931731
56.0588275416608 44.1504592510079 39.33160545473717 52.74896827229771 39.13361059105638 50.75008228992704 54.62719257445328 46.147901081315354 48.02887785655011 48.55439207700911 53.4437113400522 50.13365792622479 0.0 52.74449642488158 44.075835336869226 50.079931862664196 53.95704750513358 41.93615167269668 47.569868563486196 51.99857413832973 49.620575854434506 43.955130113800955 38.73373489276415 47.08813358222989 47.09315714599362 57.136886657647 45.17561085051021 43.32632451996494 48.32775623054718 49.94390049235713 45.371727264160064 54.50471719265404 49.851102881271636 48.47219673238502 49.30159672263969 48.39685342402127 54.99537731351553 63.02291060618127 54.80826505773982 46.98645447159088 47.240069377630874 59.52206828374737 43.73549824439465 47.60242068990543 49.065995474462625 48.480946344015216 45.426090287127096 48.86208588283093 45.13039604206321 47.09315714599362 49.865982081029564 48.480946344015216 51.45334194506924 51.28391699091004 46.78741155816758 56.74496890418793 53.82210459484812 50.32140204107641 57.24662217595914 44.82486094887124 55.37579702681303 50.42762304079792 53.95177856547119 57.04498234585412 50.084084534620004 44.103022784399606 44.28141398107665 46.26229672912451 49.58809756369711 51.20562096205614 48.048365447382366 48.501697810717886 40.12367183955702 39.880718713731135 57.34201404226014 49.814382670347534 60.983023778108816 48.12974953263355 51.49972822837477 49.814382670347534 43.04679281619467 37.0793130672581 47.76815608745248 49.54882792361494 46.77393853973937 52.57996434579301 45.25301349983372 52.741416167484495 51.935478789926094 44.39901451254187 52.35878535846503 53.7909838875677 44.083230619543684 44.233016342545426 47.07520228818258 51.9074835258319 59.278361078999396 47.77653620249439 46.26229672912451 45.1889311704513
57.393544487120444 52.74896827229771 47.7467327789742 52.92387352065081 49.03820011547579 49.851102881271636 48.12974953263355 55.85121295267203 56.359360600180246 51.75397073723949 46.98645447159088 55.15902708434895 52.74449642488158 0.0 53.20035302065754 47.313308367532436 55.28063152257436 47.08813358222989 52.92387352065081 53.98901369997794 53.329817239510035 49.30988852546416 48.28406002682659 49.2586924806917 57.04498234585412 50.32502343107239 40.71770714550814 49.03820011547579 49.065995474462625 54.2448781975978 53.456445308349224 55.14038399974432 49.845151545038625 49.06012250058116 49.436434456876796 47.24216662217016 50.00079870301439 60.76996702313089 51.05597685408445 50.60395640569158 45.69699806285388 46.147901081315354 50.62432872502636 34.81790372394899 55.29556495932758 49.71608758603313 46.12083849966681 51.68486145145001 43.402040496837394 43.350168734008236 51.88823920006783 55.53927870814815 51.022466598178546 44.89369520330858 45.17561085051021 48.02887785655011 48.81788487022703 48.437038914565846 48.82340290314054 52.876869605928576 50.955508309626175 58.229106425567736 51.832599273135386 46.14407764408519 52.92387352065081 52.59628558437067 50.801859208316685 45.97931709782674 53.11030849895077 52.638611683824735 53.236562634065514 50.080177182944425 38.389543409655154 49.851102881271636 47.07901282562925 49.394257292220736 53.74300233119997 50.702645152969964 44.763471495924506 45.70926926710022 48.97196359644686 46.62486620040544 57.8560206696367 54.102491321562674 56.46372317547194 53.361007557171874 45.454412868447086 48.151030284279294 51.73420117553694 53.31373228062331 51.546798654705086 55.05893063608882 44.075835336869226 50.43160896951192 42.635320056052095 52.35878535846503 48.61527466181893 62.001013869011004 51.07574138614213 63.02291060618127
48.2406659247151 53.95177856547119 40.312300603698006 60.88664746597796 53.7909838875677 47.240069377630874 48.164388363121304 59.496728080824354 44.617394876034695 51.832599273135386 57.594790074867916 49.530107529084226 44.075835336869226 53.20035302065754 0.0 51.05597685408445 43.007217842422676 41.47498660387667 45.86640051732625 48.05599004672917 53.653881687209086 47.00804205067656 46.54212750330808 43.952086392844485 50.079931862664196 44.46047849496874 54.63767768555044 56.9845563606876 52.71644117771457 43.931684798027526 51.69549766611853 49.85582712690421 57.22103084093986 49.08845681087282 56.74496890418793 52.28439984903465 50.6952328513963 56.125524500713475 43.6507378844478 56.63844769654226 48.164388363121304 58.783331090439106 47.09315714599362 48.25495101530312 49.30988852546416 54.33093004925175 50.080177182944425 57.80466843515744 50.42762304079792 46.77393853973937 58.76499902085004 55.26046167219218 52.434254477691205 55.02539172154869 48.05599004672917 46.08978624880434 54.32290322468444 55.92134727018212 53.117421927909824 53.95704750513358 49.32020187830125 53.92778139414591 55.14658810443648 60.983023778108816 52.21773053134898 45.24624384645781 57.60044089387489 48.582132576739404 43.6507378844478 55.02346426566199 51.20700204916984 59.47713574283952 47.910088582192884 53.361007557171874 40.46634011461972 41.87934139960304 47.1086860974129 56.359360600180246 41.47498660387667 53.81206265130464 41.33640797001867 50.75008228992704 47.569868563486196 46.46063462761996 46.039898290798355 54.22734324444271 53.117421927909824 47.22368550256923 51.154364778927835 43.013886847892934 58.25083529507532 55.14038399974432 52.71429736418407 48.45426961209656 47.016397162421455 47.201941742409225 53.98017549897792 52.85200339301356 42.028361017380426 52.434254477691205
58.23731106663862 53.74300233119997 54.80826505773982 44.46946770662117 51.563220413309736 51.022466598178546 48.25495101530312 50.42762304079792 40.637571805878785 60.983023778108816 46.147901081315354 49.10862628001387 50.079931862664196 47.313308367532436 51.05597685408445 0.0 59.52206828374737 54.94231283695034 53.82210459484812 52.17895241152105 56.378842486317154 38.69904829424152 55.722153848564105 57.04718677936559 56.05284550931176 47.26580365786866 46.314634334775675 63.38837182004134 54.80826505773982 51.559778552294176 50.91508288497867 55.425660673657674 48.13539158724591 47.92769746106519 58.783331090439106 50.59731115584259 49.60757488713379 53.855012443769034 50.0000351282505 51.97493169094748 56.77852073203445 41.33640797001867 52.39504821006126 50.13365792622479 55.02589906587373 54.08788591801676 44.64555539200538 55.26046167219218 59.31737272163272 46.11686936435674 46.54212750330808 38.173134198420236 55.31813191255316 47.76539070748014 49.988435244569345 48.032095992539304 59.52206828374737 47.41685011510739 46.12083849966681 51.69549766611853 52.876869605928576 57.24662217595914 48.89069133670759 51.5665826322966 57.352450442941496 57.5509360859211 47.60242068990543 54.10530953873483 44.80027201497466 53.78605638245462 55.81261632898067 54.27554370475916 54.073342368313014 48.582132576739404 39.89835042552173 49.214831827939044 43.04679281619467 50.61249805821163 53.818347058645564 41.84859008722357 45.63161674847172 49.71608758603313 41.64941696668507 50.59731115584259 59.73631775035892 46.943490799962 49.406995145108596 44.80027201497466 52.431421254124295 56.84012436059241 48.72209126276607 58.23731106663862 44.86707377707652 38.389543409655154 55.722153848564105 53.95177856547119 46.42189238682304 63.70449324263066 47.07520228818258 50.324094606214345
44.617394876034695 51.28391699091004 46.26229672912451 53.20035302065754 48.56587311836053 48.8854822270583 51.69549766611853 48.05599004672917 52.431421254124295 46.22310304018264 55.41800112910717 53.634962764783346 53.95704750513358 55.28063152257436 43.007217842422676 59.52206828374737 0.0 51.16339808315036 57.594790074867916 41.056342278653105 48.2180674452378 59.33119980707113 45.4592261258029 51.99857413832973 50.726953869927094 49.620575854434506 41.056342278653105 62.74236839232205 57.136886657647 57.83763621346407 50.79301057763405 54.10530953873483 44.229985945165716 50.333695234916114 52.668895749892194 54.80826505773982 44.70378716688301 46.83739675805034 58.76499902085004 45.17212147431633 55.02539172154869 47.569868563486196 47.64936471855818 60.24370994095239 57.8560206696367 47.09315714599362 47.68534451473663 40.60559546133982 55.36579579773126 49.51418865570188 50.32140204107641 49.06012250058116 44.41035935415919 42.8840528003676 58.783331090439106 52.39504821006126 44.808619972343955 43.09707560168224 55.98656189965443 52.876869605928576 55.85063713525356 34.81790372394899 59.31737272163272 42.91548768457334 54.102491321562674 48.39685342402127 52.24319862997114 40.21793142463495 51.11848235334348 60.76996702313089 47.029950193682026 49.10862628001387 43.32632451996494 52.36257489408153 50.084084534620004 51.832599273135386 51.20700204916984 46.08978624880434 57.04718677936559 52.36257489408153 48.39275320070708 50.79204164064667 50.99454586046513 39.586978374679326 52.434254477691205 51.26293391028753 53.45740372402592 60.983023778108816 48.39275320070708 44.98531553149684 49.062375933727076 48.39685342402127 43.931684798027526 50.44566896244475 42.86825379575844 53.18378169414988 57.201703146340826 54.32290322468444 52.08992396635136 55.02539172154869
55.23955355968452 46.10910367523569 49.436434456876796 41.93615167269668 37.862876694353886 44.1504592510079 59.35209779166726 58.16102042198587 52.95534382999844 46.42189238682304 46.98645447159088 46.548305161850145 41.93615167269668 47.08813358222989 41.47498660387667 54.94231283695034 51.16339808315036 0.0 54.25727847765857 53.95177856547119 53.818347058645564 49.60757488713379 49.48919686820154 49.025987203864034 43.73785685816075 54.35594709546419 49.865982081029564 49.1088106785011 50.88586894509659 45.371727264160064 59.35209779166726 47.78520327229191 60.88664746597796 48.70630373098462 56.48445717186121 57.5509360859211 52.57210044776625 42.028361017380426 53.75697081062198 50.83632282612133 47.73745810988656 51.11848235334348 49.58809756369711 50.208097728154506 49.214831827939044 47.50970841936037 47.34632741781776 55.046527703964756 46.08978624880434 53.11030849895077 55.722153848564105 48.97543602366133 41.84859008722357 39.89835042552173 51.70618514787875 53.818347058645564 52.793234636278726 44.479582208259956 45.07621939679159 40.30558731111704 59.57833201838527 58.79917550427731 55.21496843328425 49.530107529084226 53.893983867859326 53.891184969977594 44.08378718295378 52.639450414253986 57.04718677936559 57.142278715026 41.69217182303132 55.23955355968452 43.645983464159954 53.81206265130464 52.85200339301356 43.6507378844478 54.94231283695034 47.313308367532436 46.8385801931731 46.84787138315055 51.05372483948479 55.02539172154869 36.802317394912926 53.692168921194444 52.35878535846503 54.71618354552818 52.013193982768954 54.25727847765857 62.44024812325643 47.83133750454545 46.82013830354676 53.53564176757983 54.60920652339611 57.8560206696367 48.833303784485835 43.93518826546659 56.63844769654226 51.02101861615447 58.01480430353979 54.25727847765857
37.0793130672581 50.79301057763405 43.6507378844478 49.2586924806917 48.2406659247151 44.28141398107665 41.15108166655644 50.61249805821163 65.6406310699575 48.96925311090899 49.51418865570188 52.39504821006126 47.569868563486196 52.92387352065081 45.86640051732625 53.82210459484812 57.594790074867916 54.25727847765857 0.0 48.899856592602056 50.00713054986932 50.59731115584259 48.833303784485835 36.93257172543683 54.260449545825615 64.62572688892293 51.221949649346556 45.091982030628536 51.68486145145001 64.34718751052232 47.497572309843584 52.95534382999844 60.88664746597796 47.00804205067656 53.117421927909824 40.580386714201964 49.48919686820154 53.361007557171874 51.2323410199168 47.08813358222989 44.95310565376141 38.73373489276415 39.13361059105638 40.46634011461972 38.389543409655154 52.71429736418407 48.25495101530312 55.31813191255316 48.164388363121304 49.964230462439524 42.86825379575844 46.129978081678864 52.39314419570094 54.423408144339405 65.6406310699575 48.30897052496783 54.99537731351553 55.26046167219218 50.30518694777516 51.57791935178103 48.0998213565474 47.76815608745248 56.46372317547194 49.214831827939044 45.88161890666512 53.891184969977594 47.36892209053325 48.480946344015216 50.75008228992704 52.668895749892194 49.48693965474694 55.21496843328425 55.52967127633299 45.86640051732625 46.66481892281487 58.23731106663862 63.38837182004134 47.473697413667665 47.151611961373014 48.98998054288772 48.886974010683886 45.63161674847172 48.81788487022703 58.23731106663862 44.033512948448276 49.49013181716624 49.556326204301904 45.83441876204582 56.0588275416608 56.723477882237866 44.99455687086365 56.43184145835217 47.92769746106519 56.723477882237866 56.43184145835217 52.85200339301356 57.76892642179761 36.802317394912926 55.99798763300768 47.41685011510739
55.92134727018212 51.832599273135386 52.21773053134898 57.201703146340826 43.931684798027526 53.75697081062198 46.063224867645054 52.17394652155269 49.406995145108596 54.28966664969195 47.73195532226544 45.14886712082274 51.99857413832973 53.98901369997794 48.05599004672917 52.17895241152105 41.056342278653105 53.95177856547119 48.899856592602056 0.0 48.47219673238502 54.60920652339611 55.98656189965443 48.996669764757044 57.49491986401173 55.10094613803098 51.02101861615447 48.82340290314054 59.496728080824354 47.41685011510739 54.750293695516305 47.910088582192884 59.54275833073891 52.013193982768954 56.9845563606876 59.52206828374737 52.08992396635136 50.9487020796574 52.71644117771457 49.48919686820154 55.1414198208159 55.52967127633299 38.73014385179855 56.46372317547194 50.43160896951192 46.642304828492456 49.58809756369711 48.45426961209656 51.99857413832973 47.87714624492512 52.36257489408153 46.75663485742523 58.447862658838964 47.569868563486196 57.24662217595914 57.3341021642544 45.17212147431633 49.71608758603313 53.815371450395446 60.88664746597796 48.81788487022703 49.41132694136015 42.635320056052095 56.05284550931176 61.579991263113 55.81261632898067 46.386416482112814 55.99531238150893 51.9074835258319 48.55439207700911 55.02346426566199 53.361007557171874 49.35762920291232 46.77783064460601 47.34632741781776 52.85200339301356 47.07901282562925 40.21793142463495 55.425660673657674 56.05284550931176 54.99537731351553 44.303316960268575 54.94231283695034 49.024982847779555 54.62719257445328 40.55498636587412 57.49491986401173 56.48445717186121 47.498800145213835 41.33640797001867 51.45436477205816 45.69699806285388 42.10758962354541 47.201941742409225 48.86208588283093 36.93257172543683 56.381706933007884 45.6346955791342 45.1889311704513 47.94327663460931
48.74217151801181 51.2323410199168 45.426090287127096 49.10862628001387 51.38843831390195 46.85237564237004 53.610831769036025 59.496728080824354 59.884733533966475 54.08534694122745 54.50471719265404 43.73785685816075 49.620575854434506 53.329817239510035 53.653881687209086 56.378842486317154 48.2180674452378 53.818347058645564 50.00713054986932 48.47219673238502 0.0 51.398921446788954 56.63844769654226 50.32140204107641 50.15184659402507 45.97931709782674 46.12083849966681 50.539945124721264 62.001013869011004 48.28406002682659 53.456445308349224 54.08534694122745 47.29500857597243 50.324094606214345 56.381706933007884 49.20745336994123 52.57333427273925 47.46573158849597 46.82013830354676 59.31737272163272 51.75397073723949 44.41035935415919 53.53564176757983 46.62486620040544 48.72209126276607 56.54484987828166 42.86825379575844 51.20700204916984 52.39504821006126 50.52225580865289 37.0793130672581 48.12974953263355 54.750293695516305 46.548305161850145 50.6952328513963 52.90566423066225 56.77852073203445 49.08845681087282 64.62572688892293 54.80826505773982 49.652205961384624 49.988435244569345 56.09420961612514 50.235682051142064 57.49491986401173 56.06815704721825 36.93257172543683 48.05599004672917 45.63161674847172 51.05597685408445 47.1086860974129 45.69699806285388 54.32290322468444 43.955130113800955 54.22734324444271 52.668895749892194 44.767867079883175 48.0998213565474 55.85121295267203 42.8840528003676 46.426202321555664 53.65889138014574 54.392011107327924 54.22734324444271 51.28391699091004 47.240562461723584 41.87934139960304 54.10530953873483 49.41132694136015 60.983023778108816 51.73420117553694 50.44566896244475 55.23955355968452 55.14658810443648 47.8507932518809 48.4511893885569 49.814382670347534 46.10100789102386 48.164388363121304 48.886974010683886
48.23137571974596 53.692168921194444 47.07520228818258 53.893983867859326 57.142278715026 53.11030849895077 62.64448021097999 53.70671297444645 50.75008228992704 54.75572065654752 35.53517159186231 49.06012250058116 43.955130113800955 49.30988852546416 47.00804205067656 38.69904829424152 59.33119980707113 49.60757488713379 50.59731115584259 54.60920652339611 51.398921446788954 0.0 47.64123450701556 58.783331090439106 45.6346955791342 59.31136014853685 53.58707354918756 54.08780110640998 48.97543602366133 49.10862628001387 48.032095992539304 51.559778552294176 45.36516016483023 54.750293695516305 47.473697413667665 56.54484987828166 40.71770714550814 46.42189238682304 50.44566896244475 57.5509360859211 45.091982030628536 49.1088106785011 46.275283712949545 43.473240336880494 41.772702677016134 48.86208588283093 53.245219798983285 49.620575854434506 50.52225580865289 52.74896827229771 44.92869172846418 41.87147965819591 39.89835042552173 50.17034011502115 47.497572309843584 51.832599273135386 53.95704750513358 47.36892209053325 44.86707377707652 49.10862628001387 48.119750806881385 50.39307533873785 53.53564176757983 47.68534451473663 51.02101861615447 55.02589906587373 40.60559546133982 46.82013830354676 46.77393853973937 57.258235985408945 46.22345413392633 55.99798763300768 47.77653620249439 47.68534451473663 56.63844769654226 44.70378716688301 53.855012443769034 47.910088582192884 49.81676862843254 41.47498660387667 45.83441876204582 50.834318578986824 51.38843831390195 54.99537731351553 47.37178546470222 57.393544487120444 57.594790074867916 55.98656189965443 55.09828029474533 48.048365447382366 38.73373489276415 44.839006830333105 44.664709275080504 51.28391699091004 59.33119980707113 52.24274461541487 47.24216662217016 61.579991263113 50.530835473517065 54.50571739880701
