100
0.0 128.1412599483293 129.3664729171629 159.2725314886349 160.57788092869956 156.6488633717623 151.13784883350195 125.46425912717311 134.3737673914546 163.46572670011005 168.46065919237444 126.13507294029024 167.48956406162395 116.64275132628123 156.64642475600064 129.81707076702997 142.94329147337157 131.63152836022743 146.88318867685862 159.2725314886349 159.2725314886349 151.35685863381644 129.81707076702997 143.1522751042023 126.13507294029024 146.07186825930052 148.38343850224976 149.94701821401677 152.12201294283116 175.90734455949212 151.66910029274914 126.13507294029024 142.55601478634318 116.64275132628123 167.48956406162395 126.13507294029024 167.48956406162395 140.575707156807 148.38343850224976 146.07186825930052 137.9853975728507 120.06023827297201 154.7921065545976 129.81707076702997 119.8674226457517 123.51244179719384 123.51244179719384 157.69747739993318 119.8674226457517 171.51342793876813 151.35685863381644 162.88440326846066 126.33576986669198 156.0870209263666 153.91904728494805 141.15055596650387 116.64275132628123 142.55601478634318 151.13784883350195 120.6164120007461 144.2098026655218 142.30960713899836 126.13507294029024 160.828454228782 113.67534684647228 148.38343850224976 151.13784883350195 141.15055596650387 142.30960713899836 125.46425912717311 154.9940874967887 136.7388985622389 151.32404490542342 129.70328831156866 152.38692237790264 190.40135863539194 126.47769615128962 145.3150417703784 175.90734455949212 119.8674226457517 146.88318867685862 157.69747739993318 158.0811465396655 139.21612155616864 144.2098026655218 142.74090850515753 129.70328831156866 141.15055596650387 146.3402630854545 141.40480052179623 142.30960713899836 139.21612155616864 154.04027311553756 190.40135863539194 129.81707076702997 143.27773754929837 158.41204480320403 120.6164120007461 120.06023827297201 179.72046298975368
128.1412599483293 0.0 118.28814637462325 148.38343850224976 159.2725314886349 140.57497494909552 120.06023827297201 136.7388985622389 119.8674226457517 142.94329147337157 135.8516163320199 141.18479136968807 116.64275132628123 113.67534684647228 120.6164120007461 141.62810958632386 159.2725314886349 151.35685863381644 120.6164120007461 160.93851016115804 179.72046298975368 141.40480052179623 156.35842461525957 141.62810958632386 128.59426077812455 123.51244179719384 129.3664729171629 148.38343850224976 140.575707156807 134.3737673914546 188.70910790638476 126.33576986669198 126.33576986669198 151.66910029274914 140.3601194788665 150.40954407687403 138.5265532147915 150.40954407687403 143.27773754929837 149.76018553896864 135.8516163320199 113.67534684647228 175.90734455949212 157.69747739993318 154.90974319419786 153.67325723142739 144.2098026655218 164.61616401155788 153.67325723142739 188.70910790638476 154.04027311553756 141.62810958632386 151.35685863381644 156.13178428125386 149.19881893458796 168.46065919237444 156.0870209263666 147.3292405548269 122.09432132227226 142.74090850515753 162.5257396292393 150.82645561352743 151.66910029274914 158.41204480320403 153.67325723142739 141.18479136968807 141.18479136968807 141.15055596650387 156.64642475600064 123.51244179719384 158.41204480320403 141.62810958632386 129.70328831156866 150.82645561352743 152.12201294283116 153.67325723142739 142.74090850515753 153.67325723142739 190.40135863539194 141.62810958632386 142.94329147337157 150.40954407687403 143.27773754929837 171.51342793876813 125.20387563696725 145.3150417703784 190.40135863539194 150.40954407687403 151.13784883350195 154.90974319419786 134.41162173590487 166.53455105112468 150.82645561352743 156.35842461525957 167.48956406162395 136.7388985622389 158.41204480320403 123.51244179719384 158.40642402156146 118.28814637462325
129.3664729171629 118.28814637462325 0.0 116.64275132628123 136.7388985622389 187.3963461544642 128.1412599483293 164.61616401155788 164.61616401155788 149.94701821401677 152.38692237790264 151.32404490542342 140.3601194788665 153.67325723142739 163.46572670011005 159.2725314886349 145.3150417703784 145.3150417703784 152.12201294283116 162.88440326846066 141.40480052179623 125.20387563696725 142.94329147337157 147.57579538100424 158.41204480320403 156.0870209263666 149.43968809289214 126.47769615128962 141.15055596650387 163.46572670011005 135.8516163320199 162.5257396292393 141.18479136968807 116.64275132628123 143.1522751042023 188.70910790638476 136.7388985622389 126.33576986669198 158.40642402156146 175.7869011638483 147.57579538100424 160.828454228782 147.3292405548269 142.55601478634318 157.69747739993318 160.828454228782 120.06023827297201 125.46425912717311 140.57497494909552 151.35685863381644 152.38692237790264 145.3150417703784 118.28814637462325 134.41162173590487 136.7388985622389 143.1522751042023 153.67325723142739 135.8516163320199 151.66910029274914 136.7388985622389 154.04027311553756 164.61616401155788 120.6164120007461 138.5265532147915 153.74775193104978 142.94329147337157 118.28814637462325 159.2725314886349 143.1522751042023 148.38343850224976 142.30960713899836 141.15055596650387 156.6488633717623 145.3150417703784 131.63152836022743 151.32404490542342 157.69747739993318 135.8516163320199 153.91904728494805 134.41162173590487 122.09432132227226 158.0811465396655 149.94701821401677 139.21612155616864 149.94701821401677 162.88440326846066 163.46572670011005 151.66910029274914 151.66910029274914 126.47769615128962 119.8674226457517 146.3402630854545 154.04027311553756 159.2725314886349 134.41162173590487 175.7869011638483 141.40480052179623 158.0811465396655 131.63152836022743 156.64642475600064
159.2725314886349 148.38343850224976 116.64275132628123 0.0 157.69747739993318 140.57497494909552 187.7098801993396 140.57497494909552 150.82645561352743 133.74654703502486 158.40642402156146 150.40954407687403 118.28814637462325 146.07186825930052 156.13178428125386 150.82645561352743 146.88318867685862 134.3737673914546 142.74090850515753 156.6488633717623 138.59075812827308 158.41204480320403 151.66910029274914 160.93851016115804 151.32404490542342 134.41162173590487 154.74354409545418 131.63152836022743 146.88318867685862 146.07186825930052 149.43968809289214 160.828454228782 154.90974319419786 116.64275132628123 171.51342793876813 153.67325723142739 158.40642402156146 135.8516163320199 146.07186825930052 141.40480052179623 158.0811465396655 113.67534684647228 120.06023827297201 154.74354409545418 162.5257396292393 153.91904728494805 156.0870209263666 125.46425912717311 143.1522751042023 125.20387563696725 150.24967404497332 152.12201294283116 136.7388985622389 141.15055596650387 125.20387563696725 157.69747739993318 146.88318867685862 142.74090850515753 149.76018553896864 134.41162173590487 160.828454228782 154.9940874967887 162.88440326846066 156.6488633717623 149.19881893458796 142.74090850515753 154.7921065545976 150.40954407687403 187.3963461544642 151.13784883350195 153.91904728494805 133.74654703502486 157.69747739993318 175.90734455949212 190.40135863539194 125.46425912717311 168.46065919237444 125.46425912717311 168.46065919237444 136.7388985622389 149.94701821401677 133.74654703502486 128.59426077812455 150.40954407687403 163.46572670011005 142.74090850515753 150.40954407687403 166.53455105112468 128.1412599483293 129.3664729171629 147.3292405548269 152.38692237790264 143.1522751042023 158.0811465396655 160.828454228782 153.67325723142739 164.61616401155788 147.57579538100424 118.28814637462325 129.81707076702997
160.57788092869956 159.2725314886349 136.7388985622389 157.69747739993318 0.0 163.46572670011005 143.27773754929837 154.9940874967887 146.88318867685862 159.2725314886349 145.3150417703784 135.8516163320199 150.40954407687403 188.70910790638476 151.13784883350195 142.74090850515753 156.0870209263666 156.13178428125386 116.64275132628123 136.7388985622389 129.3664729171629 175.7869011638483 126.47769615128962 150.40954407687403 125.46425912717311 149.43968809289214 142.55601478634318 128.59426077812455 142.55601478634318 134.41162173590487 175.90734455949212 129.81707076702997 137.9853975728507 138.59075812827308 150.40954407687403 162.88440326846066 158.41204480320403 150.24967404497332 175.90734455949212 154.7921065545976 163.46572670011005 141.18479136968807 175.90734455949212 150.40954407687403 153.74775193104978 156.6488633717623 171.51342793876813 162.5257396292393 160.57788092869956 149.76018553896864 144.2098026655218 126.33576986669198 126.33576986669198 120.6164120007461 134.3737673914546 142.74090850515753 141.18479136968807 125.46425912717311 167.48956406162395 146.3402630854545 141.15055596650387 150.24967404497332 143.1522751042023 128.1412599483293 158.40642402156146 129.70328831156866 149.19881893458796 144.2098026655218 119.8674226457517 116.64275132628123 147.3292405548269 151.66910029274914 163.46572670011005 141.18479136968807 141.15055596650387 138.5265532147915 150.40954407687403 146.88318867685862 162.88440326846066 126.47769615128962 126.33576986669198 150.24967404497332 146.88318867685862 140.575707156807 140.575707156807 123.51244179719384 190.40135863539194 150.24967404497332 164.61616401155788 160.93851016115804 154.7921065545976 128.59426077812455 152.38692237790264 145.3150417703784 175.7869011638483 152.38692237790264 162.88440326846066 147.3292405548269 131.63152836022743 154.90974319419786
156.6488633717623 140.57497494909552 187.3963461544642 140.57497494909552 163.46572670011005 0.0 147.57579538100424 149.76018553896864 120.06023827297201 153.74775193104978 150.82645561352743 187.7098801993396 141.15055596650387 141.62810958632386 154.04027311553756 128.59426077812455 151.13784883350195 120.6164120007461 158.0811465396655 156.35842461525957 156.35842461525957 131.63152836022743 125.20387563696725 149.43968809289214 160.93851016115804 128.1412599483293 149.43968809289214 156.0870209263666 141.40480052179623 167.48956406162395 159.2725314886349 116.64275132628123 141.15055596650387 151.66910029274914 133.74654703502486 175.90734455949212 160.828454228782 129.81707076702997 157.4613677341693 151.35685863381644 144.2098026655218 144.2098026655218 166.53455105112468 151.13784883350195 154.04027311553756 147.3292405548269 142.30960713899836 129.70328831156866 171.7276249220632 153.91904728494805 125.20387563696725 175.7869011638483 150.24967404497332 175.90734455949212 126.13507294029024 187.3963461544642 148.38343850224976 151.35685863381644 141.18479136968807 151.66910029274914 149.19881893458796 141.62810958632386 141.18479136968807 150.40954407687403 179.72046298975368 158.41204480320403 151.35685863381644 164.61616401155788 129.3664729171629 142.30960713899836 158.40642402156146 139.21612155616864 157.4613677341693 156.6488633717623 151.35685863381644 168.46065919237444 188.70910790638476 146.07186825930052 162.88440326846066 153.74775193104978 160.93851016115804 146.88318867685862 141.62810958632386 175.90734455949212 158.41204480320403 140.3601194788665 129.3664729171629 134.3737673914546 129.81707076702997 137.9853975728507 156.6488633717623 159.2725314886349 128.1412599483293 123.51244179719384 147.57579538100424 126.47769615128962 136.7388985622389 138.59075812827308 146.3402630854545 149.19881893458796
151.13784883350195 120.06023827297201 128.1412599483293 187.7098801993396 143.27773754929837 147.57579538100424 0.0 162.5257396292393 146.88318867685862 150.24967404497332 148.38343850224976 190.40135863539194 147.57579538100424 141.18479136968807 146.88318867685862 157.4613677341693 147.3292405548269 149.43968809289214 138.59075812827308 145.3150417703784 141.62810958632386 160.93851016115804 150.40954407687403 146.88318867685862 126.13507294029024 152.38692237790264 146.88318867685862 151.13784883350195 134.41162173590487 153.67325723142739 120.6164120007461 145.3150417703784 138.59075812827308 153.67325723142739 158.0811465396655 141.18479136968807 162.5257396292393 126.13507294029024 131.63152836022743 140.575707156807 131.63152836022743 179.72046298975368 145.3150417703784 157.4613677341693 129.70328831156866 141.62810958632386 188.70910790638476 118.28814637462325 154.9940874967887 166.53455105112468 151.13784883350195 116.64275132628123 187.7098801993396 149.94701821401677 136.7388985622389 129.70328831156866 153.67325723142739 138.59075812827308 139.21612155616864 146.07186825930052 129.81707076702997 141.18479136968807 190.40135863539194 142.94329147337157 113.67534684647228 154.04027311553756 156.64642475600064 118.28814637462325 157.69747739993318 158.40642402156146 156.64642475600064 141.40480052179623 142.74090850515753 146.07186825930052 187.7098801993396 120.06023827297201 142.94329147337157 148.38343850224976 190.40135863539194 162.88440326846066 144.2098026655218 160.57788092869956 150.24967404497332 153.91904728494805 119.8674226457517 156.13178428125386 149.76018553896864 154.74354409545418 147.3292405548269 134.41162173590487 162.5257396292393 146.07186825930052 116.64275132628123 162.5257396292393 144.2098026655218 162.88440326846066 156.35842461525957 131.63152836022743 156.0870209263666 148.38343850224976
125.46425912717311 136.7388985622389 164.61616401155788 140.57497494909552 154.9940874967887 149.76018553896864 162.5257396292393 0.0 149.76018553896864 126.13507294029024 119.8674226457517 135.8516163320199 151.13784883350195 120.6164120007461 126.33576986669198 175.7869011638483 142.30960713899836 143.27773754929837 125.46425912717311 135.8516163320199 140.57497494909552 141.40480052179623 187.7098801993396 179.72046298975368 158.0811465396655 128.1412599483293 137.9853975728507 156.13178428125386 142.74090850515753 163.46572670011005 154.74354409545418 126.47769615128962 175.90734455949212 142.74090850515753 144.2098026655218 154.9940874967887 113.67534684647228 140.575707156807 128.1412599483293 129.3664729171629 144.2098026655218 141.18479136968807 129.70328831156866 146.07186825930052 128.59426077812455 159.2725314886349 118.28814637462325 128.59426077812455 118.28814637462325 168.46065919237444 116.64275132628123 147.3292405548269 129.3664729171629 166.53455105112468 144.2098026655218 123.51244179719384 142.74090850515753 179.72046298975368 142.74090850515753 140.3601194788665 154.7921065545976 154.04027311553756 154.90974319419786 142.94329147337157 138.59075812827308 162.5257396292393 179.72046298975368 131.63152836022743 139.21612155616864 154.04027311553756 147.57579538100424 154.90974319419786 149.94701821401677 141.62810958632386 156.35842461525957 146.07186825930052 149.43968809289214 156.13178428125386 125.46425912717311 154.74354409545418 164.61616401155788 160.93851016115804 153.91904728494805 116.64275132628123 149.43968809289214 141.62810958632386 175.7869011638483 145.3150417703784 175.7869011638483 190.40135863539194 151.32404490542342 123.51244179719384 141.62810958632386 140.575707156807 140.575707156807 150.40954407687403 134.41162173590487 119.8674226457517 119.8674226457517 157.69747739993318
134.3737673914546 119.8674226457517 164.61616401155788 150.82645561352743 146.88318867685862 120.06023827297201 146.88318867685862 149.76018553896864 0.0 158.40642402156146 146.3402630854545 129.70328831156866 162.88440326846066 152.38692237790264 128.59426077812455 166.53455105112468 122.09432132227226 179.72046298975368 154.90974319419786 164.61616401155788 168.46065919237444 158.41204480320403 126.13507294029024 156.13178428125386 135.8516163320199 187.3963461544642 179.72046298975368 175.90734455949212 116.64275132628123 144.2098026655218 141.18479136968807 138.59075812827308 125.46425912717311 140.575707156807 150.82645561352743 128.59426077812455 156.64642475600064 146.07186825930052 151.35685863381644 141.18479136968807 141.15055596650387 140.575707156807 151.35685863381644 150.24967404497332 136.7388985622389 125.46425912717311 118.28814637462325 131.63152836022743 150.24967404497332 158.40642402156146 120.6164120007461 152.12201294283116 175.7869011638483 123.51244179719384 123.51244179719384 116.64275132628123 160.93851016115804 156.0870209263666 148.38343850224976 151.66910029274914 154.9940874967887 149.76018553896864 151.32404490542342 158.40642402156146 141.18479136968807 158.0811465396655 154.9940874967887 156.0870209263666 128.1412599483293 128.59426077812455 190.40135863539194 160.828454228782 135.8516163320199 171.51342793876813 175.7869011638483 152.38692237790264 160.57788092869956 158.40642402156146 154.04027311553756 166.53455105112468 126.33576986669198 153.67325723142739 126.13507294029024 137.9853975728507 120.6164120007461 160.93851016115804 154.7921065545976 128.59426077812455 158.41204480320403 150.82645561352743 154.7921065545976 136.7388985622389 171.51342793876813 159.2725314886349 139.21612155616864 148.38343850224976 135.8516163320199 188.70910790638476 168.46065919237444 150.24967404497332
163.46572670011005 142.94329147337157 149.94701821401677 133.74654703502486 159.2725314886349 153.74775193104978 150.24967404497332 126.13507294029024 158.40642402156146 0.0 143.1522751042023 153.91904728494805 119.8674226457517 187.7098801993396 156.6488633717623 149.43968809289214 120.06023827297201 163.46572670011005 162.88440326846066 125.20387563696725 188.70910790638476 140.575707156807 116.64275132628123 131.63152836022743 141.15055596650387 147.57579538100424 190.40135863539194 147.3292405548269 154.74354409545418 154.7921065545976 154.74354409545418 150.82645561352743 156.35842461525957 149.43968809289214 151.66910029274914 158.41204480320403 188.70910790638476 151.35685863381644 175.90734455949212 129.70328831156866 120.06023827297201 142.94329147337157 163.46572670011005 120.6164120007461 116.64275132628123 142.30960713899836 190.40135863539194 156.13178428125386 147.3292405548269 149.94701821401677 118.28814637462325 138.5265532147915 158.40642402156146 126.33576986669198 139.21612155616864 154.04027311553756 116.64275132628123 128.1412599483293 123.51244179719384 142.30960713899836 113.67534684647228 162.88440326846066 118.28814637462325 126.47769615128962 147.57579538100424 162.5257396292393 154.7921065545976 162.88440326846066 154.7921065545976 135.8516163320199 122.09432132227226 166.53455105112468 163.46572670011005 120.6164120007461 154.7921065545976 120.06023827297201 129.3664729171629 154.90974319419786 149.19881893458796 126.33576986669198 137.9853975728507 187.3963461544642 140.575707156807 139.21612155616864 123.51244179719384 158.40642402156146 154.90974319419786 153.91904728494805 120.6164120007461 144.2098026655218 128.59426077812455 150.24967404497332 175.7869011638483 134.41162173590487 157.4613677341693 153.91904728494805 150.24967404497332 133.74654703502486 187.3963461544642 128.59426077812455
168.46065919237444 135.8516163320199 152.38692237790264 158.40642402156146 145.3150417703784 150.82645561352743 148.38343850224976 119.8674226457517 146.3402630854545 143.1522751042023 0.0 162.5257396292393 128.1412599483293 120.6164120007461 146.88318867685862 123.51244179719384 156.13178428125386 140.3601194788665 171.7276249220632 142.94329147337157 160.93851016115804 135.8516163320199 164.61616401155788 146.3402630854545 175.90734455949212 156.0870209263666 120.06023827297201 129.70328831156866 123.51244179719384 158.0811465396655 190.40135863539194 147.3292405548269 126.13507294029024 142.55601478634318 125.20387563696725 175.90734455949212 139.21612155616864 146.88318867685862 142.94329147337157 149.43968809289214 118.28814637462325 166.53455105112468 179.72046298975368 156.0870209263666 159.2725314886349 145.3150417703784 154.7921065545976 149.43968809289214 145.3150417703784 151.35685863381644 142.55601478634318 123.51244179719384 151.66910029274914 158.41204480320403 146.3402630854545 138.5265532147915 142.55601478634318 146.07186825930052 151.66910029274914 129.3664729171629 134.41162173590487 158.41204480320403 149.19881893458796 158.41204480320403 156.35842461525957 151.35685863381644 156.0870209263666 136.7388985622389 118.28814637462325 144.2098026655218 137.9853975728507 149.19881893458796 142.94329147337157 140.575707156807 152.38692237790264 120.6164120007461 125.20387563696725 141.62810958632386 129.70328831156866 125.20387563696725 128.1412599483293 166.53455105112468 153.91904728494805 138.59075812827308 151.35685863381644 118.28814637462325 148.38343850224976 153.91904728494805 146.3402630854545 162.5257396292393 141.62810958632386 168.46065919237444 152.38692237790264 150.24967404497332 162.5257396292393 175.7869011638483 154.7921065545976 190.40135863539194 167.48956406162395 175.90734455949212
126.13507294029024 141.18479136968807 151.32404490542342 150.40954407687403 135.8516163320199 187.7098801993396 190.40135863539194 135.8516163320199 129.70328831156866 153.91904728494805 162.5257396292393 0.0 151.13784883350195 151.13784883350195 152.12201294283116 131.63152836022743 149.43968809289214 147.57579538100424 157.4613677341693 129.81707076702997 151.66910029274914 187.3963461544642 160.93851016115804 162.88440326846066 141.62810958632386 164.61616401155788 123.51244179719384 126.33576986669198 128.59426077812455 137.9853975728507 153.67325723142739 128.59426077812455 135.8516163320199 159.2725314886349 157.69747739993318 167.48956406162395 125.46425912717311 120.6164120007461 113.67534684647228 164.61616401155788 157.4613677341693 162.88440326846066 151.32404490542342 120.06023827297201 156.0870209263666 126.13507294029024 141.18479136968807 129.81707076702997 154.9940874967887 162.88440326846066 136.7388985622389 149.43968809289214 150.82645561352743 171.7276249220632 179.72046298975368 157.4613677341693 126.13507294029024 146.3402630854545 156.6488633717623 168.46065919237444 126.13507294029024 146.3402630854545 135.8516163320199 143.27773754929837 140.3601194788665 143.1522751042023 188.70910790638476 133.74654703502486 125.46425912717311 158.41204480320403 164.61616401155788 162.88440326846066 156.0870209263666 162.88440326846066 187.3963461544642 148.38343850224976 145.3150417703784 129.70328831156866 141.40480052179623 141.18479136968807 149.76018553896864 122.09432132227226 144.2098026655218 138.5265532147915 126.33576986669198 160.57788092869956 152.38692237790264 118.28814637462325 149.43968809289214 118.28814637462325 120.6164120007461 190.40135863539194 154.74354409545418 139.21612155616864 156.6488633717623 125.20387563696725 138.5265532147915 141.62810958632386 140.57497494909552 129.3664729171629
167.48956406162395 116.64275132628123 140.3601194788665 118.28814637462325 150.40954407687403 141.15055596650387 147.57579538100424 151.13784883350195 162.88440326846066 119.8674226457517 128.1412599483293 151.13784883350195 0.0 171.7276249220632 131.63152836022743 131.63152836022743 162.5257396292393 151.32404490542342 139.21612155616864 149.94701821401677 157.69747739993318 116.64275132628123 151.66910029274914 141.62810958632386 166.53455105112468 147.3292405548269 156.0870209263666 162.88440326846066 179.72046298975368 146.07186825930052 150.40954407687403 146.07186825930052 167.48956406162395 154.7921065545976 140.575707156807 138.5265532147915 138.5265532147915 171.51342793876813 168.46065919237444 150.40954407687403 151.35685863381644 162.88440326846066 157.69747739993318 142.94329147337157 119.8674226457517 147.3292405548269 160.828454228782 135.8516163320199 141.40480052179623 158.0811465396655 154.9940874967887 145.3150417703784 145.3150417703784 154.7921065545976 149.76018553896864 140.3601194788665 126.13507294029024 150.24967404497332 113.67534684647228 151.35685863381644 141.40480052179623 146.07186825930052 152.12201294283116 162.88440326846066 125.20387563696725 152.38692237790264 140.57497494909552 190.40135863539194 140.575707156807 138.59075812827308 149.76018553896864 158.0811465396655 136.7388985622389 116.64275132628123 140.3601194788665 139.21612155616864 120.06023827297201 140.57497494909552 136.7388985622389 120.6164120007461 151.32404490542342 175.7869011638483 164.61616401155788 129.3664729171629 151.32404490542342 133.74654703502486 120.06023827297201 157.4613677341693 159.2725314886349 128.59426077812455 120.6164120007461 157.4613677341693 126.13507294029024 145.3150417703784 131.63152836022743 141.40480052179623 138.59075812827308 126.33576986669198 145.3150417703784 147.3292405548269
116.64275132628123 113.67534684647228 153.67325723142739 146.07186825930052 188.70910790638476 141.62810958632386 141.18479136968807 120.6164120007461 152.38692237790264 187.7098801993396 120.6164120007461 151.13784883350195 171.7276249220632 0.0 126.47769615128962 156.0870209263666 179.72046298975368 125.46425912717311 142.74090850515753 160.828454228782 119.8674226457517 134.41162173590487 125.46425912717311 167.48956406162395 145.3150417703784 126.33576986669198 126.33576986669198 146.88318867685862 171.51342793876813 152.38692237790264 129.3664729171629 118.28814637462325 116.64275132628123 153.67325723142739 146.3402630854545 128.1412599483293 141.18479136968807 134.3737673914546 171.7276249220632 149.19881893458796 154.90974319419786 146.3402630854545 123.51244179719384 146.88318867685862 187.3963461544642 151.35685863381644 131.63152836022743 138.59075812827308 179.72046298975368 138.5265532147915 190.40135863539194 147.57579538100424 147.3292405548269 142.55601478634318 190.40135863539194 159.2725314886349 156.35842461525957 168.46065919237444 120.6164120007461 141.40480052179623 158.0811465396655 154.9940874967887 134.3737673914546 154.90974319419786 152.38692237790264 144.2098026655218 167.48956406162395 150.40954407687403 129.70328831156866 129.81707076702997 187.3963461544642 150.24967404497332 144.2098026655218 134.41162173590487 123.51244179719384 179.72046298975368 175.7869011638483 138.5265532147915 162.88440326846066 140.575707156807 129.3664729171629 154.7921065545976 113.67534684647228 140.575707156807 142.30960713899836 156.6488633717623 188.70910790638476 154.90974319419786 118.28814637462325 166.53455105112468 137.9853975728507 146.88318867685862 141.15055596650387 147.57579538100424 175.90734455949212 168.46065919237444 168.46065919237444 140.575707156807 128.1412599483293 119.8674226457517
156.64642475600064 120.6164120007461 163.46572670011005 156.13178428125386 151.13784883350195 154.04027311553756 146.88318867685862 126.33576986669198 128.59426077812455 156.6488633717623 146.88318867685862 152.12201294283116 131.63152836022743 126.47769615128962 0.0 156.13178428125386 162.88440326846066 138.5265532147915 143.1522751042023 154.04027311553756 156.0870209263666 151.35685863381644 158.40642402156146 153.67325723142739 125.20387563696725 150.40954407687403 152.12201294283116 140.57497494909552 154.9940874967887 159.2725314886349 179.72046298975368 136.7388985622389 140.3601194788665 168.46065919237444 128.1412599483293 129.3664729171629 149.76018553896864 158.0811465396655 156.0870209263666 151.35685863381644 158.41204480320403 118.28814637462325 157.69747739993318 147.57579538100424 149.19881893458796 134.3737673914546 156.13178428125386 179.72046298975368 147.3292405548269 126.13507294029024 142.55601478634318 136.7388985622389 141.18479136968807 151.13784883350195 134.41162173590487 160.57788092869956 142.94329147337157 141.40480052179623 128.1412599483293 142.55601478634318 125.46425912717311 171.51342793876813 151.66910029274914 134.41162173590487 134.41162173590487 150.40954407687403 149.94701821401677 157.69747739993318 154.74354409545418 154.74354409545418 137.9853975728507 142.94329147337157 152.12201294283116 141.15055596650387 120.06023827297201 149.94701821401677 138.5265532147915 137.9853975728507 129.3664729171629 164.61616401155788 154.90974319419786 120.06023827297201 153.67325723142739 154.74354409545418 142.74090850515753 125.46425912717311 147.57579538100424 154.90974319419786 190.40135863539194 141.15055596650387 143.27773754929837 149.76018553896864 190.40135863539194 137.9853975728507 160.93851016115804 134.41162173590487 145.3150417703784 151.13784883350195 144.2098026655218 151.66910029274914
129.81707076702997 141.62810958632386 159.2725314886349 150.82645561352743 142.74090850515753 128.59426077812455 157.4613677341693 175.7869011638483 166.53455105112468 149.43968809289214 123.51244179719384 131.63152836022743 131.63152836022743 156.0870209263666 156.13178428125386 0.0 152.38692237790264 126.47769615128962 171.51342793876813 131.63152836022743 125.20387563696725 134.41162173590487 135.8516163320199 134.41162173590487 154.7921065545976 136.7388985622389 158.0811465396655 126.47769615128962 151.66910029274914 134.3737673914546 157.69747739993318 153.74775193104978 156.35842461525957 140.57497494909552 149.94701821401677 125.20387563696725 148.38343850224976 119.8674226457517 128.59426077812455 187.3963461544642 190.40135863539194 120.06023827297201 131.63152836022743 141.40480052179623 142.55601478634318 151.32404490542342 152.38692237790264 158.40642402156146 153.74775193104978 190.40135863539194 190.40135863539194 166.53455105112468 158.41204480320403 135.8516163320199 142.94329147337157 138.59075812827308 153.74775193104978 129.3664729171629 156.6488633717623 120.6164120007461 156.13178428125386 151.32404490542342 141.62810958632386 125.20387563696725 158.0811465396655 131.63152836022743 140.3601194788665 131.63152836022743 188.70910790638476 158.0811465396655 158.41204480320403 125.20387563696725 129.3664729171629 156.35842461525957 156.13178428125386 166.53455105112468 141.18479136968807 134.41162173590487 128.59426077812455 162.88440326846066 166.53455105112468 151.32404490542342 133.74654703502486 125.20387563696725 154.90974319419786 150.40954407687403 154.9940874967887 147.3292405548269 129.70328831156866 162.5257396292393 153.67325723142739 149.43968809289214 158.41204480320403 135.8516163320199 146.3402630854545 154.9940874967887 151.66910029274914 126.47769615128962 140.575707156807 162.5257396292393
142.94329147337157 159.2725314886349 145.3150417703784 146.88318867685862 156.0870209263666 151.13784883350195 147.3292405548269 142.30960713899836 122.09432132227226 120.06023827297201 156.13178428125386 149.43968809289214 162.5257396292393 179.72046298975368 162.88440326846066 152.38692237790264 0.0 153.74775193104978 146.88318867685862 140.575707156807 167.48956406162395 140.575707156807 154.9940874967887 145.3150417703784 171.51342793876813 146.07186825930052 158.41204480320403 141.18479136968807 128.59426077812455 160.93851016115804 118.28814637462325 131.63152836022743 157.4613677341693 123.51244179719384 175.7869011638483 122.09432132227226 128.59426077812455 187.7098801993396 144.2098026655218 120.06023827297201 150.24967404497332 150.82645561352743 142.30960713899836 150.24967404497332 164.61616401155788 162.5257396292393 158.0811465396655 126.47769615128962 149.19881893458796 151.35685863381644 141.18479136968807 131.63152836022743 146.07186825930052 160.828454228782 149.19881893458796 156.0870209263666 152.12201294283116 154.9940874967887 188.70910790638476 156.6488633717623 135.8516163320199 164.61616401155788 147.3292405548269 179.72046298975368 166.53455105112468 136.7388985622389 153.91904728494805 139.21612155616864 154.04027311553756 168.46065919237444 152.12201294283116 141.15055596650387 156.6488633717623 134.41162173590487 118.28814637462325 157.4613677341693 142.94329147337157 138.5265532147915 164.61616401155788 149.76018553896864 142.94329147337157 156.64642475600064 159.2725314886349 152.12201294283116 149.76018553896864 187.3963461544642 164.61616401155788 146.3402630854545 156.13178428125386 153.67325723142739 150.24967404497332 131.63152836022743 160.57788092869956 136.7388985622389 142.55601478634318 175.7869011638483 142.94329147337157 171.51342793876813 151.32404490542342 154.90974319419786
131.63152836022743 151.35685863381644 145.3150417703784 134.3737673914546 156.13178428125386 120.6164120007461 149.43968809289214 143.27773754929837 179.72046298975368 163.46572670011005 140.3601194788665 147.57579538100424 151.32404490542342 125.46425912717311 138.5265532147915 126.47769615128962 153.74775193104978 0.0 140.57497494909552 128.1412599483293 154.04027311553756 144.2098026655218 187.7098801993396 164.61616401155788 164.61616401155788 144.2098026655218 162.88440326846066 148.38343850224976 148.38343850224976 162.88440326846066 133.74654703502486 151.13784883350195 128.59426077812455 140.575707156807 141.18479136968807 160.828454228782 131.63152836022743 163.46572670011005 146.88318867685862 156.35842461525957 122.09432132227226 126.33576986669198 142.94329147337157 136.7388985622389 162.5257396292393 148.38343850224976 156.13178428125386 162.5257396292393 154.7921065545976 154.7921065545976 141.15055596650387 135.8516163320199 190.40135863539194 141.40480052179623 162.88440326846066 154.9940874967887 162.88440326846066 154.90974319419786 145.3150417703784 129.81707076702997 153.74775193104978 129.70328831156866 116.64275132628123 125.20387563696725 129.3664729171629 126.33576986669198 171.7276249220632 154.90974319419786 154.90974319419786 149.43968809289214 154.7921065545976 126.13507294029024 150.82645561352743 129.3664729171629 156.0870209263666 146.07186825930052 116.64275132628123 163.46572670011005 179.72046298975368 149.19881893458796 150.40954407687403 163.46572670011005 126.47769615128962 175.7869011638483 156.0870209263666 171.51342793876813 131.63152836022743 138.5265532147915 135.8516163320199 137.9853975728507 152.12201294283116 158.40642402156146 154.9940874967887 146.07186825930052 119.8674226457517 147.3292405548269 126.47769615128962 131.63152836022743 126.33576986669198 150.24967404497332
146.88318867685862 120.6164120007461 152.12201294283116 142.74090850515753 116.64275132628123 158.0811465396655 138.59075812827308 125.46425912717311 154.90974319419786 162.88440326846066 171.7276249220632 157.4613677341693 139.21612155616864 142.74090850515753 143.1522751042023 171.51342793876813 146.88318867685862 140.57497494909552 0.0 141.40480052179623 149.19881893458796 162.88440326846066 152.12201294283116 171.51342793876813 171.51342793876813 146.3402630854545 149.19881893458796 141.40480052179623 171.7276249220632 138.59075812827308 122.09432132227226 142.30960713899836 159.2725314886349 140.575707156807 164.61616401155788 136.7388985622389 162.88440326846066 149.94701821401677 153.91904728494805 140.3601194788665 149.43968809289214 113.67534684647228 171.51342793876813 157.69747739993318 158.41204480320403 149.94701821401677 150.24967404497332 167.48956406162395 153.74775193104978 120.06023827297201 188.70910790638476 151.32404490542342 175.90734455949212 154.04027311553756 188.70910790638476 175.7869011638483 151.66910029274914 171.7276249220632 154.9940874967887 168.46065919237444 138.5265532147915 175.90734455949212 144.2098026655218 141.40480052179623 128.1412599483293 171.7276249220632 160.57788092869956 141.62810958632386 142.55601478634318 141.15055596650387 141.62810958632386 141.18479136968807 163.46572670011005 140.575707156807 139.21612155616864 146.3402630854545 129.81707076702997 141.15055596650387 157.69747739993318 128.1412599483293 120.6164120007461 126.33576986669198 166.53455105112468 160.93851016115804 146.07186825930052 144.2098026655218 138.59075812827308 142.55601478634318 171.51342793876813 149.43968809289214 154.9940874967887 162.88440326846066 138.59075812827308 141.18479136968807 120.6164120007461 134.3737673914546 167.48956406162395 151.35685863381644 154.74354409545418 156.0870209263666
159.2725314886349 160.93851016115804 162.88440326846066 156.6488633717623 136.7388985622389 156.35842461525957 145.3150417703784 135.8516163320199 164.61616401155788 125.20387563696725 142.94329147337157 129.81707076702997 149.94701821401677 160.828454228782 154.04027311553756 131.63152836022743 140.575707156807 128.1412599483293 141.40480052179623 0.0 160.57788092869956 157.4613677341693 175.90734455949212 140.3601194788665 143.1522751042023 149.19881893458796 164.61616401155788 179.72046298975368 154.7921065545976 152.12201294283116 126.33576986669198 135.8516163320199 156.13178428125386 188.70910790638476 159.2725314886349 126.13507294029024 138.59075812827308 134.3737673914546 156.0870209263666 158.41204480320403 142.94329147337157 128.59426077812455 140.57497494909552 118.28814637462325 136.7388985622389 137.9853975728507 156.0870209263666 133.74654703502486 151.13784883350195 149.43968809289214 188.70910790638476 167.48956406162395 134.3737673914546 151.32404490542342 175.90734455949212 146.07186825930052 141.15055596650387 154.9940874967887 152.38692237790264 179.72046298975368 129.3664729171629 142.94329147337157 153.67325723142739 156.64642475600064 160.57788092869956 126.13507294029024 142.74090850515753 151.13784883350195 151.35685863381644 152.38692237790264 129.81707076702997 120.6164120007461 116.64275132628123 154.04027311553756 125.20387563696725 160.57788092869956 171.7276249220632 175.7869011638483 150.82645561352743 158.41204480320403 152.38692237790264 166.53455105112468 143.27773754929837 179.72046298975368 154.04027311553756 142.30960713899836 122.09432132227226 113.67534684647228 133.74654703502486 157.4613677341693 126.13507294029024 141.40480052179623 158.0811465396655 141.40480052179623 171.51342793876813 160.57788092869956 154.74354409545418 187.7098801993396 120.6164120007461 120.6164120007461
159.2725314886349 179.72046298975368 141.40480052179623 138.59075812827308 129.3664729171629 156.35842461525957 141.62810958632386 140.57497494909552 168.46065919237444 188.70910790638476 160.93851016115804 151.66910029274914 157.69747739993318 119.8674226457517 156.0870209263666 125.20387563696725 167.48956406162395 154.04027311553756 149.19881893458796 160.57788092869956 0.0 145.3150417703784 141.18479136968807 126.13507294029024 141.40480052179623 163.46572670011005 179.72046298975368 175.7869011638483 133.74654703502486 148.38343850224976 154.9940874967887 128.59426077812455 143.27773754929837 142.30960713899836 137.9853975728507 154.74354409545418 154.7921065545976 146.07186825930052 159.2725314886349 162.5257396292393 175.7869011638483 128.59426077812455 129.81707076702997 154.9940874967887 156.6488633717623 160.828454228782 167.48956406162395 154.9940874967887 144.2098026655218 129.3664729171629 150.24967404497332 128.59426077812455 171.51342793876813 159.2725314886349 128.1412599483293 140.57497494909552 128.1412599483293 158.40642402156146 175.90734455949212 144.2098026655218 126.13507294029024 171.7276249220632 149.43968809289214 133.74654703502486 146.88318867685862 153.74775193104978 141.15055596650387 128.59426077812455 126.47769615128962 149.94701821401677 120.06023827297201 125.46425912717311 146.07186825930052 163.46572670011005 166.53455105112468 157.4613677341693 126.47769615128962 138.59075812827308 129.3664729171629 160.57788092869956 159.2725314886349 119.8674226457517 175.90734455949212 149.19881893458796 153.91904728494805 157.4613677341693 136.7388985622389 118.28814637462325 123.51244179719384 116.64275132628123 120.6164120007461 154.74354409545418 157.4613677341693 153.67325723142739 138.5265532147915 133.74654703502486 150.24967404497332 187.7098801993396 151.66910029274914 142.94329147337157
