100
0.0 113.26727092979107 139.1380607404947 182.7067414218224 123.38032761717287 167.89215582290575 151.92220593994574 115.69379150474887 116.34966763972267 128.30612964735118 186.93356701258102 180.80479048666072 139.66192491086778 180.30087240488334 200.32660508401435 153.42121014690932 163.5219123639578 115.32775624804788 119.79297824201892 188.90708994347807 151.77892518731664 162.44891917221773 209.37692656666536 126.53241345494429 157.64614553552323 155.1258087866587 153.72444623047522 138.96238466624553 143.56662623411128 216.0575641362153 183.88562020651105 122.19235624351583 137.5790325602583 148.0919788819156 160.21637051851238 149.4278173687301 158.41478467576647 158.9068619259831 189.88020283345247 200.32660508401435 107.30588008134481 135.03209655054806 132.97562673941505 141.98584771593434 147.47175173889798 168.6171185677823 125.79020774832692 128.00178876082174 131.42439387670905 145.8673274857943 178.57619215076164 141.82793028616408 137.5790325602583 148.41416048281502 125.79020774832692 154.9410547225379 180.30087240488334 131.10182864476008 174.42378749325965 135.90496468910976 143.55671745202267 171.0652567522002 183.88562020651105 188.90708994347807 189.88020283345247 178.50849212643388 154.9410547225379 156.1961584101145 174.5635402719925 137.9517459770142 167.50564643830313 185.82939008533333 125.52203931097607 116.87340488346007 142.57557568130355 160.38333818586892 135.79727102723473 167.74517906665966 157.64614553552323 97.03255436950558 178.06080601220822 158.69488475337874 112.42690745815295 170.10064106380779 143.31648572656636 119.46398265004807 160.8137407666875 151.09780758822237 128.00178876082174 169.8320473476711 161.5142359724614 115.73700695155387 126.19468313708319 194.21175350920714 122.19235624351583 127.5215340749936 160.38333818586892 170.70456960026667 178.39206435883642 151.09418386141448
113.26727092979107 0.0 194.21175350920714 167.71549638526307 166.12075163522843 106.52623963035103 184.47594495707662 139.77626073067998 128.6684683989738 124.7869223808072 125.79020774832692 127.4481671833547 172.0723959885822 175.96446708521225 165.13707778411563 187.92995095377555 130.97152132238517 165.8634551643603 134.42322643371233 175.21121512502415 171.0652567522002 208.0423389942605 93.37029503770265 125.52203931097607 99.17677060872576 175.96446708521225 122.54652546006355 144.90016164407206 158.69488475337874 158.7835914737335 142.91128735044683 211.9601607146712 145.94086566185226 116.34966763972267 116.87340488346007 160.38333818586892 135.81603120541493 145.8673274857943 135.81603120541493 123.75776726615567 160.38333818586892 151.44669773587754 126.38267469007599 165.13707778411563 137.41124538871944 151.09780758822237 184.89988857860274 148.15303526027617 144.3727939676835 169.0656692575925 119.79297824201892 122.19235624351583 165.13707778411563 169.8320473476711 137.5790325602583 163.62645131072105 175.422880240616 151.51302712976303 181.27490478578565 134.42322643371233 122.17011583781323 126.53241345494429 156.22374621386072 147.7225192275288 144.32375988196387 156.1961584101145 150.79219874555693 131.0966924381181 150.5410878841622 144.32375988196387 151.68800505466095 137.41124538871944 153.57981981747025 174.9217950084683 158.7835914737335 143.56777722263996 109.42866194992712 179.7548929964098 154.232708499642 143.3894896224768 136.0370186476565 172.46641496169946 126.20808527657223 135.90496468910976 209.37692656666536 167.74517906665966 211.65822963093376 169.20180987306404 163.9659949650534 211.65822963093376 167.71549638526307 163.62645131072105 134.42322643371233 161.80913542776048 138.7312674863042 136.92089733146332 184.89988857860274 126.38267469007599 176.54948492503215 140.2171083072955
139.1380607404947 194.21175350920714 0.0 162.18906524189336 145.34242280151807 156.39011821727541 185.23982011206667 185.23982011206667 151.09780758822237 173.36974818786703 191.9719658339057 141.82793028616408 151.09780758822237 145.34242280151807 151.09780758822237 153.57981981747025 152.9033657760811 166.2757550784651 136.95483031656073 145.34242280151807 186.93356701258102 137.03609801234137 120.44899769106209 138.7312674863042 109.42866194992712 115.69379150474887 125.79020774832692 115.73700695155387 200.32660508401435 158.41478467576647 193.54497405459074 134.26690969525177 157.0994761172144 83.93791613925754 163.1200162697505 127.5215340749936 134.57002024953394 142.63389268503326 164.2194137454109 149.28596809167885 147.7225192275288 165.8634551643603 162.2070948821357 123.26441729704845 174.9217950084683 126.38267469007599 160.21637051851238 151.44669773587754 180.30087240488334 120.44899769106209 181.27490478578565 146.4637898333315 141.78557047345294 157.58147298139434 112.42690745815295 147.47175173889798 140.2171083072955 165.8634551643603 124.12229693690877 190.13949449418675 141.64194346004714 154.18033117477435 150.75057687813992 123.26441729704845 135.90496468910976 140.68169147285477 147.47175173889798 151.77892518731664 151.27426788152755 175.94266962139673 142.9644320917951 137.9517459770142 151.77892518731664 137.5177379924824 135.27282371297463 115.73700695155387 128.44306256173235 137.4400802292722 135.03209655054806 185.23982011206667 97.03255436950558 147.65063493203266 176.04129933557567 161.73746929925179 202.65416390883158 123.75776726615567 128.6684683989738 115.32775624804788 113.79784340415678 162.2070948821357 168.79978840399502 181.27490478578565 99.96561648631372 163.1200162697505 155.1258087866587 122.17011583781323 167.50564643830313 142.9644320917951 154.232708499642 148.15303526027617
182.7067414218224 167.71549638526307 162.18906524189336 0.0 135.27282371297463 167.05599935470272 83.93791613925754 146.7194031438839 152.26872383104515 191.9719658339057 130.97152132238517 132.48594121704238 145.94086566185226 189.049468965141 161.5142359724614 124.12229693690877 180.80479048666072 141.78557047345294 148.0919788819156 147.65063493203266 166.12075163522843 161.73746929925179 142.9432716258218 170.28528231313675 143.66563042646467 200.32660508401435 165.13707778411563 131.0966924381181 180.80479048666072 160.21637051851238 173.36974818786703 160.8137407666875 183.35209045060253 216.0575641362153 164.2194137454109 187.63759379010196 125.52203931097607 151.51302712976303 211.65822963093376 142.9432716258218 151.27426788152755 174.9217950084683 140.62278668530448 131.44757245005513 181.27490478578565 158.1252969443678 165.8634551643603 186.93356701258102 184.47594495707662 170.10064106380779 119.46398265004807 174.9217950084683 154.9410547225379 177.72152420378757 161.73746929925179 172.634112410772 176.04129933557567 148.15303526027617 174.5635402719925 113.79784340415678 150.75057687813992 134.26690969525177 166.12075163522843 160.21637051851238 154.232708499642 122.54652546006355 145.7272163429383 125.52203931097607 125.20414298529882 161.5142359724614 123.67404630471881 193.54497405459074 125.95635157072527 201.20695237178828 190.09912718753827 128.44385293093467 144.9728981284197 113.79784340415678 213.1664239289592 150.22911805298529 145.34242280151807 165.13707778411563 151.77892518731664 113.37983993309618 127.4481671833547 161.73746929925179 142.9644320917951 135.45423586212806 142.8984058812973 112.42690745815295 180.80479048666072 190.13949449418675 147.65063493203266 158.9068619259831 147.04596691082827 120.09158206129902 99.64741437732627 135.70558050712646 132.97562673941505 143.66563042646467
123.38032761717287 166.12075163522843 145.34242280151807 135.27282371297463 0.0 172.634112410772 87.07664071545298 133.32870053113237 137.5177379924824 147.47175173889798 120.09158206129902 137.4400802292722 113.37983993309618 136.869105235299 113.26727092979107 146.7194031438839 144.68747990758249 111.64872447808702 149.73772327477005 115.32775624804788 167.89215582290575 186.93356701258102 174.5635402719925 125.20414298529882 140.97030856660052 142.63389268503326 153.61819846708966 154.18033117477435 184.89988857860274 99.64741437732627 151.09418386141448 175.94266962139673 175.96446708521225 109.42866194992712 178.57619215076164 116.94245781408313 173.72219636099217 161.56975466880408 169.0656692575925 176.04129933557567 151.92220593994574 213.1664239289592 142.9644320917951 149.28596809167885 168.6171185677823 189.88020283345247 140.68169147285477 208.0423389942605 154.9410547225379 148.0919788819156 163.9659949650534 125.52203931097607 145.8673274857943 155.0359503750785 83.93791613925754 149.02035237876066 139.66192491086778 173.36974818786703 153.61819846708966 147.7225192275288 127.5215340749936 162.2070948821357 136.0370186476565 123.6674453582541 160.38333818586892 150.79219874555693 115.32775624804788 119.57077651775872 117.52036422719551 149.4278173687301 167.74517906665966 153.42121014690932 97.03255436950558 153.4489525890752 170.70456960026667 141.98584771593434 127.5215340749936 135.03209655054806 216.0575641362153 117.52036422719551 133.32870053113237 131.42439387670905 128.30612964735118 167.50564643830313 161.56975466880408 122.19235624351583 106.52623963035103 117.84853406205565 183.88562020651105 153.4489525890752 166.12075163522843 150.5410878841622 150.79219874555693 177.72152420378757 154.7609706179083 175.96446708521225 151.44669773587754 142.57557568130355 201.20695237178828 151.09418386141448
167.89215582290575 106.52623963035103 156.39011821727541 167.05599935470272 172.634112410772 0.0 127.5215340749936 146.65840006156822 125.95635157072527 119.57077651775872 179.7548929964098 157.09127508117982 133.04426159521662 141.64194346004714 147.04596691082827 158.7835914737335 200.32660508401435 143.31648572656636 139.1380607404947 162.18906524189336 169.8320473476711 168.12356812424372 180.30087240488334 131.44502723267365 173.72219636099217 143.56662623411128 160.21637051851238 157.82130012507304 211.65822963093376 175.21121512502415 152.9033657760811 157.0994761172144 151.09780758822237 157.64614553552323 117.84853406205565 143.31648572656636 139.1380607404947 115.73700695155387 144.68747990758249 99.64741437732627 161.5142359724614 157.58147298139434 157.09127508117982 153.57981981747025 175.96446708521225 133.04426159521662 158.9068619259831 174.5635402719925 137.03609801234137 142.57557568130355 125.20414298529882 155.0359503750785 128.30612964735118 168.2111629430609 139.6120409825512 169.8320473476711 135.70558050712646 143.56777722263996 189.88020283345247 154.232708499642 150.79219874555693 174.9217950084683 161.80913542776048 124.12229693690877 124.7869223808072 156.1961584101145 137.9517459770142 146.51199198566016 126.53241345494429 140.62278668530448 144.90016164407206 183.88562020651105 178.06080601220822 175.21121512502415 169.20180987306404 173.60171885668302 135.79727102723473 141.98584771593434 139.66192491086778 152.26872383104515 168.79978840399502 120.44899769106209 136.92089733146332 198.57297330384114 157.64614553552323 131.10182864476008 114.1094736813615 153.42121014690932 139.1380607404947 119.46398265004807 152.97763068449032 141.78557047345294 153.42121014690932 138.96238466624553 153.42121014690932 147.04596691082827 132.97562673941505 166.27242216933664 136.0370186476565 168.6171185677823
151.92220593994574 184.47594495707662 185.23982011206667 83.93791613925754 87.07664071545298 127.5215340749936 0.0 191.37440046658298 144.9728981284197 201.35068311816028 174.42378749325965 165.3444386374905 144.9728981284197 137.5177379924824 140.68169147285477 139.66192491086778 167.05599935470272 93.37029503770265 174.42378749325965 171.79644475802928 172.0723959885822 135.81603120541493 201.35068311816028 186.93356701258102 153.42121014690932 138.96238466624553 143.31648572656636 154.18033117477435 151.77892518731664 184.47594495707662 107.30588008134481 149.28596809167885 153.61819846708966 180.30087240488334 142.8984058812973 128.44306256173235 97.03255436950558 140.62278668530448 125.95635157072527 135.90496468910976 137.03848977239215 161.80913542776048 127.4481671833547 155.0359503750785 115.69379150474887 168.6171185677823 125.92530943265005 153.61819846708966 127.4481671833547 151.68800505466095 136.95483031656073 163.9659949650534 185.82939008533333 160.21637051851238 128.44385293093467 178.39206435883642 151.77892518731664 146.51199198566016 118.28895444933498 167.74517906665966 152.9033657760811 157.64614553552323 193.54497405459074 178.39206435883642 170.70456960026667 113.26727092979107 146.51199198566016 154.232708499642 116.34966763972267 123.6674453582541 171.0652567522002 137.41124538871944 153.4489525890752 141.98584771593434 178.06080601220822 177.72152420378757 109.42866194992712 169.8320473476711 135.70558050712646 151.27426788152755 126.19468313708319 127.5215340749936 116.94245781408313 112.42690745815295 157.09127508117982 118.28895444933498 149.28596809167885 141.82793028616408 163.9659949650534 152.97763068449032 135.90496468910976 131.42439387670905 135.27282371297463 151.27426788152755 185.82939008533333 123.75776726615567 137.4400802292722 116.34966763972267 185.82939008533333 211.9601607146712
115.69379150474887 139.77626073067998 185.23982011206667 146.7194031438839 133.32870053113237 146.65840006156822 191.37440046658298 0.0 123.67404630471881 163.1200162697505 147.65063493203266 131.44502723267365 157.64614553552323 166.04474530730988 149.02035237876066 155.1258087866587 177.2690211480952 167.89215582290575 208.26937426440665 143.56662623411128 137.5790325602583 185.82939008533333 146.7194031438839 142.91128735044683 169.0656692575925 161.56975466880408 180.30087240488334 147.47175173889798 126.19468313708319 178.57619215076164 146.7194031438839 173.60171885668302 175.21121512502415 147.7225192275288 116.90227434036794 161.56975466880408 141.48585756316726 123.38032761717287 213.1664239289592 114.1094736813615 175.96446708521225 184.47594495707662 151.44669773587754 156.22374621386072 113.26727092979107 123.38032761717287 183.88562020651105 163.5219123639578 133.32870053113237 162.18906524189336 136.92089733146332 113.37983993309618 142.9644320917951 202.65416390883158 185.82939008533333 118.28895444933498 99.96561648631372 153.42121014690932 131.42439387670905 135.27282371297463 120.09158206129902 142.57557568130355 119.46398265004807 142.91128735044683 141.82793028616408 164.2194137454109 142.9644320917951 99.96561648631372 153.57981981747025 149.4278173687301 150.5410878841622 166.27242216933664 157.64614553552323 143.31648572656636 140.2171083072955 136.869105235299 162.44891917221773 173.72219636099217 168.2111629430609 149.73772327477005 140.77117980977943 146.51199198566016 166.12075163522843 208.0423389942605 113.55882736588687 187.92995095377555 184.47594495707662 184.89988857860274 208.26937426440665 138.8878961219055 136.869105235299 213.1664239289592 174.9217950084683 152.97763068449032 168.2111629430609 157.58147298139434 201.20695237178828 135.70558050712646 173.36974818786703 151.09418386141448
116.34966763972267 128.6684683989738 151.09780758822237 152.26872383104515 137.5177379924824 125.95635157072527 144.9728981284197 123.67404630471881 0.0 183.88562020651105 140.68169147285477 122.17011583781323 144.3727939676835 208.26937426440665 140.77117980977943 134.26690969525177 146.7194031438839 144.32375988196387 154.9410547225379 178.57619215076164 169.20180987306404 83.93791613925754 151.68800505466095 142.57557568130355 175.422880240616 163.1200162697505 173.72219636099217 143.66563042646467 169.20180987306404 176.04129933557567 146.4637898333315 167.71549638526307 161.56975466880408 165.8634551643603 154.18033117477435 149.4278173687301 136.869105235299 190.09912718753827 169.0656692575925 140.62278668530448 156.22374621386072 137.4400802292722 190.09912718753827 93.37029503770265 137.03848977239215 131.0966924381181 157.82130012507304 136.95483031656073 83.93791613925754 208.0423389942605 149.28596809167885 161.5142359724614 211.9601607146712 209.73941825711387 144.32375988196387 160.38333818586892 174.5635402719925 137.03848977239215 152.26872383104515 189.88020283345247 99.96561648631372 167.50564643830313 134.57002024953394 171.79644475802928 107.83932223593374 115.69379150474887 174.42378749325965 133.33456377073497 211.9601607146712 208.26937426440665 163.62645131072105 138.96238466624553 140.62278668530448 178.2599222076411 135.81603120541493 107.83932223593374 209.73941825711387 143.3894896224768 133.04426159521662 119.79297824201892 187.92995095377555 155.1258087866587 149.4278173687301 161.80913542776048 151.51302712976303 119.46398265004807 135.54817367212493 147.65063493203266 143.3894896224768 185.23982011206667 172.46641496169946 179.7548929964098 142.63389268503326 178.39206435883642 184.89988857860274 145.81319585466917 147.04596691082827 113.37983993309618 99.17677060872576 116.94245781408313
128.30612964735118 124.7869223808072 173.36974818786703 191.9719658339057 147.47175173889798 119.57077651775872 201.35068311816028 163.1200162697505 183.88562020651105 0.0 209.73941825711387 193.54497405459074 125.20414298529882 150.5410878841622 140.62278668530448 150.75057687813992 174.5635402719925 154.18033117477435 100.52755189840059 131.44502723267365 167.89215582290575 143.56662623411128 166.12075163522843 158.69488475337874 145.34242280151807 144.68747990758249 126.38267469007599 144.9728981284197 119.57077651775872 147.7225192275288 127.55066321400062 171.79644475802928 209.37692656666536 137.9517459770142 144.68747990758249 136.869105235299 160.38333818586892 125.95635157072527 156.1961584101145 119.46398265004807 174.5635402719925 184.3023636796971 162.44891917221773 147.7225192275288 180.80479048666072 145.34242280151807 140.77117980977943 173.60171885668302 137.5790325602583 151.09418386141448 150.22911805298529 128.44385293093467 156.70114818914055 117.52036422719551 142.63389268503326 179.7548929964098 200.32660508401435 147.65063493203266 139.6120409825512 176.04129933557567 137.4400802292722 139.77626073067998 142.9644320917951 143.66563042646467 128.44306256173235 173.72219636099217 143.55671745202267 142.57557568130355 148.41416048281502 171.30595940730947 149.73772327477005 173.60171885668302 158.7835914737335 140.2171083072955 170.10064106380779 161.80913542776048 154.7609706179083 149.02035237876066 138.8878961219055 168.6171185677823 180.80479048666072 126.19468313708319 122.17011583781323 201.20695237178828 125.95635157072527 145.94086566185226 141.64194346004714 166.2757550784651 149.4278173687301 144.9728981284197 193.27084938411357 191.37440046658298 165.13707778411563 170.70456960026667 137.9517459770142 184.3023636796971 161.5142359724614 200.32660508401435 149.73772327477005 97.03255436950558
186.93356701258102 125.79020774832692 191.9719658339057 130.97152132238517 120.09158206129902 179.7548929964098 174.42378749325965 147.65063493203266 140.68169147285477 209.73941825711387 0.0 123.6674453582541 143.55671745202267 125.92530943265005 150.5410878841622 152.9033657760811 161.56975466880408 167.71549638526307 176.54948492503215 143.55671745202267 158.41478467576647 124.7869223808072 118.22784121768456 132.97562673941505 151.09418386141448 180.30087240488334 131.0966924381181 169.0656692575925 198.57297330384114 123.26441729704845 141.48585756316726 155.1258087866587 122.54652546006355 125.79020774832692 126.19468313708319 97.03255436950558 154.232708499642 198.57297330384114 123.03973054845126 151.09780758822237 189.88020283345247 128.44385293093467 166.27242216933664 125.95635157072527 135.79727102723473 123.6674453582541 169.0656692575925 99.17677060872576 135.90496468910976 175.21121512502415 178.2599222076411 146.4637898333315 158.1252969443678 163.5219123639578 139.66192491086778 156.72518180615234 116.90227434036794 117.52036422719551 125.92530943265005 163.1200162697505 126.19468313708319 99.17677060872576 167.05599935470272 140.77117980977943 173.36974818786703 176.54948492503215 162.18906524189336 169.0656692575925 161.80913542776048 135.70558050712646 87.07664071545298 142.8984058812973 149.73772327477005 143.55671745202267 127.55066321400062 130.97152132238517 148.0919788819156 115.32775624804788 150.5410878841622 147.04596691082827 168.2111629430609 162.2070948821357 115.73700695155387 157.82130012507304 156.1961584101145 188.90708994347807 154.7609706179083 97.03255436950558 158.9068619259831 120.44899769106209 131.0966924381181 194.21175350920714 128.00178876082174 134.42322643371233 150.75057687813992 167.05599935470272 151.27426788152755 154.9410547225379 128.44306256173235 173.36974818786703
180.80479048666072 127.4481671833547 141.82793028616408 132.48594121704238 137.4400802292722 157.09127508117982 165.3444386374905 131.44502723267365 122.17011583781323 193.54497405459074 123.6674453582541 0.0 139.66192491086778 114.1094736813615 188.90708994347807 123.6674453582541 141.48585756316726 134.57002024953394 158.7835914737335 178.06080601220822 119.79297824201892 165.13707778411563 137.03848977239215 144.90016164407206 137.41124538871944 151.51302712976303 209.73941825711387 186.93356701258102 146.4637898333315 141.48585756316726 124.7869223808072 167.74517906665966 169.20180987306404 201.35068311816028 135.54817367212493 184.47594495707662 135.54817367212493 123.38032761717287 153.61819846708966 126.53241345494429 162.44891917221773 145.94086566185226 144.3727939676835 118.28895444933498 140.68169147285477 141.98584771593434 165.8634551643603 123.26441729704845 122.17011583781323 208.0423389942605 146.4637898333315 182.7067414218224 137.5177379924824 166.12075163522843 169.0656692575925 146.65840006156822 135.70558050712646 167.05599935470272 162.44891917221773 135.03209655054806 154.18033117477435 175.94266962139673 194.21175350920714 142.91128735044683 151.09418386141448 163.62645131072105 188.90708994347807 123.03973054845126 148.0919788819156 162.18906524189336 134.26690969525177 158.9068619259831 152.97763068449032 158.96423430083743 201.35068311816028 150.79219874555693 150.5410878841622 125.92530943265005 141.48585756316726 113.79784340415678 135.45423586212806 109.42866194992712 113.26727092979107 166.27242216933664 135.27282371297463 167.05599935470272 113.79784340415678 180.80479048666072 153.42121014690932 216.0575641362153 156.39011821727541 168.12356812424372 155.1258087866587 151.92220593994574 141.48585756316726 99.17677060872576 172.46641496169946 137.03848977239215 180.30087240488334 130.97152132238517
139.66192491086778 172.0723959885822 151.09780758822237 145.94086566185226 113.37983993309618 133.04426159521662 144.9728981284197 157.64614553552323 144.3727939676835 125.20414298529882 143.55671745202267 139.66192491086778 0.0 169.0656692575925 160.8137407666875 149.02035237876066 167.50564643830313 122.54652546006355 166.04474530730988 137.5177379924824 148.15303526027617 162.2070948821357 148.0919788819156 145.8673274857943 174.21674832606115 143.55671745202267 161.5142359724614 169.8320473476711 123.67404630471881 151.27426788152755 122.54652546006355 120.09158206129902 153.61819846708966 130.97152132238517 128.44385293093467 139.6120409825512 144.3727939676835 135.79727102723473 119.46398265004807 116.57640505029198 178.50849212643388 138.7312674863042 135.27282371297463 183.88562020651105 181.27490478578565 166.12075163522843 138.8878961219055 99.17677060872576 168.12356812424372 150.22911805298529 142.8984058812973 150.75057687813992 187.63759379010196 143.56662623411128 166.12075163522843 172.634112410772 116.87340488346007 183.35209045060253 181.27490478578565 119.46398265004807 124.12229693690877 136.869105235299 187.77520129204845 175.96446708521225 107.30588008134481 148.15303526027617 123.75776726615567 209.37692656666536 164.2194137454109 152.26872383104515 99.64741437732627 189.88020283345247 168.12356812424372 141.78557047345294 177.72152420378757 144.32375988196387 141.48585756316726 163.9659949650534 160.38333818586892 126.19468313708319 178.50849212643388 190.13949449418675 131.10182864476008 177.2690211480952 122.72951734988152 144.68747990758249 145.81319585466917 107.30588008134481 165.13707778411563 151.09780758822237 216.0575641362153 190.09912718753827 138.96238466624553 149.02035237876066 116.57640505029198 201.20695237178828 99.17677060872576 140.2171083072955 126.20808527657223 176.04129933557567
180.30087240488334 175.96446708521225 145.34242280151807 189.049468965141 136.869105235299 141.64194346004714 137.5177379924824 166.04474530730988 208.26937426440665 150.5410878841622 125.92530943265005 114.1094736813615 169.0656692575925 0.0 127.55066321400062 182.7067414218224 168.2111629430609 172.46641496169946 158.41478467576647 140.2171083072955 143.3894896224768 147.47175173889798 193.54497405459074 173.60171885668302 180.80479048666072 145.34242280151807 126.20808527657223 122.72951734988152 134.26690969525177 182.7067414218224 143.66563042646467 193.27084938411357 165.3444386374905 154.7609706179083 125.95635157072527 176.54948492503215 128.44306256173235 126.19468313708319 123.26441729704845 119.79297824201892 193.27084938411357 128.44385293093467 136.92089733146332 93.37029503770265 169.8320473476711 140.97030856660052 156.22374621386072 179.7548929964098 161.73746929925179 120.09158206129902 151.09418386141448 135.27282371297463 201.20695237178828 208.0423389942605 160.38333818586892 146.65840006156822 198.57297330384114 171.79644475802928 125.95635157072527 149.28596809167885 135.79727102723473 123.6674453582541 163.62645131072105 201.35068311816028 128.6684683989738 128.44385293093467 136.0370186476565 131.10182864476008 136.869105235299 131.44757245005513 100.52755189840059 145.34242280151807 141.48585756316726 174.21674832606115 160.38333818586892 137.5177379924824 157.82130012507304 156.39011821727541 178.2599222076411 153.57981981747025 139.1380607404947 153.4489525890752 141.82793028616408 166.04474530730988 161.80913542776048 154.18033117477435 126.38267469007599 115.73700695155387 135.90496468910976 157.39690613579668 158.1252969443678 152.9033657760811 118.28895444933498 120.44899769106209 142.91128735044683 118.22784121768456 128.00178876082174 145.8673274857943 178.39206435883642 145.7272163429383
200.32660508401435 165.13707778411563 151.09780758822237 161.5142359724614 113.26727092979107 147.04596691082827 140.68169147285477 149.02035237876066 140.77117980977943 140.62278668530448 150.5410878841622 188.90708994347807 160.8137407666875 127.55066321400062 0.0 171.30595940730947 177.2690211480952 135.03209655054806 141.64194346004714 123.38032761717287 118.22784121768456 123.03973054845126 169.8320473476711 153.42121014690932 135.90496468910976 114.1094736813615 115.73700695155387 178.50849212643388 186.63314848402416 145.8673274857943 137.5790325602583 122.17011583781323 170.10064106380779 99.17677060872576 150.79219874555693 180.80479048666072 157.39690613579668 177.2690211480952 138.7312674863042 170.10064106380779 128.6684683989738 137.4400802292722 115.69379150474887 125.92530943265005 200.32660508401435 156.70114818914055 175.422880240616 161.5142359724614 152.9033657760811 99.96561648631372 138.8878961219055 117.84853406205565 123.67404630471881 183.88562020651105 148.41416048281502 153.42121014690932 141.48585756316726 181.27490478578565 163.5219123639578 131.42439387670905 170.70456960026667 198.57297330384114 176.04129933557567 171.0652567522002 162.44891917221773 126.53241345494429 107.83932223593374 146.65840006156822 173.36974818786703 180.80479048666072 147.47175173889798 123.03973054845126 136.95483031656073 122.19235624351583 157.09127508117982 178.06080601220822 141.48585756316726 97.03255436950558 133.33456377073497 151.77892518731664 216.0575641362153 153.42121014690932 142.9644320917951 151.92220593994574 136.95483031656073 123.38032761717287 166.27242216933664 148.0919788819156 126.38267469007599 213.1664239289592 100.52755189840059 169.0656692575925 130.97152132238517 157.64614553552323 154.7609706179083 157.82130012507304 167.05599935470272 122.17011583781323 174.21674832606115 168.6171185677823
153.42121014690932 187.92995095377555 153.57981981747025 124.12229693690877 146.7194031438839 158.7835914737335 139.66192491086778 155.1258087866587 134.26690969525177 150.75057687813992 152.9033657760811 123.6674453582541 149.02035237876066 182.7067414218224 171.30595940730947 0.0 156.39011821727541 166.2757550784651 168.2111629430609 122.17011583781323 174.9217950084683 140.77117980977943 154.7609706179083 116.94245781408313 135.54817367212493 147.47175173889798 154.7609706179083 177.72152420378757 187.92995095377555 153.57981981747025 148.0919788819156 119.89298925088542 118.28895444933498 160.38333818586892 151.09418386141448 154.7609706179083 137.9517459770142 172.46641496169946 186.93356701258102 187.63759379010196 193.54497405459074 130.97152132238517 170.10064106380779 161.56975466880408 180.80479048666072 171.30595940730947 149.4278173687301 162.44891917221773 173.72219636099217 113.26727092979107 113.37983993309618 178.57619215076164 191.37440046658298 125.79020774832692 125.20414298529882 140.77117980977943 142.9644320917951 116.87340488346007 146.4637898333315 140.62278668530448 145.7272163429383 115.32775624804788 134.26690969525177 116.87340488346007 167.05599935470272 116.34966763972267 167.50564643830313 131.42439387670905 178.06080601220822 180.30087240488334 201.35068311816028 165.8634551643603 183.35209045060253 131.0966924381181 139.66192491086778 169.8320473476711 140.68169147285477 150.5410878841622 127.55066321400062 163.1200162697505 152.26872383104515 133.04426159521662 181.27490478578565 158.7835914737335 146.51199198566016 99.64741437732627 169.8320473476711 128.44385293093467 175.422880240616 136.92089733146332 137.4400802292722 149.4278173687301 136.869105235299 143.31648572656636 119.57077651775872 137.03609801234137 158.69488475337874 137.5177379924824 131.10182864476008 139.66192491086778
163.5219123639578 130.97152132238517 152.9033657760811 180.80479048666072 144.68747990758249 200.32660508401435 167.05599935470272 177.2690211480952 146.7194031438839 174.5635402719925 161.56975466880408 141.48585756316726 167.50564643830313 168.2111629430609 177.2690211480952 156.39011821727541 0.0 119.57077651775872 162.2070948821357 164.2194137454109 126.38267469007599 151.44669773587754 133.32870053113237 178.2599222076411 160.8137407666875 175.422880240616 153.72444623047522 142.9432716258218 145.7272163429383 176.04129933557567 156.70114818914055 93.37029503770265 131.44502723267365 167.05599935470272 156.70114818914055 123.03973054845126 156.22374621386072 122.17011583781323 116.87340488346007 122.54652546006355 136.0370186476565 100.52755189840059 156.70114818914055 150.75057687813992 146.65840006156822 158.41478467576647 176.54948492503215 158.1252969443678 154.232708499642 143.31648572656636 178.39206435883642 136.869105235299 174.21674832606115 147.65063493203266 150.22911805298529 133.04426159521662 152.97763068449032 83.93791613925754 131.44502723267365 167.50564643830313 137.03609801234137 151.09418386141448 144.3727939676835 116.90227434036794 190.09912718753827 140.2171083072955 109.42866194992712 189.88020283345247 148.0919788819156 161.80913542776048 158.41478467576647 140.77117980977943 156.39011821727541 173.60171885668302 157.39690613579668 158.69488475337874 170.10064106380779 145.7272163429383 123.03973054845126 153.4489525890752 172.634112410772 155.1258087866587 144.9728981284197 119.79297824201892 99.64741437732627 184.89988857860274 208.26937426440665 113.79784340415678 158.9068619259831 191.9719658339057 142.9432716258218 139.77626073067998 150.79219874555693 157.09127508117982 166.12075163522843 142.91128735044683 174.5635402719925 193.27084938411357 135.79727102723473 188.90708994347807
115.32775624804788 165.8634551643603 166.2757550784651 141.78557047345294 111.64872447808702 143.31648572656636 93.37029503770265 167.89215582290575 144.32375988196387 154.18033117477435 167.71549638526307 134.57002024953394 122.54652546006355 172.46641496169946 135.03209655054806 166.2757550784651 119.57077651775872 0.0 161.73746929925179 187.63759379010196 133.32870053113237 170.70456960026667 122.72951734988152 211.9601607146712 116.87340488346007 123.75776726615567 174.5635402719925 122.17011583781323 137.5790325602583 184.3023636796971 141.48585756316726 116.94245781408313 171.0652567522002 209.73941825711387 184.47594495707662 187.77520129204845 164.2194137454109 174.42378749325965 135.79727102723473 134.57002024953394 178.39206435883642 191.9719658339057 160.8137407666875 131.42439387670905 116.94245781408313 136.95483031656073 145.8673274857943 211.65822963093376 190.13949449418675 173.60171885668302 155.1258087866587 193.54497405459074 176.54948492503215 140.2171083072955 123.03973054845126 149.73772327477005 131.44757245005513 153.57981981747025 166.2757550784651 190.13949449418675 137.03609801234137 143.31648572656636 165.13707778411563 140.68169147285477 131.44502723267365 134.42322643371233 180.30087240488334 154.232708499642 134.57002024953394 134.26690969525177 151.92220593994574 171.30595940730947 123.38032761717287 122.17011583781323 183.35209045060253 100.52755189840059 119.79297824201892 147.7225192275288 213.1664239289592 93.37029503770265 145.8673274857943 163.9659949650534 160.38333818586892 131.10182864476008 137.41124538871944 168.79978840399502 175.21121512502415 113.37983993309618 125.52203931097607 118.22784121768456 127.4481671833547 150.79219874555693 143.56662623411128 122.17011583781323 163.1200162697505 114.1094736813615 115.32775624804788 148.15303526027617 208.0423389942605 128.6684683989738
119.79297824201892 134.42322643371233 136.95483031656073 148.0919788819156 149.73772327477005 139.1380607404947 174.42378749325965 208.26937426440665 154.9410547225379 100.52755189840059 176.54948492503215 158.7835914737335 166.04474530730988 158.41478467576647 141.64194346004714 168.2111629430609 162.2070948821357 161.73746929925179 0.0 167.74517906665966 131.42439387670905 156.70114818914055 160.38333818586892 128.30612964735118 125.20414298529882 136.95483031656073 164.2194137454109 142.9644320917951 107.83932223593374 125.92530943265005 126.20808527657223 133.04426159521662 115.73700695155387 180.80479048666072 137.4400802292722 145.7272163429383 147.7225192275288 123.26441729704845 137.03848977239215 178.57619215076164 171.79644475802928 123.38032761717287 178.39206435883642 148.0919788819156 176.54948492503215 161.73746929925179 170.10064106380779 209.37692656666536 141.82793028616408 167.89215582290575 181.27490478578565 126.38267469007599 198.57297330384114 141.82793028616408 143.56777722263996 130.97152132238517 177.72152420378757 142.91128735044683 184.89988857860274 126.53241345494429 138.8878961219055 158.41478467576647 153.42121014690932 187.63759379010196 146.7194031438839 125.95635157072527 97.03255436950558 167.89215582290575 141.48585756316726 170.70456960026667 180.30087240488334 123.6674453582541 174.42378749325965 167.71549638526307 209.73941825711387 116.90227434036794 163.9659949650534 141.64194346004714 175.422880240616 140.2171083072955 177.2690211480952 172.46641496169946 119.89298925088542 154.9410547225379 134.57002024953394 127.55066321400062 152.26872383104515 184.3023636796971 128.44306256173235 136.95483031656073 115.69379150474887 208.26937426440665 153.72444623047522 126.53241345494429 178.2599222076411 166.27242216933664 141.98584771593434 115.69379150474887 191.37440046658298 182.7067414218224
188.90708994347807 175.21121512502415 145.34242280151807 147.65063493203266 115.32775624804788 162.18906524189336 171.79644475802928 143.56662623411128 178.57619215076164 131.44502723267365 143.55671745202267 178.06080601220822 137.5177379924824 140.2171083072955 123.38032761717287 122.17011583781323 164.2194137454109 187.63759379010196 167.74517906665966 0.0 173.36974818786703 146.51199198566016 172.46641496169946 136.0370186476565 142.57557568130355 162.18906524189336 133.32870053113237 148.41416048281502 181.27490478578565 172.0723959885822 100.52755189840059 156.72518180615234 128.6684683989738 137.41124538871944 183.35209045060253 161.73746929925179 128.00178876082174 149.02035237876066 141.64194346004714 135.45423586212806 135.79727102723473 145.81319585466917 180.80479048666072 131.42439387670905 158.7835914737335 107.30588008134481 119.57077651775872 161.56975466880408 119.79297824201892 167.05599935470272 120.44899769106209 167.71549638526307 138.8878961219055 113.55882736588687 140.2171083072955 107.30588008134481 131.10182864476008 145.7272163429383 209.73941825711387 171.79644475802928 148.0919788819156 168.6171185677823 139.1380607404947 154.232708499642 107.30588008134481 154.7609706179083 119.89298925088542 148.41416048281502 185.82939008533333 175.422880240616 120.44899769106209 163.62645131072105 161.5142359724614 123.38032761717287 128.44306256173235 165.3444386374905 155.0359503750785 122.72951734988152 168.12356812424372 174.9217950084683 191.9719658339057 156.39011821727541 175.422880240616 147.7225192275288 115.73700695155387 151.44669773587754 209.37692656666536 162.44891917221773 132.48594121704238 187.92995095377555 170.28528231313675 122.54652546006355 184.3023636796971 156.22374621386072 184.47594495707662 143.3894896224768 158.41478467576647 152.9033657760811 175.96446708521225 141.98584771593434
151.77892518731664 171.0652567522002 186.93356701258102 166.12075163522843 167.89215582290575 169.8320473476711 172.0723959885822 137.5790325602583 169.20180987306404 167.89215582290575 158.41478467576647 119.79297824201892 148.15303526027617 143.3894896224768 118.22784121768456 174.9217950084683 126.38267469007599 133.32870053113237 131.42439387670905 173.36974818786703 0.0 185.82939008533333 154.7609706179083 119.57077651775872 114.1094736813615 178.39206435883642 132.48594121704238 169.0656692575925 111.64872447808702 168.79978840399502 127.4481671833547 162.18906524189336 99.64741437732627 137.5177379924824 131.10182864476008 135.45423586212806 120.09158206129902 107.83932223593374 189.049468965141 149.28596809167885 139.6120409825512 141.98584771593434 148.0919788819156 190.13949449418675 118.28895444933498 116.57640505029198 172.0723959885822 145.8673274857943 209.73941825711387 135.79727102723473 151.09418386141448 209.37692656666536 151.51302712976303 141.78557047345294 184.89988857860274 122.72951734988152 109.42866194992712 152.26872383104515 189.049468965141 166.12075163522843 115.69379150474887 202.65416390883158 176.54948492503215 151.92220593994574 133.04426159521662 166.04474530730988 181.27490478578565 138.96238466624553 141.64194346004714 123.67404630471881 143.3894896224768 134.42322643371233 144.3727939676835 186.93356701258102 99.64741437732627 170.70456960026667 125.95635157072527 139.77626073067998 151.68800505466095 175.21121512502415 137.03848977239215 141.78557047345294 142.9432716258218 168.2111629430609 109.42866194992712 114.1094736813615 136.0370186476565 125.79020774832692 145.81319585466917 171.30595940730947 137.4400802292722 143.3894896224768 131.42439387670905 211.9601607146712 150.22911805298529 170.10064106380779 136.0370186476565 128.30612964735118 156.22374621386072 171.79644475802928
